1418 384 0 27274953831463
1930 384 0 27274954110102
2442 384 0 27274954388742
2954 384 0 27274954667381
3466 384 0 27274954946021
3978 384 0 27274955224660
4490 384 0 27274955503299
5002 384 0 27274955781939
5514 384 0 27274956060578
6026 384 0 27274956339218
6538 384 0 27274956617857
7050 384 0 27274956896497
7562 384 0 27274957175136
8074 384 0 27274957453776
8586 384 0 27274957732415
9098 384 0 27274958011055
9610 384 0 27274958289694
10122 384 0 27274958568333
10634 384 0 27274958846973
11146 384 0 27274959125612
11658 384 0 27274959404252
12170 384 0 27274959682891
12682 384 0 27274959961531
13194 384 0 27274960240170
13706 384 0 27274960518810
14218 384 0 27274960797449
14730 384 0 27274961076089
15242 384 0 27274961354728
15754 384 0 27274961633367
16266 384 0 27274961912007
16778 384 0 27274962190646
17290 384 0 27274962469286
17802 384 0 27274962747925
18314 384 0 27274963026565
18826 384 0 27274963305204
19338 384 0 27274963583844
19850 384 0 27274963862483
20362 384 0 27274964141123
20874 384 0 27274964419762
21386 384 0 27274964698401
21898 384 0 27274964977041
22410 384 0 27274965255680
22922 384 0 27274965525335
23434 384 0 27274965803801
23946 512 0 27274966082268
24458 512 0 27274966360734
24970 512 0 27274966639201
25482 512 0 27274966917667
25994 512 0 27274967196134
26506 512 0 27274967474600
27018 512 0 27274967753067
27530 512 0 27274968031533
28042 512 0 27274968310000
28554 512 0 27274968588466
29066 512 0 27274968866933
29578 512 0 27274969145399
30090 512 0 27274969423866
30602 512 0 27274969702332
31114 512 0 27274969980799
31626 512 0 27274970259265
32138 512 0 27274970537732
32650 512 0 27274970816198
33162 512 0 27274971094665
33674 512 0 27274971373131
34186 512 0 27274971646406
34698 512 0 27274971924774
35210 512 0 27274972203141
35722 512 0 27274972481509
36234 512 0 27274972759876
36746 512 0 27274973038244
37258 512 0 27274973316611
37770 512 0 27274973594979
38282 512 0 27274973873346
38794 512 0 27274974151714
39306 512 0 27274974430081
39818 512 0 27274974708448
40330 512 0 27274974986816
40842 512 0 27274975265183
41354 512 0 27274975543551
41866 512 0 27274975821918
42378 512 0 27274976100286
42890 512 0 27274976378653
43402 512 0 27274976657021
43914 512 0 27274976935388
44426 512 0 27274977213756
44938 512 0 27274977490230
45450 512 0 27274977768569
45962 512 0 27274978046908
46474 512 0 27274978325246
46986 512 0 27274978603585
47498 512 0 27274978881924
48010 512 0 27274979160263
48522 512 0 27274979438602
49034 512 0 27274979716941
49546 512 0 27274979995280
50058 512 0 27274980273619
50570 512 0 27274980551957
51082 512 0 27274980830296
51594 512 0 27274981108635
52106 512 0 27274981386974
52618 512 0 27274981665313
53130 512 0 27274981943652
53642 512 0 27274982221991
54154 512 0 27274982500330
54666 512 0 27274982778668
55178 512 0 27274983057007
55690 512 0 27274983335346
56202 512 0 27274983613435
56714 512 0 27274983891770
57226 512 0 27274984170105
57738 512 0 27274984448440
58250 512 0 27274984726775
58762 512 0 27274985005111
59274 512 0 27274985283446
59786 512 0 27274985561781
60298 512 0 27274985840116
60810 512 0 27274986118451
61322 512 0 27274986396786
61834 512 0 27274986675121
62346 512 0 27274986953456
62858 512 0 27274987231792
63370 512 0 27274987510127
63882 512 0 27274987788462
64394 512 0 27274988066797
64906 512 0 27274988345132
65418 512 0 27274988623467
65930 512 0 27274988901802
66442 512 0 27274989180137
66954 512 0 27274989458465
67466 512 0 27274989736800
67978 512 0 27274990015135
68490 512 0 27274990293470
69002 512 0 27274990571805
69514 512 0 27274990850140
70026 512 0 27274991128475
70538 512 0 27274991406810
71050 512 0 27274991685145
71562 512 0 27274991963480
72074 512 0 27274992241815
72586 512 0 27274992520150
73098 512 0 27274992798485
73610 512 0 27274993076820
74122 512 0 27274993355155
74634 512 0 27274993633490
75146 512 0 27274993911826
75658 512 0 27274994190161
76170 512 0 27274994468496
76682 512 0 27274994746831
77194 512 0 27274995025166
77706 512 0 27274995303501
78218 512 0 27274995580990
78730 512 0 27274995859313
79242 512 0 27274996137635
79754 512 0 27274996415957
80266 512 0 27274996694280
80778 512 0 27274996972602
81290 512 0 27274997250924
81802 512 0 27274997529246
82314 512 0 27274997807569
82826 512 0 27274998085891
83338 512 0 27274998364213
83850 512 0 27274998642536
84362 512 0 27274998920858
84874 512 0 27274999199180
85386 512 0 27274999477503
85898 512 0 27274999755825
86410 512 0 27275000034147
86922 512 0 27275000312470
87434 512 0 27275000590792
87946 512 0 27275000869114
88458 512 0 27275001147437
88970 512 0 27275001426104
89482 512 0 27275001704429
89994 512 0 27275001982755
90506 512 0 27275002261080
91018 512 0 27275002539405
91530 512 0 27275002817731
92042 512 0 27275003096056
92554 512 0 27275003374382
93066 512 0 27275003652707
93578 512 0 27275003931033
94090 512 0 27275004209358
94602 512 0 27275004487684
95114 512 0 27275004766009
95626 512 0 27275005044335
96138 512 0 27275005322660
96650 512 0 27275005600986
97162 512 0 27275005879311
97674 512 0 27275006157637
98186 512 0 27275006435962
98698 512 0 27275006714288
99210 512 0 27275006992613
99722 512 0 27275007270939
100234 512 0 27275007548759
100746 512 0 27275007827080
101258 512 0 27275008105400
101770 512 0 27275008383721
102282 512 0 27275008662042
102794 512 0 27275008940363
103306 512 0 27275009218684
103818 512 0 27275009497005
104330 512 0 27275009775326
104842 512 0 27275010053647
105354 512 0 27275010331967
105866 512 0 27275010610288
106378 512 0 27275010888609
106890 512 0 27275011166930
107402 512 0 27275011445251
107914 512 0 27275011723572
108426 512 0 27275012001893
108938 512 0 27275012280213
109450 512 0 27275012558534
109962 512 0 27275012836855
110474 512 0 27275013115176
110986 512 0 27275013393497
111498 512 0 27275013672205
112010 512 0 27275013950530
112522 512 0 27275014228854
113034 512 0 27275014507179
113546 512 0 27275014785503
114058 512 0 27275015063827
114570 512 0 27275015342152
115082 512 0 27275015620476
115594 512 0 27275015898800
116106 512 0 27275016177125
116618 512 0 27275016455449
117130 512 0 27275016733774
117642 512 0 27275017012098
118154 512 0 27275017290422
118666 512 0 27275017568747
119178 512 0 27275017847071
119690 512 0 27275018125396
120202 512 0 27275018403720
120714 512 0 27275018682044
121226 512 0 27275018960369
121738 512 0 27275019238693
122250 512 0 27275019516613
122762 512 0 27275019794934
123274 512 0 27275020073255
123786 512 0 27275020351576
124298 512 0 27275020629896
124810 512 0 27275020908217
125322 512 0 27275021186538
125834 512 0 27275021464858
126346 512 0 27275021743179
126858 512 0 27275022021500
127370 512 0 27275022299821
127882 512 0 27275022578141
128394 512 0 27275022856462
128906 512 0 27275023134783
129418 512 0 27275023413103
129930 512 0 27275023691424
130442 512 0 27275023969745
130954 512 0 27275024248065
131466 512 0 27275024526386
131978 512 0 27275024804707
132490 512 0 27275025083028
133002 512 0 27275025361667
133514 512 0 27275025639991
134026 512 0 27275025918314
134538 512 0 27275026196638
135050 512 0 27275026474961
135562 512 0 27275026753285
136074 512 0 27275027031609
136586 512 0 27275027309932
137098 512 0 27275027588256
137610 512 0 27275027866580
138122 512 0 27275028144903
138634 512 0 27275028423227
139146 512 0 27275028701550
139658 512 0 27275028979874
140170 512 0 27275029258198
140682 512 0 27275029536521
141194 512 0 27275029814845
141706 512 0 27275030093169
142218 512 0 27275030371492
142730 512 0 27275030649816
143242 512 0 27275030928139
143754 512 0 27275031206463
144266 512 0 27275031484404
144778 512 0 27275031762724
145290 512 0 27275032041044
145802 512 0 27275032319364
146314 512 0 27275032597684
146826 512 0 27275032876004
147338 512 0 27275033154325
147850 512 0 27275033432645
148362 512 0 27275033710965
148874 512 0 27275033989285
149386 512 0 27275034267605
149898 512 0 27275034545925
150410 512 0 27275034824245
150922 512 0 27275035102566
151434 512 0 27275035380886
151946 512 0 27275035659206
152458 512 0 27275035937526
152970 512 0 27275036215846
153482 512 0 27275036494166
153994 512 0 27275036772486
154506 512 0 27275037050806
155018 512 0 27275037329127
155530 512 0 27275037607866
156042 512 0 27275037886190
156554 512 0 27275038164513
157066 512 0 27275038442837
157578 512 0 27275038721161
158090 512 0 27275038999485
158602 512 0 27275039277809
159114 512 0 27275039556133
159626 512 0 27275039834457
160138 512 0 27275040112781
160650 512 0 27275040391105
161162 512 0 27275040669429
161674 512 0 27275040947753
162186 512 0 27275041226077
162698 512 0 27275041504401
163210 512 0 27275041782725
163722 512 0 27275042061049
164234 512 0 27275042339373
164746 512 0 27275042617697
165258 512 0 27275042896020
165770 512 0 27275043174344
166282 512 0 27275043452278
166794 512 0 27275043730599
167306 512 0 27275044008919
167818 512 0 27275044287240
168330 512 0 27275044565560
168842 512 0 27275044843880
169354 512 0 27275045122201
169866 512 0 27275045400521
170378 512 0 27275045678841
170890 512 0 27275045957162
171402 512 0 27275046235482
171914 512 0 27275046513803
172426 512 0 27275046792123
172938 512 0 27275047070443
173450 512 0 27275047348764
173962 512 0 27275047627084
174474 512 0 27275047905404
174986 512 0 27275048183725
175498 512 0 27275048462045
176010 512 0 27275048740366
176522 512 0 27275049018686
177034 512 0 27275049297006
177546 512 0 27275049575614
178058 512 0 27275049853936
178570 512 0 27275050132257
179082 512 0 27275050410579
179594 512 0 27275050688900
180106 512 0 27275050967222
180618 512 0 27275051245543
181130 512 0 27275051523865
181642 512 0 27275051802187
182154 512 0 27275052080508
182666 512 0 27275052358830
183178 512 0 27275052637151
183690 512 0 27275052915473
184202 512 0 27275053193795
184714 512 0 27275053472116
185226 512 0 27275053750438
185738 512 0 27275054028759
186250 512 0 27275054307081
186762 512 0 27275054585402
187274 512 0 27275054863724
187786 512 0 27275055142046
188298 512 0 27275055420685
188810 512 0 27275055699008
189322 512 0 27275055977331
189834 512 0 27275056255654
190346 512 0 27275056533977
190858 512 0 27275056812300
191370 512 0 27275057090623
191882 512 0 27275057368945
192394 512 0 27275057647268
192906 512 0 27275057925591
193418 512 0 27275058203914
193930 512 0 27275058482237
194442 512 0 27275058760560
194954 512 0 27275059038883
195466 512 0 27275059317206
195978 512 0 27275059595529
196490 512 0 27275059873852
197002 512 0 27275060152175
197514 512 0 27275060430497
198026 512 0 27275060708820
198538 512 0 27275060987143
199050 512 0 27275061265150
199562 512 0 27275061543472
200074 512 0 27275061821793
200586 512 0 27275062100115
201098 512 0 27275062378437
201610 512 0 27275062656758
202122 512 0 27275062935080
202634 512 0 27275063213401
203146 512 0 27275063491723
203658 512 0 27275063770045
204170 512 0 27275064048366
204682 512 0 27275064326688
205194 512 0 27275064605009
205706 512 0 27275064883331
206218 512 0 27275065161652
206730 512 0 27275065439974
207242 512 0 27275065718296
207754 512 0 27275065996617
208266 512 0 27275066274939
208778 512 0 27275066553260
209290 512 0 27275066831582
209802 512 0 27275067109904
210314 512 0 27275067388225
210826 512 0 27275067666806
211338 512 0 27275067945128
211850 512 0 27275068223451
212362 512 0 27275068501774
212874 512 0 27275068780096
213386 512 0 27275069058419
213898 512 0 27275069336742
214410 512 0 27275069615064
214922 512 0 27275069893387
215434 512 0 27275070171710
215946 512 0 27275070450032
216458 512 0 27275070728355
216970 512 0 27275071006678
217482 512 0 27275071285000
217994 512 0 27275071563323
218506 512 0 27275071841646
219018 512 0 27275072119968
219530 512 0 27275072398291
220042 512 0 27275072676614
220554 512 0 27275072954936
221066 512 0 27275073233259
221578 512 0 27275073511270
222090 512 0 27275073789592
222602 512 0 27275074067913
223114 512 0 27275074346234
223626 512 0 27275074624556
224138 512 0 27275074902877
224650 512 0 27275075181199
225162 512 0 27275075459520
225674 512 0 27275075737841
226186 512 0 27275076016163
226698 512 0 27275076294484
227210 512 0 27275076572805
227722 512 0 27275076851127
228234 512 0 27275077129448
228746 512 0 27275077407769
229258 512 0 27275077686091
229770 512 0 27275077964412
230282 512 0 27275078242733
230794 512 0 27275078521055
231306 512 0 27275078799376
231818 512 0 27275079077698
232330 512 0 27275079356343
232842 512 0 27275079634666
233354 512 0 27275079912988
233866 512 0 27275080191311
234378 512 0 27275080469634
234890 512 0 27275080747957
235402 512 0 27275081026279
235914 512 0 27275081304602
236426 512 0 27275081582925
236938 512 0 27275081861247
237450 512 0 27275082139570
237962 512 0 27275082417893
238474 512 0 27275082696216
238986 512 0 27275082974538
239498 512 0 27275083252861
240010 512 0 27275083531184
240522 512 0 27275083809506
241034 512 0 27275084087829
241546 512 0 27275084366152
242058 512 0 27275084644475
242570 512 0 27275084922797
243082 512 0 27275085201120
243594 512 0 27275085479130
244106 512 0 27275085757452
244618 512 0 27275086035773
245130 512 0 27275086314095
245642 512 0 27275086592416
246154 512 0 27275086870737
246666 512 0 27275087149059
247178 512 0 27275087427380
247690 512 0 27275087705702
248202 512 0 27275087984023
248714 512 0 27275088262344
249226 512 0 27275088540666
249738 512 0 27275088818987
250250 512 0 27275089097309
250762 512 0 27275089375630
251274 512 0 27275089653951
251786 512 0 27275089932273
252298 512 0 27275090210594
252810 512 0 27275090488916
253322 512 0 27275090767237
253834 512 0 27275091045559
254346 512 0 27275091324168
254858 512 0 27275091602491
255370 512 0 27275091880814
255882 512 0 27275092159136
256394 512 0 27275092437459
256906 512 0 27275092715781
257418 512 0 27275092994104
257930 512 0 27275093272427
258442 512 0 27275093550749
258954 512 0 27275093829072
259466 512 0 27275094107395
259978 512 0 27275094385717
260490 512 0 27275094664040
261002 512 0 27275094942362
261514 512 0 27275095220685
262026 512 0 27275095499008
262538 512 0 27275095777330
263050 512 0 27275096055653
263562 512 0 27275096333975
264074 512 0 27275096612298
264586 512 0 27275096890621
265098 512 0 27275097168943
265610 512 0 27275097446957
266122 512 0 27275097725278
266634 512 0 27275098003600
267146 512 0 27275098281921
267658 512 0 27275098560242
268170 512 0 27275098838564
268682 512 0 27275099116885
269194 512 0 27275099395206
269706 512 0 27275099673528
270218 512 0 27275099951849
270730 512 0 27275100230170
271242 512 0 27275100508492
271754 512 0 27275100786813
272266 512 0 27275101065134
272778 512 0 27275101343456
273290 512 0 27275101621777
273802 512 0 27275101900098
274314 512 0 27275102178420
274826 512 0 27275102456741
275338 512 0 27275102735062
275850 512 0 27275103013384
276362 512 0 27275103291705
276874 512 0 27275103570351
277386 512 0 27275103848674
277898 512 0 27275104126996
278410 512 0 27275104405319
278922 512 0 27275104683642
279434 512 0 27275104961965
279946 512 0 27275105240287
280458 512 0 27275105518610
280970 512 0 27275105796933
281482 512 0 27275106075255
281994 512 0 27275106353578
282506 512 0 27275106631901
283018 512 0 27275106910223
283530 512 0 27275107188546
284042 512 0 27275107466869
284554 512 0 27275107745191
285066 512 0 27275108023514
285578 512 0 27275108301837
286090 512 0 27275108580159
286602 512 0 27275108858482
287114 512 0 27275109136805
287626 512 0 27275109415360
288138 512 0 27275109693684
288650 512 0 27275109972008
289162 512 0 27275110250331
289674 512 0 27275110528655
290186 512 0 27275110806979
290698 512 0 27275111085302
291210 512 0 27275111363626
291722 512 0 27275111641950
292234 512 0 27275111920273
292746 512 0 27275112198597
293258 512 0 27275112476921
293770 512 0 27275112755244
294282 512 0 27275113033568
294794 512 0 27275113311892
295306 512 0 27275113590215
295818 512 0 27275113868539
296330 512 0 27275114146863
296842 512 0 27275114425186
297354 512 0 27275114703510
297866 512 0 27275114981834
298378 512 0 27275115259823
298890 512 0 27275115538146
299402 512 0 27275115816468
299914 512 0 27275116094790
300426 512 0 27275116373112
300938 512 0 27275116651435
301450 512 0 27275116929757
301962 512 0 27275117208079
302474 512 0 27275117486401
302986 512 0 27275117764724
303498 512 0 27275118043046
304010 512 0 27275118321368
304522 512 0 27275118599690
305034 512 0 27275118878013
305546 512 0 27275119156335
306058 512 0 27275119434657
306570 512 0 27275119712979
307082 512 0 27275119991302
307594 512 0 27275120269624
308106 512 0 27275120547946
308618 512 0 27275120826268
309130 512 0 27275121104591
309642 512 0 27275121383216
310154 512 0 27275121661539
310666 512 0 27275121939863
311178 512 0 27275122218186
311690 512 0 27275122496510
312202 512 0 27275122774834
312714 512 0 27275123053157
313226 512 0 27275123331481
313738 512 0 27275123609804
314250 512 0 27275123888128
314762 512 0 27275124166451
315274 512 0 27275124444775
315786 512 0 27275124723098
316298 512 0 27275125001422
316810 512 0 27275125279745
317322 512 0 27275125558069
317834 512 0 27275125836392
318346 512 0 27275126114716
318858 512 0 27275126393039
319370 512 0 27275126671363
319882 512 0 27275126949686
320394 512 0 27275127228010
320906 512 0 27275127506002
321418 512 0 27275127784325
321930 512 0 27275128062647
322442 512 0 27275128340969
322954 512 0 27275128619291
323466 512 0 27275128897613
323978 512 0 27275129175935
324490 512 0 27275129454257
325002 512 0 27275129732580
325514 512 0 27275130010902
326026 512 0 27275130289224
326538 512 0 27275130567546
327050 512 0 27275130845868
327562 512 0 27275131124190
328074 512 0 27275131402512
328586 512 0 27275131680835
329098 512 0 27275131959157
329610 512 0 27275132237479
330122 512 0 27275132515801
330634 512 0 27275132794123
331146 512 0 27275133072445
331658 512 0 27275133351012
332170 512 0 27275133629335
332682 512 0 27275133907658
333194 512 0 27275134185982
333706 512 0 27275134464305
334218 512 0 27275134742628
334730 512 0 27275135020951
335242 512 0 27275135299274
335754 512 0 27275135577597
336266 512 0 27275135855921
336778 512 0 27275136134244
337290 512 0 27275136412567
337802 512 0 27275136690890
338314 512 0 27275136969213
338826 512 0 27275137247536
339338 512 0 27275137525860
339850 512 0 27275137804183
340362 512 0 27275138082506
340874 512 0 27275138360829
341386 512 0 27275138639152
341898 512 0 27275138917475
342410 512 0 27275139195799
342922 512 0 27275139473798
343434 512 0 27275139752120
343946 512 0 27275140030442
344458 512 0 27275140308764
344970 512 0 27275140587086
345482 512 0 27275140865407
345994 512 0 27275141143729
346506 512 0 27275141422051
347018 512 0 27275141700373
347530 512 0 27275141978695
348042 512 0 27275142257016
348554 512 0 27275142535338
349066 512 0 27275142813660
349578 512 0 27275143091982
350090 512 0 27275143370304
350602 512 0 27275143648626
351114 512 0 27275143926947
351626 512 0 27275144205269
352138 512 0 27275144483591
352650 512 0 27275144761913
353162 512 0 27275145040235
353674 512 0 27275145318874
354186 512 0 27275145597197
354698 512 0 27275145875520
355210 512 0 27275146153844
355722 512 0 27275146432167
356234 512 0 27275146710490
356746 512 0 27275146988813
357258 512 0 27275147267136
357770 512 0 27275147545459
358282 512 0 27275147823783
358794 512 0 27275148102106
359306 512 0 27275148380429
359818 512 0 27275148658752
360330 512 0 27275148937075
360842 512 0 27275149215398
361354 512 0 27275149493721
361866 512 0 27275149772045
362378 512 0 27275150050368
362890 512 0 27275150328691
363402 512 0 27275150607014
363914 512 0 27275150885337
364426 512 0 27275151163660
364938 512 0 27275151441662
365450 512 0 27275151719983
365962 512 0 27275151998305
366474 512 0 27275152276627
366986 512 0 27275152554949
367498 512 0 27275152833271
368010 512 0 27275153111592
368522 512 0 27275153389914
369034 512 0 27275153668236
369546 512 0 27275153946558
370058 512 0 27275154224880
370570 512 0 27275154503201
371082 512 0 27275154781523
371594 512 0 27275155059845
372106 512 0 27275155338167
372618 512 0 27275155616489
373130 512 0 27275155894810
373642 512 0 27275156173132
374154 512 0 27275156451454
374666 512 0 27275156729776
375178 512 0 27275157008098
375690 512 0 27275157286672
376202 512 0 27275157564995
376714 512 0 27275157843318
377226 512 0 27275158121641
377738 512 0 27275158399964
378250 512 0 27275158678286
378762 512 0 27275158956609
379274 512 0 27275159234932
379786 512 0 27275159513255
380298 512 0 27275159791578
380810 512 0 27275160069901
381322 512 0 27275160348224
381834 512 0 27275160626546
382346 512 0 27275160904869
382858 512 0 27275161183192
383370 512 0 27275161461515
383882 512 0 27275161739838
384394 512 0 27275162018161
384906 512 0 27275162296484
385418 512 0 27275162574807
385930 512 0 27275162853129
386442 512 0 27275163131452
386954 512 0 27275163410064
387466 512 0 27275163688388
387978 512 0 27275163966712
388490 512 0 27275164245036
389002 512 0 27275164523360
389514 512 0 27275164801684
390026 512 0 27275165080008
390538 512 0 27275165358332
391050 512 0 27275165636657
391562 512 0 27275165914981
392074 512 0 27275166193305
392586 512 0 27275166471629
393098 512 0 27275166749953
393610 512 0 27275167028277
394122 512 0 27275167306601
394634 512 0 27275167584925
395146 512 0 27275167863249
395658 512 0 27275168141573
396170 512 0 27275168419897
396682 512 0 27275168698221
397194 512 0 27275168976545
397706 512 0 27275169254525
398218 512 0 27275169532848
398730 512 0 27275169811171
399242 512 0 27275170089493
399754 512 0 27275170367816
400266 512 0 27275170646138
400778 512 0 27275170924461
401290 512 0 27275171202784
401802 512 0 27275171481106
402314 512 0 27275171759429
402826 512 0 27275172037752
403338 512 0 27275172316074
403850 512 0 27275172594397
404362 512 0 27275172872720
404874 512 0 27275173151042
405386 512 0 27275173429365
405898 512 0 27275173707687
406410 512 0 27275173986010
406922 512 0 27275174264333
407434 512 0 27275174542655
407946 512 0 27275174820978
408458 512 0 27275175099301
408970 512 0 27275175377858
409482 512 0 27275175656181
409994 512 0 27275175934505
410506 512 0 27275176212828
411018 512 0 27275176491152
411530 512 0 27275176769476
412042 512 0 27275177047799
412554 512 0 27275177326123
413066 512 0 27275177604446
413578 512 0 27275177882770
414090 512 0 27275178161094
414602 512 0 27275178439417
415114 512 0 27275178717741
415626 512 0 27275178996065
416138 512 0 27275179274388
416650 512 0 27275179552712
417162 512 0 27275179831035
417674 512 0 27275180109359
418186 512 0 27275180387683
418698 512 0 27275180666006
419210 512 0 27275180944330
419722 512 0 27275181222653
420234 512 0 27275181500643
420746 512 0 27275181778965
421258 512 0 27275182057287
421770 512 0 27275182335609
422282 512 0 27275182613931
422794 512 0 27275182892254
423306 512 0 27275183170576
423818 512 0 27275183448898
424330 512 0 27275183727220
424842 512 0 27275184005543
425354 512 0 27275184283865
425866 512 0 27275184562187
426378 512 0 27275184840509
426890 512 0 27275185118831
427402 512 0 27275185397154
427914 512 0 27275185675476
428426 512 0 27275185953798
428938 512 0 27275186232120
429450 512 0 27275186510442
429962 512 0 27275186788765
430474 512 0 27275187067087
430986 512 0 27275187345713
431498 512 0 27275187624037
432010 512 0 27275187902360
432522 512 0 27275188180684
433034 512 0 27275188459007
433546 512 0 27275188737331
434058 512 0 27275189015654
434570 512 0 27275189293978
435082 512 0 27275189572301
435594 512 0 27275189850625
436106 512 0 27275190128948
436618 512 0 27275190407272
437130 512 0 27275190685595
437642 512 0 27275190963919
438154 512 0 27275191242242
438666 512 0 27275191520566
439178 512 0 27275191798889
439690 512 0 27275192077213
440202 512 0 27275192355536
440714 512 0 27275192633860
441226 512 0 27275192912183
441738 512 0 27275193190178
442250 512 0 27275193468500
442762 512 0 27275193746822
443274 512 0 27275194025144
443786 512 0 27275194303466
444298 512 0 27275194581788
444810 512 0 27275194860110
445322 512 0 27275195138432
445834 512 0 27275195416754
446346 512 0 27275195695077
446858 512 0 27275195973399
447370 512 0 27275196251721
447882 512 0 27275196530043
448394 512 0 27275196808365
448906 512 0 27275197086687
449418 512 0 27275197365009
449930 512 0 27275197643331
450442 512 0 27275197921653
450954 512 0 27275198199976
451466 512 0 27275198478298
451978 512 0 27275198756620
452490 512 0 27275199034942
453002 512 0 27275199313532
453514 512 0 27275199591855
454026 512 0 27275199870178
454538 512 0 27275200148502
455050 512 0 27275200426825
455562 512 0 27275200705148
456074 512 0 27275200983471
456586 512 0 27275201261794
457098 512 0 27275201540118
457610 512 0 27275201818441
458122 512 0 27275202096764
458634 512 0 27275202375087
459146 512 0 27275202653411
459658 512 0 27275202931734
460170 512 0 27275203210057
460682 512 0 27275203488380
461194 512 0 27275203766703
461706 512 0 27275204045027
462218 512 0 27275204323350
462730 512 0 27275204601673
463242 512 0 27275204879996
463754 512 0 27275205158320
464266 512 0 27275205436318
464778 512 0 27275205714640
465290 512 0 27275205992962
465802 512 0 27275206271283
466314 512 0 27275206549605
466826 512 0 27275206827927
467338 512 0 27275207106249
467850 512 0 27275207384571
468362 512 0 27275207662893
468874 512 0 27275207941215
469386 512 0 27275208219536
469898 512 0 27275208497858
470410 512 0 27275208776180
470922 512 0 27275209054502
471434 512 0 27275209332824
471946 512 0 27275209611146
472458 512 0 27275209889468
472970 512 0 27275210167790
473482 512 0 27275210446111
473994 512 0 27275210724433
474506 512 0 27275211002755
475018 512 0 27275211281389
475530 512 0 27275211559712
476042 512 0 27275211838036
476554 512 0 27275212116359
477066 512 0 27275212394682
477578 512 0 27275212673005
478090 512 0 27275212951328
478602 512 0 27275213229651
479114 512 0 27275213507975
479626 512 0 27275213786298
480138 512 0 27275214064621
480650 512 0 27275214342944
481162 512 0 27275214621267
481674 512 0 27275214899591
482186 512 0 27275215177914
482698 512 0 27275215456237
483210 512 0 27275215734560
483722 512 0 27275216012883
484234 512 0 27275216291206
484746 512 0 27275216569530
485258 512 0 27275216847853
485770 512 0 27275217126176
486282 512 0 27275217404721
486794 512 0 27275217683045
487306 512 0 27275217961369
487818 512 0 27275218239693
488330 512 0 27275218518017
488842 512 0 27275218796341
489354 512 0 27275219074665
489866 512 0 27275219352989
490378 512 0 27275219631314
490890 512 0 27275219909638
491402 512 0 27275220187962
491914 512 0 27275220466286
492426 512 0 27275220744610
492938 512 0 27275221022934
493450 512 0 27275221301258
493962 512 0 27275221579582
494474 512 0 27275221857906
494986 512 0 27275222136230
495498 512 0 27275222414555
496010 512 0 27275222692879
496522 512 0 27275222971203
497034 512 0 27275223249183
497546 512 0 27275223527506
498058 512 0 27275223805828
498570 512 0 27275224084151
499082 512 0 27275224362473
499594 512 0 27275224640796
500106 512 0 27275224919119
500618 512 0 27275225197441
501130 512 0 27275225475764
501642 512 0 27275225754087
502154 512 0 27275226032409
502666 512 0 27275226310732
503178 512 0 27275226589055
503690 512 0 27275226867377
504202 512 0 27275227145700
504714 512 0 27275227424023
505226 512 0 27275227702345
505738 512 0 27275227980668
506250 512 0 27275228258991
506762 512 0 27275228537313
507274 512 0 27275228815636
507786 512 0 27275229094251
508298 512 0 27275229372575
508810 512 0 27275229650899
509322 512 0 27275229929223
509834 512 0 27275230207547
510346 512 0 27275230485871
510858 512 0 27275230764195
511370 512 0 27275231042519
511882 512 0 27275231320842
512394 512 0 27275231599166
512906 512 0 27275231877490
513418 512 0 27275232155814
513930 512 0 27275232434138
514442 512 0 27275232712462
514954 512 0 27275232990786
515466 512 0 27275233269110
515978 512 0 27275233547434
516490 512 0 27275233825757
517002 512 0 27275234104081
517514 512 0 27275234382405
518026 512 0 27275234660729
518538 512 0 27275234939053
519050 512 0 27275235217038
519562 512 0 27275235495360
520074 512 0 27275235773683
520586 512 0 27275236052005
521098 512 0 27275236330328
521610 512 0 27275236608650
522122 512 0 27275236886973
522634 512 0 27275237165295
523146 512 0 27275237443618
523658 512 0 27275237721940
524170 512 0 27275238000263
524682 512 0 27275238278585
525194 512 0 27275238556908
525706 512 0 27275238835230
526218 512 0 27275239113553
526730 512 0 27275239391875
527242 512 0 27275239670198
527754 512 0 27275239948520
528266 512 0 27275240226842
528778 512 0 27275240505165
529290 512 0 27275240783487
529802 512 0 27275241061810
530314 512 0 27275241340370
530826 512 0 27275241618693
531338 512 0 27275241897017
531850 512 0 27275242175340
532362 512 0 27275242453663
532874 512 0 27275242731987
533386 512 0 27275243010310
533898 512 0 27275243288634
534410 512 0 27275243566957
534922 512 0 27275243845281
535434 512 0 27275244123604
535946 512 0 27275244401928
536458 512 0 27275244680251
536970 512 0 27275244958575
537482 512 0 27275245236898
537994 512 0 27275245515222
538506 512 0 27275245793545
539018 512 0 27275246071868
539530 512 0 27275246350192
540042 512 0 27275246628515
540554 512 0 27275246906839
541066 512 0 27275247184834
541578 512 0 27275247463156
542090 512 0 27275247741478
542602 512 0 27275248019800
543114 512 0 27275248298122
543626 512 0 27275248576444
544138 512 0 27275248854766
544650 512 0 27275249133088
545162 512 0 27275249411410
545674 512 0 27275249689733
546186 512 0 27275249968055
546698 512 0 27275250246377
547210 512 0 27275250524699
547722 512 0 27275250803021
548234 512 0 27275251081343
548746 512 0 27275251359665
549258 512 0 27275251637987
549770 512 0 27275251916309
550282 512 0 27275252194631
550794 512 0 27275252472953
551306 512 0 27275252751275
551818 512 0 27275253029598
552330 512 0 27275253308233
552842 512 0 27275253586556
553354 512 0 27275253864879
553866 512 0 27275254143203
554378 512 0 27275254421526
554890 512 0 27275254699850
555402 512 0 27275254978173
555914 512 0 27275255256496
556426 512 0 27275255534820
556938 512 0 27275255813143
557450 512 0 27275256091467
557962 512 0 27275256369790
558474 512 0 27275256648113
558986 512 0 27275256926437
559498 512 0 27275257204760
560010 512 0 27275257483084
560522 512 0 27275257761407
561034 512 0 27275258039730
561546 512 0 27275258318054
562058 512 0 27275258596377
562570 512 0 27275258874700
563082 512 0 27275259152635
563594 512 0 27275259430957
564106 512 0 27275259709279
564618 512 0 27275259987600
565130 512 0 27275260265922
565642 512 0 27275260544244
566154 512 0 27275260822566
566666 512 0 27275261100887
567178 512 0 27275261379209
567690 512 0 27275261657531
568202 512 0 27275261935853
568714 512 0 27275262214174
569226 512 0 27275262492496
569738 512 0 27275262770818
570250 512 0 27275263049140
570762 512 0 27275263327461
571274 512 0 27275263605783
571786 512 0 27275263884105
572298 512 0 27275264162427
572810 512 0 27275264440749
573322 512 0 27275264719070
573834 512 0 27275264997392
574346 512 0 27275265276030
574858 512 0 27275265554353
575370 512 0 27275265832676
575882 512 0 27275266110999
576394 512 0 27275266389322
576906 512 0 27275266667645
577418 512 0 27275266945968
577930 512 0 27275267224292
578442 512 0 27275267502615
578954 512 0 27275267780938
579466 512 0 27275268059261
579978 512 0 27275268337584
580490 512 0 27275268615907
581002 512 0 27275268894230
581514 512 0 27275269172553
582026 512 0 27275269450876
582538 512 0 27275269729199
583050 512 0 27275270007522
583562 512 0 27275270285845
584074 512 0 27275270564169
584586 512 0 27275270842492
585098 512 0 27275271120495
585610 512 0 27275271398817
586122 512 0 27275271677139
586634 512 0 27275271955461
587146 512 0 27275272233782
587658 512 0 27275272512104
588170 512 0 27275272790426
588682 512 0 27275273068748
589194 512 0 27275273347069
589706 512 0 27275273625391
590218 512 0 27275273903713
590730 512 0 27275274182035
591242 512 0 27275274460356
591754 512 0 27275274738678
592266 512 0 27275275017000
592778 512 0 27275275295322
593290 512 0 27275275573643
593802 512 0 27275275851965
594314 512 0 27275276130287
594826 512 0 27275276408608
595338 512 0 27275276686930
595850 512 0 27275276965252
596362 512 0 27275277243888
596874 512 0 27275277522211
597386 512 0 27275277800534
597898 512 0 27275278078857
598410 512 0 27275278357180
598922 512 0 27275278635503
599434 512 0 27275278913826
599946 512 0 27275279192149
600458 512 0 27275279470472
600970 512 0 27275279748796
601482 512 0 27275280027119
601994 512 0 27275280305442
602506 512 0 27275280583765
603018 512 0 27275280862088
603530 512 0 27275281140411
604042 512 0 27275281418734
604554 512 0 27275281697057
605066 512 0 27275281975380
605578 512 0 27275282253703
606090 512 0 27275282532026
606602 512 0 27275282810349
607114 512 0 27275283088896
607626 512 0 27275283367220
608138 512 0 27275283645544
608650 512 0 27275283923868
609162 512 0 27275284202192
609674 512 0 27275284480516
610186 512 0 27275284758840
610698 512 0 27275285037164
611210 512 0 27275285315488
611722 512 0 27275285593812
612234 512 0 27275285872136
612746 512 0 27275286150460
613258 512 0 27275286428784
613770 512 0 27275286707108
614282 512 0 27275286985432
614794 512 0 27275287263756
615306 512 0 27275287542080
615818 512 0 27275287820404
616330 512 0 27275288098728
616842 512 0 27275288377052
617354 512 0 27275288655376
617866 512 0 27275288933700
618378 512 0 27275289211682
618890 512 0 27275289490005
619402 512 0 27275289768327
619914 512 0 27275290046650
620426 512 0 27275290324972
620938 512 0 27275290603295
621450 512 0 27275290881617
621962 512 0 27275291159940
622474 512 0 27275291438263
622986 512 0 27275291716585
623498 512 0 27275291994908
624010 512 0 27275292273230
624522 512 0 27275292551553
625034 512 0 27275292829875
625546 512 0 27275293108198
626058 512 0 27275293386521
626570 512 0 27275293664843
627082 512 0 27275293943166
627594 512 0 27275294221488
628106 512 0 27275294499811
628618 512 0 27275294778133
629130 512 0 27275295056456
629642 512 0 27275295335076
630154 512 0 27275295613400
630666 512 0 27275295891723
631178 512 0 27275296170047
631690 512 0 27275296448371
632202 512 0 27275296726695
632714 512 0 27275297005019
633226 512 0 27275297283342
633738 512 0 27275297561666
634250 512 0 27275297839990
634762 512 0 27275298118314
635274 512 0 27275298396638
635786 512 0 27275298674962
636298 512 0 27275298953285
636810 512 0 27275299231609
637322 512 0 27275299509933
637834 512 0 27275299788257
638346 512 0 27275300066581
638858 512 0 27275300344904
639370 512 0 27275300623228
639882 512 0 27275300901552
640394 512 0 27275301179478
640906 512 0 27275301457800
641418 512 0 27275301736122
641930 512 0 27275302014444
642442 512 0 27275302292766
642954 512 0 27275302571088
643466 512 0 27275302849411
643978 512 0 27275303127733
644490 512 0 27275303406055
645002 512 0 27275303684377
645514 512 0 27275303962699
646026 512 0 27275304241021
646538 512 0 27275304519343
647050 512 0 27275304797666
647562 512 0 27275305075988
648074 512 0 27275305354310
648586 512 0 27275305632632
649098 512 0 27275305910954
649610 512 0 27275306189276
650122 512 0 27275306467598
650634 512 0 27275306745921
651146 512 0 27275307024550
651658 512 0 27275307302873
652170 512 0 27275307581197
652682 512 0 27275307859520
653194 512 0 27275308137844
653706 512 0 27275308416167
654218 512 0 27275308694491
654730 512 0 27275308972814
655242 512 0 27275309251137
655754 512 0 27275309529461
656266 512 0 27275309807784
656778 512 0 27275310086108
657290 512 0 27275310364431
657802 512 0 27275310642755
658314 512 0 27275310921078
658826 512 0 27275311199401
659338 512 0 27275311477725
659850 512 0 27275311756048
660362 512 0 27275312034372
660874 512 0 27275312312695
661386 512 0 27275312591019
661898 512 0 27275312869342
662410 512 0 27275313147336
662922 512 0 27275313425658
663434 512 0 27275313703980
663946 512 0 27275313982302
664458 512 0 27275314260625
664970 512 0 27275314538947
665482 512 0 27275314817269
665994 512 0 27275315095591
666506 512 0 27275315373913
667018 512 0 27275315652235
667530 512 0 27275315930557
668042 512 0 27275316208879
668554 512 0 27275316487201
669066 512 0 27275316765523
669578 512 0 27275317043845
670090 512 0 27275317322167
670602 512 0 27275317600489
671114 512 0 27275317878811
671626 512 0 27275318157133
672138 512 0 27275318435455
672650 512 0 27275318713777
673162 512 0 27275318992099
673674 512 0 27275319270731
674186 512 0 27275319549054
674698 512 0 27275319827378
675210 512 0 27275320105701
675722 512 0 27275320384024
676234 512 0 27275320662348
676746 512 0 27275320940671
677258 512 0 27275321218994
677770 512 0 27275321497318
678282 512 0 27275321775641
678794 512 0 27275322053964
679306 512 0 27275322332288
679818 512 0 27275322610611
680330 512 0 27275322888934
680842 512 0 27275323167258
681354 512 0 27275323445581
681866 512 0 27275323723904
682378 512 0 27275324002228
682890 512 0 27275324280551
683402 512 0 27275324558875
683914 512 0 27275324837198
684426 512 0 27275325115134
684938 512 0 27275325393456
685450 512 0 27275325671778
685962 512 0 27275325950100
686474 512 0 27275326228421
686986 512 0 27275326506743
687498 512 0 27275326785065
688010 512 0 27275327063386
688522 512 0 27275327341708
689034 512 0 27275327620030
689546 512 0 27275327898352
690058 512 0 27275328176673
690570 512 0 27275328454995
691082 512 0 27275328733317
691594 512 0 27275329011639
692106 512 0 27275329289960
692618 512 0 27275329568282
693130 512 0 27275329846604
693642 512 0 27275330124925
694154 512 0 27275330403247
694666 512 0 27275330681569
695178 512 0 27275330959891
695690 512 0 27275331238530
696202 512 0 27275331516853
696714 512 0 27275331795176
697226 512 0 27275332073499
697738 512 0 27275332351822
698250 512 0 27275332630145
698762 512 0 27275332908468
699274 512 0 27275333186791
699786 512 0 27275333465114
700298 512 0 27275333743437
700810 512 0 27275334021760
701322 512 0 27275334300083
701834 512 0 27275334578406
702346 512 0 27275334856729
702858 512 0 27275335135052
703370 512 0 27275335413375
703882 512 0 27275335691698
704394 512 0 27275335970021
704906 512 0 27275336248344
705418 512 0 27275336526668
705930 512 0 27275336804991
706442 512 0 27275337082994
706954 512 0 27275337361315
707466 512 0 27275337639637
707978 512 0 27275337917959
708490 512 0 27275338196281
709002 512 0 27275338474602
709514 512 0 27275338752924
710026 512 0 27275339031246
710538 512 0 27275339309567
711050 512 0 27275339587889
711562 512 0 27275339866211
712074 512 0 27275340144533
712586 512 0 27275340422854
713098 512 0 27275340701176
713610 512 0 27275340979498
714122 512 0 27275341257819
714634 512 0 27275341536141
715146 512 0 27275341814463
715658 512 0 27275342092785
716170 512 0 27275342371106
716682 512 0 27275342649428
717194 512 0 27275342928005
717706 512 0 27275343206328
718218 512 0 27275343484651
718730 512 0 27275343762973
719242 512 0 27275344041296
719754 512 0 27275344319619
720266 512 0 27275344597942
720778 512 0 27275344876264
721290 512 0 27275345154587
721802 512 0 27275345432910
722314 512 0 27275345711233
722826 512 0 27275345989556
723338 512 0 27275346267878
723850 512 0 27275346546201
724362 512 0 27275346824524
724874 512 0 27275347102847
725386 512 0 27275347381170
725898 512 0 27275347659492
726410 512 0 27275347937815
726922 512 0 27275348216138
727434 512 0 27275348494461
727946 512 0 27275348772783
728458 512 0 27275349051106
728970 512 0 27275349329720
729482 512 0 27275349608044
729994 512 0 27275349886368
730506 512 0 27275350164692
731018 512 0 27275350443016
731530 512 0 27275350721340
732042 512 0 27275350999664
732554 512 0 27275351277988
733066 512 0 27275351556312
733578 512 0 27275351834636
734090 512 0 27275352112960
734602 512 0 27275352391284
735114 512 0 27275352669608
735626 512 0 27275352947932
736138 512 0 27275353226256
736650 512 0 27275353504580
737162 512 0 27275353782904
737674 512 0 27275354061228
738186 512 0 27275354339552
738698 512 0 27275354617876
739210 512 0 27275354896200
739722 512 0 27275355174182
740234 512 0 27275355452505
740746 512 0 27275355730827
741258 512 0 27275356009150
741770 512 0 27275356287473
742282 512 0 27275356565795
742794 512 0 27275356844118
743306 512 0 27275357122440
743818 512 0 27275357400763
744330 512 0 27275357679085
744842 512 0 27275357957408
745354 512 0 27275358235731
745866 512 0 27275358514053
746378 512 0 27275358792376
746890 512 0 27275359070698
747402 512 0 27275359349021
747914 512 0 27275359627343
748426 512 0 27275359905666
748938 512 0 27275360183989
749450 512 0 27275360462311
749962 512 0 27275360740634
750474 512 0 27275361019274
750986 512 0 27275361297597
751498 512 0 27275361575921
752010 512 0 27275361854245
752522 512 0 27275362132569
753034 512 0 27275362410893
753546 512 0 27275362689217
754058 512 0 27275362967541
754570 512 0 27275363245865
755082 512 0 27275363524189
755594 512 0 27275363802513
756106 512 0 27275364080836
756618 512 0 27275364359160
757130 512 0 27275364637484
757642 512 0 27275364915808
758154 512 0 27275365194132
758666 512 0 27275365472456
759178 512 0 27275365750780
759690 512 0 27275366029104
760202 512 0 27275366307428
760714 512 0 27275366585752
761226 512 0 27275366864075
761738 512 0 27275367142000
762250 512 0 27275367420322
762762 512 0 27275367698644
763274 512 0 27275367976967
763786 512 0 27275368255289
764298 512 0 27275368533611
764810 512 0 27275368811933
765322 512 0 27275369090256
765834 512 0 27275369368578
766346 512 0 27275369646900
766858 512 0 27275369925222
767370 512 0 27275370203544
767882 512 0 27275370481867
768394 512 0 27275370760189
768906 512 0 27275371038511
769418 512 0 27275371316833
769930 512 0 27275371595156
770442 512 0 27275371873478
770954 512 0 27275372151800
771466 512 0 27275372430122
771978 512 0 27275372708445
772490 512 0 27275372986767
773002 512 0 27275373265393
773514 512 0 27275373543717
774026 512 0 27275373822040
774538 512 0 27275374100364
775050 512 0 27275374378687
775562 512 0 27275374657011
776074 512 0 27275374935334
776586 512 0 27275375213658
777098 512 0 27275375491981
777610 512 0 27275375770305
778122 512 0 27275376048628
778634 512 0 27275376326952
779146 512 0 27275376605275
779658 512 0 27275376883599
780170 512 0 27275377161922
780682 512 0 27275377440246
781194 512 0 27275377718569
781706 512 0 27275377996893
782218 512 0 27275378275216
782730 512 0 27275378553540
783242 512 0 27275378831863
783754 512 0 27275379109857
784266 512 0 27275379388179
784778 512 0 27275379666501
785290 512 0 27275379944823
785802 512 0 27275380223146
786314 512 0 27275380501468
786826 512 0 27275380779790
787338 512 0 27275381058112
787850 512 0 27275381336434
788362 512 0 27275381614756
788874 512 0 27275381893078
789386 512 0 27275382171400
789898 512 0 27275382449722
790410 512 0 27275382728045
790922 512 0 27275383006367
791434 512 0 27275383284689
791946 512 0 27275383563011
792458 512 0 27275383841333
792970 512 0 27275384119655
793482 512 0 27275384397977
793994 512 0 27275384676299
794506 512 0 27275384954622
795018 512 0 27275385233191
795530 512 0 27275385511514
796042 512 0 27275385789837
796554 512 0 27275386068160
797066 512 0 27275386346483
797578 512 0 27275386624806
798090 512 0 27275386903130
798602 512 0 27275387181453
799114 512 0 27275387459776
799626 512 0 27275387738099
800138 512 0 27275388016422
800650 512 0 27275388294745
801162 512 0 27275388573068
801674 512 0 27275388851392
802186 512 0 27275389129715
802698 512 0 27275389408038
803210 512 0 27275389686361
803722 512 0 27275389964684
804234 512 0 27275390243007
804746 512 0 27275390521331
805258 512 0 27275390799654
805770 512 0 27275391078257
806282 512 0 27275391356582
806794 512 0 27275391634906
807306 512 0 27275391913230
807818 512 0 27275392191555
808330 512 0 27275392469879
808842 512 0 27275392748203
809354 512 0 27275393026528
809866 512 0 27275393304852
810378 512 0 27275393583176
810890 512 0 27275393861501
811402 512 0 27275394139825
811914 512 0 27275394418149
812426 512 0 27275394696474
812938 512 0 27275394974798
813450 512 0 27275395253122
813962 512 0 27275395531447
814474 512 0 27275395809771
814986 512 0 27275396088095
815498 512 0 27275396366420
816010 512 0 27275396644744
816522 512 0 27275396922721
817034 512 0 27275397201043
817546 512 0 27275397479366
818058 512 0 27275397757689
818570 512 0 27275398036012
819082 512 0 27275398314335
819594 512 0 27275398592658
820106 512 0 27275398870981
820618 512 0 27275399149304
821130 512 0 27275399427626
821642 512 0 27275399705949
822154 512 0 27275399984272
822666 512 0 27275400262595
823178 512 0 27275400540918
823690 512 0 27275400819241
824202 512 0 27275401097564
824714 512 0 27275401375886
825226 512 0 27275401654209
825738 512 0 27275401932532
826250 512 0 27275402210855
826762 512 0 27275402489178
827274 512 0 27275402767501
827786 512 0 27275403046112
828298 512 0 27275403324436
828810 512 0 27275403602760
829322 512 0 27275403881084
829834 512 0 27275404159408
830346 512 0 27275404437732
830858 512 0 27275404716056
831370 512 0 27275404994381
831882 512 0 27275405272705
832394 512 0 27275405551029
832906 512 0 27275405829353
833418 512 0 27275406107677
833930 512 0 27275406386001
834442 512 0 27275406664325
834954 512 0 27275406942649
835466 512 0 27275407220973
835978 512 0 27275407499297
836490 512 0 27275407777621
837002 512 0 27275408055945
837514 512 0 27275408334269
838026 512 0 27275408612594
838538 512 0 27275408890918
839050 512 0 27275409168838
839562 512 0 27275409447160
840074 512 0 27275409725482
840586 512 0 27275410003805
841098 512 0 27275410282127
841610 512 0 27275410560450
842122 512 0 27275410838772
842634 512 0 27275411117094
843146 512 0 27275411395417
843658 512 0 27275411673739
844170 512 0 27275411952061
844682 512 0 27275412230384
845194 512 0 27275412508706
845706 512 0 27275412787029
846218 512 0 27275413065351
846730 512 0 27275413343673
847242 512 0 27275413621996
847754 512 0 27275413900318
848266 512 0 27275414178641
848778 512 0 27275414456963
849290 512 0 27275414735285
849802 512 0 27275415013919
850314 512 0 27275415292242
850826 512 0 27275415570566
851338 512 0 27275415848890
851850 512 0 27275416127213
852362 512 0 27275416405537
852874 512 0 27275416683861
853386 512 0 27275416962184
853898 512 0 27275417240508
854410 512 0 27275417518832
854922 512 0 27275417797155
855434 512 0 27275418075479
855946 512 0 27275418353803
856458 512 0 27275418632127
856970 512 0 27275418910450
857482 512 0 27275419188774
857994 512 0 27275419467098
858506 512 0 27275419745421
859018 512 0 27275420023745
859530 512 0 27275420302069
860042 512 0 27275420580392
860554 512 0 27275420858716
861066 512 0 27275421136705
861578 512 0 27275421415027
862090 512 0 27275421693350
862602 512 0 27275421971672
863114 512 0 27275422249994
863626 512 0 27275422528316
864138 512 0 27275422806639
864650 512 0 27275423084961
865162 512 0 27275423363283
865674 512 0 27275423641606
866186 512 0 27275423919928
866698 512 0 27275424198250
867210 512 0 27275424476572
867722 512 0 27275424754895
868234 512 0 27275425033217
868746 512 0 27275425311539
869258 512 0 27275425589862
869770 512 0 27275425868184
870282 512 0 27275426146506
870794 512 0 27275426424828
871306 512 0 27275426703151
871818 512 0 27275426981776
872330 512 0 27275427260100
872842 512 0 27275427538423
873354 512 0 27275427816747
873866 512 0 27275428095070
874378 512 0 27275428373394
874890 512 0 27275428651717
875402 512 0 27275428930041
875914 512 0 27275429208365
876426 512 0 27275429486688
876938 512 0 27275429765012
877450 512 0 27275430043335
877962 512 0 27275430321659
878474 512 0 27275430599982
878986 512 0 27275430878306
879498 512 0 27275431156630
880010 512 0 27275431434953
880522 512 0 27275431713277
881034 512 0 27275431991600
881546 512 0 27275432269924
882058 512 0 27275432548247
882570 512 0 27275432826571
883082 512 0 27275433104502
883594 512 0 27275433382824
884106 512 0 27275433661146
884618 512 0 27275433939468
885130 512 0 27275434217790
885642 512 0 27275434496111
886154 512 0 27275434774433
886666 512 0 27275435052755
887178 512 0 27275435331077
887690 512 0 27275435609399
888202 512 0 27275435887721
888714 512 0 27275436166043
889226 512 0 27275436444365
889738 512 0 27275436722687
890250 512 0 27275437001009
890762 512 0 27275437279331
891274 512 0 27275437557653
891786 512 0 27275437835974
892298 512 0 27275438114296
892810 512 0 27275438392618
893322 512 0 27275438670940
893834 512 0 27275438949574
894346 512 0 27275439227897
894858 512 0 27275439506220
895370 512 0 27275439784544
895882 512 0 27275440062867
896394 512 0 27275440341190
896906 512 0 27275440619513
897418 512 0 27275440897837
897930 512 0 27275441176160
898442 512 0 27275441454483
898954 512 0 27275441732806
899466 512 0 27275442011129
899978 512 0 27275442289453
900490 512 0 27275442567776
901002 512 0 27275442846099
901514 512 0 27275443124422
902026 512 0 27275443402746
902538 512 0 27275443681069
903050 512 0 27275443959392
903562 512 0 27275444237715
904074 512 0 27275444516038
904586 512 0 27275444794362
905098 512 0 27275445072361
905610 512 0 27275445350683
906122 512 0 27275445629005
906634 512 0 27275445907327
907146 512 0 27275446185649
907658 512 0 27275446463971
908170 512 0 27275446742293
908682 512 0 27275447020615
909194 512 0 27275447298936
909706 512 0 27275447577258
910218 512 0 27275447855580
910730 512 0 27275448133902
911242 512 0 27275448412224
911754 512 0 27275448690546
912266 512 0 27275448968868
912778 512 0 27275449247190
913290 512 0 27275449525511
913802 512 0 27275449803833
914314 512 0 27275450082155
914826 512 0 27275450360477
915338 512 0 27275450638799
915850 512 0 27275450917373
916362 512 0 27275451195696
916874 512 0 27275451474019
917386 512 0 27275451752342
917898 512 0 27275452030664
918410 512 0 27275452308987
918922 512 0 27275452587310
919434 512 0 27275452865633
919946 512 0 27275453143956
920458 512 0 27275453422279
920970 512 0 27275453700602
921482 512 0 27275453978925
921994 512 0 27275454257248
922506 512 0 27275454535571
923018 512 0 27275454813894
923530 512 0 27275455092217
924042 512 0 27275455370540
924554 512 0 27275455648862
925066 512 0 27275455927185
925578 512 0 27275456205508
926090 512 0 27275456483831
926602 512 0 27275456762154
927114 512 0 27275457040764
927626 512 0 27275457319088
928138 512 0 27275457597413
928650 512 0 27275457875737
929162 512 0 27275458154061
929674 512 0 27275458432385
930186 512 0 27275458710709
930698 512 0 27275458989033
931210 512 0 27275459267357
931722 512 0 27275459545681
932234 512 0 27275459824006
932746 512 0 27275460102330
933258 512 0 27275460380654
933770 512 0 27275460658978
934282 512 0 27275460937302
934794 512 0 27275461215626
935306 512 0 27275461493950
935818 512 0 27275461772274
936330 512 0 27275462050599
936842 512 0 27275462328923
937354 512 0 27275462607247
937866 512 0 27275462885571
938378 512 0 27275463163551
938890 512 0 27275463441873
939402 512 0 27275463720196
939914 512 0 27275463998519
940426 512 0 27275464276841
940938 512 0 27275464555164
941450 512 0 27275464833487
941962 512 0 27275465111809
942474 512 0 27275465390132
942986 512 0 27275465668455
943498 512 0 27275465946777
944010 512 0 27275466225100
944522 512 0 27275466503423
945034 512 0 27275466781746
945546 512 0 27275467060068
946058 512 0 27275467338391
946570 512 0 27275467616714
947082 512 0 27275467895036
947594 512 0 27275468173359
948106 512 0 27275468451682
948618 512 0 27275468730004
949130 512 0 27275469008649
949642 512 0 27275469286973
950154 512 0 27275469565297
950666 512 0 27275469843621
951178 512 0 27275470121945
951690 512 0 27275470400269
952202 512 0 27275470678593
952714 512 0 27275470956917
953226 512 0 27275471235241
953738 512 0 27275471513565
954250 512 0 27275471791889
954762 512 0 27275472070213
955274 512 0 27275472348537
955786 512 0 27275472626861
956298 512 0 27275472905185
956810 512 0 27275473183509
957322 512 0 27275473461833
957834 512 0 27275473740157
958346 512 0 27275474018481
958858 512 0 27275474296805
959370 512 0 27275474575129
959882 512 0 27275474853052
960394 512 0 27275475131374
960906 512 0 27275475409696
961418 512 0 27275475688019
961930 512 0 27275475966341
962442 512 0 27275476244663
962954 512 0 27275476522986
963466 512 0 27275476801308
963978 512 0 27275477079631
964490 512 0 27275477357953
965002 512 0 27275477636275
965514 512 0 27275477914598
966026 512 0 27275478192920
966538 512 0 27275478471242
967050 512 0 27275478749565
967562 512 0 27275479027887
968074 512 0 27275479306209
968586 512 0 27275479584532
969098 512 0 27275479862854
969610 512 0 27275480141176
970122 512 0 27275480419499
970634 512 0 27275480697821
971146 512 0 27275480976444
971658 512 0 27275481254768
972170 512 0 27275481533091
972682 512 0 27275481811415
973194 512 0 27275482089739
973706 512 0 27275482368062
974218 512 0 27275482646386
974730 512 0 27275482924709
975242 512 0 27275483203033
975754 512 0 27275483481357
976266 512 0 27275483759680
976778 512 0 27275484038004
977290 512 0 27275484316328
977802 512 0 27275484594651
978314 512 0 27275484872975
978826 512 0 27275485151298
979338 512 0 27275485429622
979850 512 0 27275485707946
980362 512 0 27275485986269
980874 512 0 27275486264593
981386 512 0 27275486542916
981898 512 0 27275486821240
982410 512 0 27275487099232
982922 512 0 27275487377554
983434 512 0 27275487655876
983946 512 0 27275487934198
984458 512 0 27275488212521
984970 512 0 27275488490843
985482 512 0 27275488769165
985994 512 0 27275489047487
986506 512 0 27275489325809
987018 512 0 27275489604132
987530 512 0 27275489882454
988042 512 0 27275490160776
988554 512 0 27275490439098
989066 512 0 27275490717421
989578 512 0 27275490995743
990090 512 0 27275491274065
990602 512 0 27275491552387
991114 512 0 27275491830709
991626 512 0 27275492109032
992138 512 0 27275492387354
992650 512 0 27275492665676
993162 512 0 27275492944242
993674 512 0 27275493222565
994186 512 0 27275493500889
994698 512 0 27275493779212
995210 512 0 27275494057535
995722 512 0 27275494335858
996234 512 0 27275494614182
996746 512 0 27275494892505
997258 512 0 27275495170828
997770 512 0 27275495449151
998282 512 0 27275495727475
998794 512 0 27275496005798
999306 512 0 27275496284121
999818 512 0 27275496562444
1000330 512 0 27275496840768
1000842 512 0 27275497119091
1001354 512 0 27275497397414
1001866 512 0 27275497675737
1002378 512 0 27275497954061
1002890 512 0 27275498232384
1003402 512 0 27275498510707
1003914 512 0 27275498789030
1004426 512 0 27275499067029
1004938 512 0 27275499345351
1005450 512 0 27275499623673
1005962 512 0 27275499901995
1006474 512 0 27275500180317
1006986 512 0 27275500458639
1007498 512 0 27275500736961
1008010 512 0 27275501015283
1008522 512 0 27275501293605
1009034 512 0 27275501571926
1009546 512 0 27275501850248
1010058 512 0 27275502128570
1010570 512 0 27275502406892
1011082 512 0 27275502685214
1011594 512 0 27275502963536
1012106 512 0 27275503241858
1012618 512 0 27275503520180
1013130 512 0 27275503798502
1013642 512 0 27275504076823
1014154 512 0 27275504355145
1014666 512 0 27275504633467
1015178 512 0 27275504912102
1015690 512 0 27275505190425
1016202 512 0 27275505468748
1016714 512 0 27275505747071
1017226 512 0 27275506025395
1017738 512 0 27275506303718
1018250 512 0 27275506582041
1018762 512 0 27275506860364
1019274 512 0 27275507138687
1019786 512 0 27275507417011
1020298 512 0 27275507695334
1020810 512 0 27275507973657
1021322 512 0 27275508251980
1021834 512 0 27275508530303
1022346 512 0 27275508808627
1022858 512 0 27275509086950
1023370 512 0 27275509365273
1023882 512 0 27275509643596
1024394 512 0 27275509921919
1024906 512 0 27275510200243
1025418 512 0 27275510478566
1025930 512 0 27275510756567
1026442 512 0 27275511034889
1026954 512 0 27275511313211
1027466 512 0 27275511591533
1027978 512 0 27275511869855
1028490 512 0 27275512148177
1029002 512 0 27275512426498
1029514 512 0 27275512704820
1030026 512 0 27275512983142
1030538 512 0 27275513261464
1031050 512 0 27275513539786
1031562 512 0 27275513818108
1032074 512 0 27275514096429
1032586 512 0 27275514374751
1033098 512 0 27275514653073
1033610 512 0 27275514931395
1034122 512 0 27275515209717
1034634 512 0 27275515488039
1035146 512 0 27275515766361
1035658 512 0 27275516044682
1036170 512 0 27275516323004
1036682 512 0 27275516601326
1037194 512 0 27275516879902
1037706 512 0 27275517158225
1038218 512 0 27275517436548
1038730 512 0 27275517714870
1039242 512 0 27275517993193
1039754 512 0 27275518271516
1040266 512 0 27275518549839
1040778 512 0 27275518828162
1041290 512 0 27275519106485
1041802 512 0 27275519384808
1042314 512 0 27275519663131
1042826 512 0 27275519941454
1043338 512 0 27275520219777
1043850 512 0 27275520498100
1044362 512 0 27275520776422
1044874 512 0 27275521054745
1045386 512 0 27275521333068
1045898 512 0 27275521611391
1046410 512 0 27275521889714
1046922 512 0 27275522168037
1047434 512 0 27275522446360
1047946 512 0 27275522724683
1048458 512 0 27275523003312
1048970 512 0 27275523281637
1049482 512 0 27275523559961
1049994 512 0 27275523838285
1050506 512 0 27275524116609
1051018 512 0 27275524394933
1051530 512 0 27275524673257
1052042 512 0 27275524951582
1052554 512 0 27275525229906
1053066 512 0 27275525508230
1053578 512 0 27275525786554
1054090 512 0 27275526064878
1054602 512 0 27275526343203
1055114 512 0 27275526621527
1055626 512 0 27275526899851
1056138 512 0 27275527178175
1056650 512 0 27275527456499
1057162 512 0 27275527734824
1057674 512 0 27275528013148
1058186 512 0 27275528291472
1058698 512 0 27275528569796
1059210 512 0 27275528847774
1059722 512 0 27275529126097
1060234 512 0 27275529404420
1060746 512 0 27275529682743
1061258 512 0 27275529961065
1061770 512 0 27275530239388
1062282 512 0 27275530517711
1062794 512 0 27275530796034
1063306 512 0 27275531074356
1063818 512 0 27275531352679
1064330 512 0 27275531631002
1064842 512 0 27275531909325
1065354 512 0 27275532187647
1065866 512 0 27275532465970
1066378 512 0 27275532744293
1066890 512 0 27275533022616
1067402 512 0 27275533300938
1067914 512 0 27275533579261
1068426 512 0 27275533857584
1068938 512 0 27275534135907
1069450 512 0 27275534414229
1069962 512 0 27275534692552
1070474 512 0 27275534971108
1070986 512 0 27275535249431
1071498 512 0 27275535527755
1072010 512 0 27275535806079
1072522 512 0 27275536084402
1073034 512 0 27275536362726
1073546 512 0 27275536641050
1074058 512 0 27275536919374
1074570 512 0 27275537197697
1075082 512 0 27275537476021
1075594 512 0 27275537754345
1076106 512 0 27275538032669
1076618 512 0 27275538310992
1077130 512 0 27275538589316
1077642 512 0 27275538867640
1078154 512 0 27275539145963
1078666 512 0 27275539424287
1079178 512 0 27275539702611
1079690 512 0 27275539980935
1080202 512 0 27275540259258
1080714 512 0 27275540537582
1081226 512 0 27275540815906
1081738 512 0 27275541093895
1082250 512 0 27275541372217
1082762 512 0 27275541650539
1083274 512 0 27275541928862
1083786 512 0 27275542207184
1084298 512 0 27275542485506
1084810 512 0 27275542763829
1085322 512 0 27275543042151
1085834 512 0 27275543320473
1086346 512 0 27275543598796
1086858 512 0 27275543877118
1087370 512 0 27275544155440
1087882 512 0 27275544433762
1088394 512 0 27275544712085
1088906 512 0 27275544990407
1089418 512 0 27275545268729
1089930 512 0 27275545547052
1090442 512 0 27275545825374
1090954 512 0 27275546103696
1091466 512 0 27275546382019
1091978 512 0 27275546660341
1092490 512 0 27275546938965
1093002 512 0 27275547217289
1093514 512 0 27275547495612
1094026 512 0 27275547773936
1094538 512 0 27275548052259
1095050 512 0 27275548330583
1095562 512 0 27275548608906
1096074 512 0 27275548887230
1096586 512 0 27275549165554
1097098 512 0 27275549443877
1097610 512 0 27275549722201
1098122 512 0 27275550000524
1098634 512 0 27275550278848
1099146 512 0 27275550557172
1099658 512 0 27275550835495
1100170 512 0 27275551113819
1100682 512 0 27275551392142
1101194 512 0 27275551670466
1101706 512 0 27275551948789
1102218 512 0 27275552227113
1102730 512 0 27275552505437
1103242 512 0 27275552783430
1103754 512 0 27275553061752
1104266 512 0 27275553340075
1104778 512 0 27275553618397
1105290 512 0 27275553896719
1105802 512 0 27275554175041
1106314 512 0 27275554453363
1106826 512 0 27275554731686
1107338 512 0 27275555010008
1107850 512 0 27275555288330
1108362 512 0 27275555566652
1108874 512 0 27275555844974
1109386 512 0 27275556123297
1109898 512 0 27275556401619
1110410 512 0 27275556679941
1110922 512 0 27275556958263
1111434 512 0 27275557236585
1111946 512 0 27275557514908
1112458 512 0 27275557793230
1112970 512 0 27275558071552
1113482 512 0 27275558349874
1113994 512 0 27275558628196
1114506 512 0 27275558906763
1115018 512 0 27275559185086
1115530 512 0 27275559463410
1116042 512 0 27275559741733
1116554 512 0 27275560020056
1117066 512 0 27275560298379
1117578 512 0 27275560576702
1118090 512 0 27275560855026
1118602 512 0 27275561133349
1119114 512 0 27275561411672
1119626 512 0 27275561689995
1120138 512 0 27275561968319
1120650 512 0 27275562246642
1121162 512 0 27275562524965
1121674 512 0 27275562803288
1122186 512 0 27275563081611
1122698 512 0 27275563359935
1123210 512 0 27275563638258
1123722 512 0 27275563916581
1124234 512 0 27275564194904
1124746 512 0 27275564473228
1125258 512 0 27275564751228
1125770 512 0 27275565029550
1126282 512 0 27275565307872
1126794 512 0 27275565586194
1127306 512 0 27275565864516
1127818 512 0 27275566142838
1128330 512 0 27275566421159
1128842 512 0 27275566699481
1129354 512 0 27275566977803
1129866 512 0 27275567256125
1130378 512 0 27275567534447
1130890 512 0 27275567812769
1131402 512 0 27275568091091
1131914 512 0 27275568369413
1132426 512 0 27275568647734
1132938 512 0 27275568926056
1133450 512 0 27275569204378
1133962 512 0 27275569482700
1134474 512 0 27275569761022
1134986 512 0 27275570039344
1135498 512 0 27275570317666
1136010 512 0 27275570595988
1136522 512 0 27275570874624
1137034 512 0 27275571152947
1137546 512 0 27275571431270
1138058 512 0 27275571709593
1138570 512 0 27275571987917
1139082 512 0 27275572266240
1139594 512 0 27275572544563
1140106 512 0 27275572822886
1140618 512 0 27275573101209
1141130 512 0 27275573379533
1141642 512 0 27275573657856
1142154 512 0 27275573936179
1142666 512 0 27275574214502
1143178 512 0 27275574492825
1143690 512 0 27275574771148
1144202 512 0 27275575049472
1144714 512 0 27275575327795
1145226 512 0 27275575606118
1145738 512 0 27275575884441
1146250 512 0 27275576162764
1146762 512 0 27275576441088
1147274 512 0 27275576719411
1147786 512 0 27275576997951
1148298 512 0 27275577276275
1148810 512 0 27275577554599
1149322 512 0 27275577832923
1149834 512 0 27275578111247
1150346 512 0 27275578389571
1150858 512 0 27275578667895
1151370 512 0 27275578946220
1151882 512 0 27275579224544
1152394 512 0 27275579502868
1152906 512 0 27275579781192
1153418 512 0 27275580059516
1153930 512 0 27275580337840
1154442 512 0 27275580616164
1154954 512 0 27275580894488
1155466 512 0 27275581172812
1155978 512 0 27275581451136
1156490 512 0 27275581729460
1157002 512 0 27275582007785
1157514 512 0 27275582286109
1158026 512 0 27275582564433
1158538 512 0 27275582842413
1159050 512 0 27275583120736
1159562 512 0 27275583399058
1160074 512 0 27275583677381
1160586 512 0 27275583955704
1161098 512 0 27275584234026
1161610 512 0 27275584512349
1162122 512 0 27275584790672
1162634 512 0 27275585068994
1163146 512 0 27275585347317
1163658 512 0 27275585625640
1164170 512 0 27275585903962
1164682 512 0 27275586182285
1165194 512 0 27275586460608
1165706 512 0 27275586738930
1166218 512 0 27275587017253
1166730 512 0 27275587295575
1167242 512 0 27275587573898
1167754 512 0 27275587852221
1168266 512 0 27275588130543
1168778 512 0 27275588408866
1169290 512 0 27275588687483
1169802 512 0 27275588965807
1170314 512 0 27275589244130
1170826 512 0 27275589522454
1171338 512 0 27275589800778
1171850 512 0 27275590079102
1172362 512 0 27275590357426
1172874 512 0 27275590635750
1173386 512 0 27275590914074
1173898 512 0 27275591192398
1174410 512 0 27275591470722
1174922 512 0 27275591749045
1175434 512 0 27275592027369
1175946 512 0 27275592305693
1176458 512 0 27275592584017
1176970 512 0 27275592862341
1177482 512 0 27275593140665
1177994 512 0 27275593418989
1178506 512 0 27275593697313
1179018 512 0 27275593975636
1179530 512 0 27275594253960
1180042 512 0 27275594532284
1180554 512 0 27275594810269
1181066 512 0 27275595088592
1181578 512 0 27275595366914
1182090 512 0 27275595645237
1182602 512 0 27275595923559
1183114 512 0 27275596201882
1183626 512 0 27275596480204
1184138 512 0 27275596758527
1184650 512 0 27275597036849
1185162 512 0 27275597315172
1185674 512 0 27275597593494
1186186 512 0 27275597871816
1186698 512 0 27275598150139
1187210 512 0 27275598428461
1187722 512 0 27275598706784
1188234 512 0 27275598985106
1188746 512 0 27275599263429
1189258 512 0 27275599541751
1189770 512 0 27275599820074
1190282 512 0 27275600098396
1190794 512 0 27275600376719
1191306 512 0 27275600655041
1191818 512 0 27275600933602
1192330 512 0 27275601211926
1192842 512 0 27275601490249
1193354 512 0 27275601768572
1193866 512 0 27275602046896
1194378 512 0 27275602325219
1194890 512 0 27275602603543
1195402 512 0 27275602881866
1195914 512 0 27275603160190
1196426 512 0 27275603438513
1196938 512 0 27275603716837
1197450 512 0 27275603995160
1197962 512 0 27275604273484
1198474 512 0 27275604551807
1198986 512 0 27275604830131
1199498 512 0 27275605108454
1200010 512 0 27275605386777
1200522 512 0 27275605665101
1201034 512 0 27275605943424
1201546 512 0 27275606221748
1202058 512 0 27275606500071
1202570 512 0 27275606778067
1203082 512 0 27275607056389
1203594 512 0 27275607334711
1204106 512 0 27275607613034
1204618 512 0 27275607891356
1205130 512 0 27275608169678
1205642 512 0 27275608448000
1206154 512 0 27275608726322
1206666 512 0 27275609004644
1207178 512 0 27275609282966
1207690 512 0 27275609561288
1208202 512 0 27275609839610
1208714 512 0 27275610117932
1209226 512 0 27275610396254
1209738 512 0 27275610674577
1210250 512 0 27275610952899
1210762 512 0 27275611231221
1211274 512 0 27275611509543
1211786 512 0 27275611787865
1212298 512 0 27275612066187
1212810 512 0 27275612344509
1213322 512 0 27275612622831
1213834 512 0 27275612901462
1214346 512 0 27275613179785
1214858 512 0 27275613458108
1215370 512 0 27275613736432
1215882 512 0 27275614014755
1216394 512 0 27275614293079
1216906 512 0 27275614571402
1217418 512 0 27275614849725
1217930 512 0 27275615128049
1218442 512 0 27275615406372
1218954 512 0 27275615684696
1219466 512 0 27275615963019
1219978 512 0 27275616241342
1220490 512 0 27275616519666
1221002 512 0 27275616797989
1221514 512 0 27275617076312
1222026 512 0 27275617354636
1222538 512 0 27275617632959
1223050 512 0 27275617911283
1223562 512 0 27275618189606
1224074 512 0 27275618467929
1224586 512 0 27275618746469
1225098 512 0 27275619024793
1225610 512 0 27275619303117
1226122 512 0 27275619581442
1226634 512 0 27275619859766
1227146 512 0 27275620138090
1227658 512 0 27275620416414
1228170 512 0 27275620694739
1228682 512 0 27275620973063
1229194 512 0 27275621251387
1229706 512 0 27275621529712
1230218 512 0 27275621808036
1230730 512 0 27275622086360
1231242 512 0 27275622364684
1231754 512 0 27275622643009
1232266 512 0 27275622921333
1232778 512 0 27275623199657
1233290 512 0 27275623477982
1233802 512 0 27275623756306
1234314 512 0 27275624034630
1234826 512 0 27275624312954
1235338 512 0 27275624591279
1235850 512 0 27275624869255
1236362 512 0 27275625147578
1236874 512 0 27275625425901
1237386 512 0 27275625704224
1237898 512 0 27275625982547
1238410 512 0 27275626260869
1238922 512 0 27275626539192
1239434 512 0 27275626817515
1239946 512 0 27275627095838
1240458 512 0 27275627374161
1240970 512 0 27275627652484
1241482 512 0 27275627930806
1241994 512 0 27275628209129
1242506 512 0 27275628487452
1243018 512 0 27275628765775
1243530 512 0 27275629044098
1244042 512 0 27275629322421
1244554 512 0 27275629600743
1245066 512 0 27275629879066
1245578 512 0 27275630157389
1246090 512 0 27275630435712
1246602 512 0 27275630714035
1247114 512 0 27275630992671
1247626 512 0 27275631270995
1248138 512 0 27275631549319
1248650 512 0 27275631827643
1249162 512 0 27275632105968
1249674 512 0 27275632384292
1250186 512 0 27275632662616
1250698 512 0 27275632940940
1251210 512 0 27275633219264
1251722 512 0 27275633497588
1252234 512 0 27275633775912
1252746 512 0 27275634054237
1253258 512 0 27275634332561
1253770 512 0 27275634610885
1254282 512 0 27275634889209
1254794 512 0 27275635167533
1255306 512 0 27275635445857
1255818 512 0 27275635724181
1256330 512 0 27275636002506
1256842 512 0 27275636280830
1257354 512 0 27275636559154
1257866 512 0 27275636837134
1258378 512 0 27275637115457
1258890 512 0 27275637393779
1259402 512 0 27275637672102
1259914 512 0 27275637950425
1260426 512 0 27275638228747
1260938 512 0 27275638507070
1261450 512 0 27275638785393
1261962 512 0 27275639063715
1262474 512 0 27275639342038
1262986 512 0 27275639620361
1263498 512 0 27275639898684
1264010 512 0 27275640177006
1264522 512 0 27275640455329
1265034 512 0 27275640733652
1265546 512 0 27275641011974
1266058 512 0 27275641290297
1266570 512 0 27275641568620
1267082 512 0 27275641846942
1267594 512 0 27275642125265
1268106 512 0 27275642403588
1268618 512 0 27275642682142
1269130 512 0 27275642960465
1269642 512 0 27275643238789
1270154 512 0 27275643517113
1270666 512 0 27275643795436
1271178 512 0 27275644073760
1271690 512 0 27275644352084
1272202 512 0 27275644630407
1272714 512 0 27275644908731
1273226 512 0 27275645187055
1273738 512 0 27275645465378
1274250 512 0 27275645743702
1274762 512 0 27275646022026
1275274 512 0 27275646300349
1275786 512 0 27275646578673
1276298 512 0 27275646856997
1276810 512 0 27275647135320
1277322 512 0 27275647413644
1277834 512 0 27275647691968
1278346 512 0 27275647970291
1278858 512 0 27275648248615
1279370 512 0 27275648526939
1279882 512 0 27275648804928
1280394 512 0 27275649083251
1280906 512 0 27275649361573
1281418 512 0 27275649639895
1281930 512 0 27275649918218
1282442 512 0 27275650196540
1282954 512 0 27275650474862
1283466 512 0 27275650753184
1283978 512 0 27275651031507
1284490 512 0 27275651309829
1285002 512 0 27275651588151
1285514 512 0 27275651866473
1286026 512 0 27275652144796
1286538 512 0 27275652423118
1287050 512 0 27275652701440
1287562 512 0 27275652979762
1288074 512 0 27275653258085
1288586 512 0 27275653536407
1289098 512 0 27275653814729
1289610 512 0 27275654093052
1290122 512 0 27275654371374
1290634 512 0 27275654649696
1291146 512 0 27275654928321
1291658 512 0 27275655206644
1292170 512 0 27275655484968
1292682 512 0 27275655763291
1293194 512 0 27275656041615
1293706 512 0 27275656319938
1294218 512 0 27275656598262
1294730 512 0 27275656876585
1295242 512 0 27275657154909
1295754 512 0 27275657433232
1296266 512 0 27275657711556
1296778 512 0 27275657989879
1297290 512 0 27275658268203
1297802 512 0 27275658546527
1298314 512 0 27275658824850
1298826 512 0 27275659103174
1299338 512 0 27275659381497
1299850 512 0 27275659659821
1300362 512 0 27275659938144
1300874 512 0 27275660216468
1301386 512 0 27275660494791
1301898 512 0 27275660772724
1302410 512 0 27275661051046
1302922 512 0 27275661329368
1303434 512 0 27275661607690
1303946 512 0 27275661886012
1304458 512 0 27275662164334
1304970 512 0 27275662442656
1305482 512 0 27275662720978
1305994 512 0 27275662999300
1306506 512 0 27275663277621
1307018 512 0 27275663555943
1307530 512 0 27275663834265
1308042 512 0 27275664112587
1308554 512 0 27275664390909
1309066 512 0 27275664669231
1309578 512 0 27275664947553
1310090 512 0 27275665225875
1310602 512 0 27275665504197
1311114 512 0 27275665782519
1311626 512 0 27275666060840
1312138 512 0 27275666339162
1312650 512 0 27275666617484
1313162 512 0 27275666896117
1313674 512 0 27275667174440
1314186 512 0 27275667452764
1314698 512 0 27275667731087
1315210 512 0 27275668009410
1315722 512 0 27275668287733
1316234 512 0 27275668566056
1316746 512 0 27275668844380
1317258 512 0 27275669122703
1317770 512 0 27275669401026
1318282 512 0 27275669679349
1318794 512 0 27275669957672
1319306 512 0 27275670235996
1319818 512 0 27275670514319
1320330 512 0 27275670792642
1320842 512 0 27275671070965
1321354 512 0 27275671349288
1321866 512 0 27275671627612
1322378 512 0 27275671905935
1322890 512 0 27275672184258
1323402 512 0 27275672462581
1323914 512 0 27275672740582
1324426 512 0 27275673018904
1324938 512 0 27275673297226
1325450 512 0 27275673575547
1325962 512 0 27275673853869
1326474 512 0 27275674132191
1326986 512 0 27275674410513
1327498 512 0 27275674688835
1328010 512 0 27275674967157
1328522 512 0 27275675245479
1329034 512 0 27275675523800
1329546 512 0 27275675802122
1330058 512 0 27275676080444
1330570 512 0 27275676358766
1331082 512 0 27275676637088
1331594 512 0 27275676915410
1332106 512 0 27275677193731
1332618 512 0 27275677472053
1333130 512 0 27275677750375
1333642 512 0 27275678028697
1334154 512 0 27275678307019
1334666 512 0 27275678585653
1335178 512 0 27275678863976
1335690 512 0 27275679142299
1336202 512 0 27275679420622
1336714 512 0 27275679698945
1337226 512 0 27275679977268
1337738 512 0 27275680255592
1338250 512 0 27275680533915
1338762 512 0 27275680812238
1339274 512 0 27275681090561
1339786 512 0 27275681368884
1340298 512 0 27275681647207
1340810 512 0 27275681925531
1341322 512 0 27275682203854
1341834 512 0 27275682482177
1342346 512 0 27275682760500
1342858 512 0 27275683038823
1343370 512 0 27275683317146
1343882 512 0 27275683595469
1344394 512 0 27275683873793
1344906 512 0 27275684152116
1345418 512 0 27275684430439
1345930 512 0 27275684708988
1346442 512 0 27275684987312
1346954 512 0 27275685265636
1347466 512 0 27275685543960
1347978 512 0 27275685822284
1348490 512 0 27275686100609
1349002 512 0 27275686378933
1349514 512 0 27275686657257
1350026 512 0 27275686935581
1350538 512 0 27275687213905
1351050 512 0 27275687492229
1351562 512 0 27275687770553
1352074 512 0 27275688048877
1352586 512 0 27275688327201
1353098 512 0 27275688605526
1353610 512 0 27275688883850
1354122 512 0 27275689162174
1354634 512 0 27275689440498
1355146 512 0 27275689718822
1355658 512 0 27275689997146
1356170 512 0 27275690275470
1356682 512 0 27275690553794
1357194 512 0 27275690831774
1357706 512 0 27275691110096
1358218 512 0 27275691388419
1358730 512 0 27275691666742
1359242 512 0 27275691945064
1359754 512 0 27275692223387
1360266 512 0 27275692501710
1360778 512 0 27275692780032
1361290 512 0 27275693058355
1361802 512 0 27275693336678
1362314 512 0 27275693615000
1362826 512 0 27275693893323
1363338 512 0 27275694171646
1363850 512 0 27275694449968
1364362 512 0 27275694728291
1364874 512 0 27275695006614
1365386 512 0 27275695284936
1365898 512 0 27275695563259
1366410 512 0 27275695841582
1366922 512 0 27275696119904
1367434 512 0 27275696398227
1367946 512 0 27275696676843
1368458 512 0 27275696955167
1368970 512 0 27275697233490
1369482 512 0 27275697511814
1369994 512 0 27275697790138
1370506 512 0 27275698068462
1371018 512 0 27275698346786
1371530 512 0 27275698625110
1372042 512 0 27275698903434
1372554 512 0 27275699181758
1373066 512 0 27275699460082
1373578 512 0 27275699738405
1374090 512 0 27275700016729
1374602 512 0 27275700295053
1375114 512 0 27275700573377
1375626 512 0 27275700851701
1376138 512 0 27275701130025
1376650 512 0 27275701408349
1377162 512 0 27275701686673
1377674 512 0 27275701964997
1378186 512 0 27275702243320
1378698 512 0 27275702521644
1379210 512 0 27275702799570
1379722 512 0 27275703077892
1380234 512 0 27275703356214
1380746 512 0 27275703634537
1381258 512 0 27275703912859
1381770 512 0 27275704191181
1382282 512 0 27275704469503
1382794 512 0 27275704747826
1383306 512 0 27275705026148
1383818 512 0 27275705304470
1384330 512 0 27275705582792
1384842 512 0 27275705861114
1385354 512 0 27275706139437
1385866 512 0 27275706417759
1386378 512 0 27275706696081
1386890 512 0 27275706974403
1387402 512 0 27275707252726
1387914 512 0 27275707531048
1388426 512 0 27275707809370
1388938 512 0 27275708087692
1389450 512 0 27275708366014
1389962 512 0 27275708644337
1390474 512 0 27275708922964
1390986 512 0 27275709201287
1391498 512 0 27275709479611
1392010 512 0 27275709757934
1392522 512 0 27275710036258
1393034 512 0 27275710314581
1393546 512 0 27275710592905
1394058 512 0 27275710871228
1394570 512 0 27275711149552
1395082 512 0 27275711427875
1395594 512 0 27275711706199
1396106 512 0 27275711984522
1396618 512 0 27275712262846
1397130 512 0 27275712541169
1397642 512 0 27275712819493
1398154 512 0 27275713097816
1398666 512 0 27275713376140
1399178 512 0 27275713654463
1399690 512 0 27275713932787
1400202 512 0 27275714211110
1400714 512 0 27275714489434
1401226 512 0 27275714767428
1401738 512 0 27275715045750
1402250 512 0 27275715324072
1402762 512 0 27275715602395
1403274 512 0 27275715880717
1403786 512 0 27275716159039
1404298 512 0 27275716437361
1404810 512 0 27275716715683
1405322 512 0 27275716994005
1405834 512 0 27275717272327
1406346 512 0 27275717550649
1406858 512 0 27275717828971
1407370 512 0 27275718107294
1407882 512 0 27275718385616
1408394 512 0 27275718663938
1408906 512 0 27275718942260
1409418 512 0 27275719220582
1409930 512 0 27275719498904
1410442 512 0 27275719777226
1410954 512 0 27275720055548
1411466 512 0 27275720333871
1411978 512 0 27275720612484
1412490 512 0 27275720890806
1413002 512 0 27275721169129
1413514 512 0 27275721447452
1414026 512 0 27275721725775
1414538 512 0 27275722004098
1415050 512 0 27275722282420
1415562 512 0 27275722560743
1416074 512 0 27275722839066
1416586 512 0 27275723117389
1417098 512 0 27275723395711
1417610 512 0 27275723674034
1418122 512 0 27275723952357
1418634 512 0 27275724230680
1419146 512 0 27275724509002
1419658 512 0 27275724787325
1420170 512 0 27275725065648
1420682 512 0 27275725343971
1421194 512 0 27275725622293
1421706 512 0 27275725900616
1422218 512 0 27275726178939
1422730 512 0 27275726457262
1423242 512 0 27275726735231
1423754 512 0 27275727013553
1424266 512 0 27275727291875
1424778 512 0 27275727570197
1425290 512 0 27275727848519
1425802 512 0 27275728126840
1426314 512 0 27275728405162
1426826 512 0 27275728683484
1427338 512 0 27275728961806
1427850 512 0 27275729240128
1428362 512 0 27275729518450
1428874 512 0 27275729796772
1429386 512 0 27275730075094
1429898 512 0 27275730353416
1430410 512 0 27275730631738
1430922 512 0 27275730910060
1431434 512 0 27275731188382
1431946 512 0 27275731466704
1432458 512 0 27275731745026
1432970 512 0 27275732023348
1433482 512 0 27275732301670
1433994 512 0 27275732580286
1434506 512 0 27275732858609
1435018 512 0 27275733136932
1435530 512 0 27275733415254
1436042 512 0 27275733693577
1436554 512 0 27275733971899
1437066 512 0 27275734250222
1437578 512 0 27275734528545
1438090 512 0 27275734806867
1438602 512 0 27275735085190
1439114 512 0 27275735363513
1439626 512 0 27275735641835
1440138 512 0 27275735920158
1440650 512 0 27275736198481
1441162 512 0 27275736476803
1441674 512 0 27275736755126
1442186 512 0 27275737033448
1442698 512 0 27275737311771
1443210 512 0 27275737590094
1443722 512 0 27275737868416
1444234 512 0 27275738146739
1444746 512 0 27275738425062
1445258 512 0 27275738703083
1445770 512 0 27275738981405
1446282 512 0 27275739259727
1446794 512 0 27275739538049
1447306 512 0 27275739816371
1447818 512 0 27275740094693
1448330 512 0 27275740373015
1448842 512 0 27275740651337
1449354 512 0 27275740929659
1449866 512 0 27275741207981
1450378 512 0 27275741486303
1450890 512 0 27275741764625
1451402 512 0 27275742042947
1451914 512 0 27275742321268
1452426 512 0 27275742599590
1452938 512 0 27275742877912
1453450 512 0 27275743156234
1453962 512 0 27275743434556
1454474 512 0 27275743712878
1454986 512 0 27275743991200
1455498 512 0 27275744269522
1456010 512 0 27275744547844
1456522 512 0 27275744826462
1457034 512 0 27275745104785
1457546 512 0 27275745383108
1458058 512 0 27275745661430
1458570 512 0 27275745939753
1459082 512 0 27275746218075
1459594 512 0 27275746496398
1460106 512 0 27275746774721
1460618 512 0 27275747053043
1461130 512 0 27275747331366
1461642 512 0 27275747609689
1462154 512 0 27275747888011
1462666 512 0 27275748166334
1463178 512 0 27275748444656
1463690 512 0 27275748722979
1464202 512 0 27275749001302
1464714 512 0 27275749279624
1465226 512 0 27275749557947
1465738 512 0 27275749836269
1466250 512 0 27275750114592
1466762 512 0 27275750392915
1467274 512 0 27275750671459
1467786 512 0 27275750949782
1468298 512 0 27275751228105
1468810 512 0 27275751506429
1469322 512 0 27275751784752
1469834 512 0 27275752063075
1470346 512 0 27275752341398
1470858 512 0 27275752619721
1471370 512 0 27275752898044
1471882 512 0 27275753176367
1472394 512 0 27275753454690
1472906 512 0 27275753733013
1473418 512 0 27275754011337
1473930 512 0 27275754289660
1474442 512 0 27275754567983
1474954 512 0 27275754846306
1475466 512 0 27275755124629
1475978 512 0 27275755402952
1476490 512 0 27275755681275
1477002 512 0 27275755959598
1477514 512 0 27275756237921
1478026 512 0 27275756515939
1478538 512 0 27275756794262
1479050 512 0 27275757072584
1479562 512 0 27275757350906
1480074 512 0 27275757629229
1480586 512 0 27275757907551
1481098 512 0 27275758185874
1481610 512 0 27275758464196
1482122 512 0 27275758742519
1482634 512 0 27275759020841
1483146 512 0 27275759299163
1483658 512 0 27275759577486
1484170 512 0 27275759855808
1484682 512 0 27275760134131
1485194 512 0 27275760412453
1485706 512 0 27275760690776
1486218 512 0 27275760969098
1486730 512 0 27275761247420
1487242 512 0 27275761525743
1487754 512 0 27275761804065
1488266 512 0 27275762082388
1488778 512 0 27275762360710
1489290 512 0 27275762639317
1489802 512 0 27275762917640
1490314 512 0 27275763195963
1490826 512 0 27275763474286
1491338 512 0 27275763752609
1491850 512 0 27275764030932
1492362 512 0 27275764309255
1492874 512 0 27275764587578
1493386 512 0 27275764865901
1493898 512 0 27275765144224
1494410 512 0 27275765422547
1494922 512 0 27275765700870
1495434 512 0 27275765979193
1495946 512 0 27275766257517
1496458 512 0 27275766535840
1496970 512 0 27275766814163
1497482 512 0 27275767092486
1497994 512 0 27275767370809
1498506 512 0 27275767649132
1499018 512 0 27275767927455
1499530 512 0 27275768205778
1500042 512 0 27275768484101
1500554 512 0 27275768762062
1501066 512 0 27275769040384
1501578 512 0 27275769318707
1502090 512 0 27275769597029
1502602 512 0 27275769875351
1503114 512 0 27275770153673
1503626 512 0 27275770431996
1504138 512 0 27275770710318
1504650 512 0 27275770988640
1505162 512 0 27275771266963
1505674 512 0 27275771545285
1506186 512 0 27275771823607
1506698 512 0 27275772101929
1507210 512 0 27275772380252
1507722 512 0 27275772658574
1508234 512 0 27275772936896
1508746 512 0 27275773215218
1509258 512 0 27275773493541
1509770 512 0 27275773771863
1510282 512 0 27275774050185
1510794 512 0 27275774328507
1511306 512 0 27275774607118
1511818 512 0 27275774885440
1512330 512 0 27275775163763
1512842 512 0 27275775442086
1513354 512 0 27275775720409
1513866 512 0 27275775998732
1514378 512 0 27275776277055
1514890 512 0 27275776555378
1515402 512 0 27275776833701
1515914 512 0 27275777112024
1516426 512 0 27275777390347
1516938 512 0 27275777668669
1517450 512 0 27275777946992
1517962 512 0 27275778225315
1518474 512 0 27275778503638
1518986 512 0 27275778781961
1519498 512 0 27275779060284
1520010 512 0 27275779338607
1520522 512 0 27275779616930
1521034 512 0 27275779895253
1521546 512 0 27275780173576
1522058 512 0 27275780451898
1522570 512 0 27275780729921
1523082 512 0 27275781008243
1523594 512 0 27275781286566
1524106 512 0 27275781564888
1524618 512 0 27275781843210
1525130 512 0 27275782121532
1525642 512 0 27275782399855
1526154 512 0 27275782678177
1526666 512 0 27275782956499
1527178 512 0 27275783234821
1527690 512 0 27275783513144
1528202 512 0 27275783791466
1528714 512 0 27275784069788
1529226 512 0 27275784348110
1529738 512 0 27275784626432
1530250 512 0 27275784904755
1530762 512 0 27275785183077
1531274 512 0 27275785461399
1531786 512 0 27275785739721
1532298 512 0 27275786018044
1532810 512 0 27275786296366
1533322 512 0 27275786574976
1533834 512 0 27275786853298
1534346 512 0 27275787131621
1534858 512 0 27275787409944
1535370 512 0 27275787688267
1535882 512 0 27275787966590
1536394 512 0 27275788244913
1536906 512 0 27275788523236
1537418 512 0 27275788801559
1537930 512 0 27275789079881
1538442 512 0 27275789358204
1538954 512 0 27275789636527
1539466 512 0 27275789914850
1539978 512 0 27275790193173
1540490 512 0 27275790471496
1541002 512 0 27275790749819
1541514 512 0 27275791028142
1542026 512 0 27275791306464
1542538 512 0 27275791584787
1543050 512 0 27275791863110
1543562 512 0 27275792141433
1544074 512 0 27275792419756
1544586 512 0 27275792697735
1545098 512 0 27275792976057
1545610 512 0 27275793254379
1546122 512 0 27275793532701
1546634 512 0 27275793811023
1547146 512 0 27275794089345
1547658 512 0 27275794367668
1548170 512 0 27275794645990
1548682 512 0 27275794924312
1549194 512 0 27275795202634
1549706 512 0 27275795480956
1550218 512 0 27275795759278
1550730 512 0 27275796037600
1551242 512 0 27275796315922
1551754 512 0 27275796594245
1552266 512 0 27275796872567
1552778 512 0 27275797150889
1553290 512 0 27275797429211
1553802 512 0 27275797707533
1554314 512 0 27275797985855
1554826 512 0 27275798264177
1555338 512 0 27275798542791
1555850 512 0 27275798821113
1556362 512 0 27275799099436
1556874 512 0 27275799377759
1557386 512 0 27275799656082
1557898 512 0 27275799934404
1558410 512 0 27275800212727
1558922 512 0 27275800491050
1559434 512 0 27275800769373
1559946 512 0 27275801047695
1560458 512 0 27275801326018
1560970 512 0 27275801604341
1561482 512 0 27275801882664
1561994 512 0 27275802160986
1562506 512 0 27275802439309
1563018 512 0 27275802717632
1563530 512 0 27275802995955
1564042 512 0 27275803274277
1564554 512 0 27275803552600
1565066 512 0 27275803830923
1565578 512 0 27275804109246
1566090 512 0 27275804387568
1566602 512 0 27275804665594
1567114 512 0 27275804943916
1567626 512 0 27275805222239
1568138 512 0 27275805500561
1568650 512 0 27275805778883
1569162 512 0 27275806057205
1569674 512 0 27275806335527
1570186 512 0 27275806613849
1570698 512 0 27275806892171
1571210 512 0 27275807170493
1571722 512 0 27275807448815
1572234 512 0 27275807727137
1572746 512 0 27275808005460
1573258 512 0 27275808283782
1573770 512 0 27275808562104
1574282 512 0 27275808840426
1574794 512 0 27275809118748
1575306 512 0 27275809397070
1575818 512 0 27275809675392
1576330 512 0 27275809953714
1576842 512 0 27275810232036
1577354 512 0 27275810510593
1577866 512 0 27275810788916
1578378 512 0 27275811067238
1578890 512 0 27275811345561
1579402 512 0 27275811623883
1579914 512 0 27275811902206
1580426 512 0 27275812180529
1580938 512 0 27275812458851
1581450 512 0 27275812737174
1581962 512 0 27275813015497
1582474 512 0 27275813293819
1582986 512 0 27275813572142
1583498 512 0 27275813850464
1584010 512 0 27275814128787
1584522 512 0 27275814407110
1585034 512 0 27275814685432
1585546 512 0 27275814963755
1586058 512 0 27275815242078
1586570 512 0 27275815520400
1587082 512 0 27275815798723
1587594 512 0 27275816077045
1588106 512 0 27275816355368
1588618 512 0 27275816633972
1589130 512 0 27275816912295
1589642 512 0 27275817190618
1590154 512 0 27275817468941
1590666 512 0 27275817747265
1591178 512 0 27275818025588
1591690 512 0 27275818303911
1592202 512 0 27275818582234
1592714 512 0 27275818860558
1593226 512 0 27275819138881
1593738 512 0 27275819417204
1594250 512 0 27275819695527
1594762 512 0 27275819973851
1595274 512 0 27275820252174
1595786 512 0 27275820530497
1596298 512 0 27275820808820
1596810 512 0 27275821087144
1597322 512 0 27275821365467
1597834 512 0 27275821643790
1598346 512 0 27275821922113
1598858 512 0 27275822200436
1599370 512 0 27275822478760
1599882 512 0 27275822756775
1600394 512 0 27275823035097
1600906 512 0 27275823313420
1601418 512 0 27275823591743
1601930 512 0 27275823870065
1602442 512 0 27275824148388
1602954 512 0 27275824426710
1603466 512 0 27275824705033
1603978 512 0 27275824983355
1604490 512 0 27275825261678
1605002 512 0 27275825540000
1605514 512 0 27275825818323
1606026 512 0 27275826096646
1606538 512 0 27275826374968
1607050 512 0 27275826653291
1607562 512 0 27275826931613
1608074 512 0 27275827209936
1608586 512 0 27275827488258
1609098 512 0 27275827766581
1609610 512 0 27275828044904
1610122 512 0 27275828323226
1610634 512 0 27275828601830
1611146 512 0 27275828880153
1611658 512 0 27275829158476
1612170 512 0 27275829436799
1612682 512 0 27275829715123
1613194 512 0 27275829993446
1613706 512 0 27275830271769
1614218 512 0 27275830550092
1614730 512 0 27275830828415
1615242 512 0 27275831106739
1615754 512 0 27275831385062
1616266 512 0 27275831663385
1616778 512 0 27275831941708
1617290 512 0 27275832220031
1617802 512 0 27275832498354
1618314 512 0 27275832776678
1618826 512 0 27275833055001
1619338 512 0 27275833333324
1619850 512 0 27275833611647
1620362 512 0 27275833889970
1620874 512 0 27275834168294
1621386 512 0 27275834446254
1621898 512 0 27275834724576
1622410 512 0 27275835002899
1622922 512 0 27275835281221
1623434 512 0 27275835559543
1623946 512 0 27275835837866
1624458 512 0 27275836116188
1624970 512 0 27275836394510
1625482 512 0 27275836672833
1625994 512 0 27275836951155
1626506 512 0 27275837229478
1627018 512 0 27275837507800
1627530 512 0 27275837786122
1628042 512 0 27275838064445
1628554 512 0 27275838342767
1629066 512 0 27275838621090
1629578 512 0 27275838899412
1630090 512 0 27275839177734
1630602 512 0 27275839456057
1631114 512 0 27275839734379
1631626 512 0 27275840012701
1632138 512 0 27275840291024
1632650 512 0 27275840569632
1633162 512 0 27275840847955
1633674 512 0 27275841126278
1634186 512 0 27275841404601
1634698 512 0 27275841682924
1635210 512 0 27275841961247
1635722 512 0 27275842239570
1636234 512 0 27275842517893
1636746 512 0 27275842796216
1637258 512 0 27275843074539
1637770 512 0 27275843352862
1638282 512 0 27275843631185
1638794 512 0 27275843909508
1639306 512 0 27275844187831
1639818 512 0 27275844466154
1640330 512 0 27275844744477
1640842 512 0 27275845022800
1641354 512 0 27275845301123
1641866 512 0 27275845579446
1642378 512 0 27275845857769
1642890 512 0 27275846136092
1643402 512 0 27275846414092
1643914 512 0 27275846692414
1644426 512 0 27275846970736
1644938 512 0 27275847249058
1645450 512 0 27275847527381
1645962 512 0 27275847805703
1646474 512 0 27275848084025
1646986 512 0 27275848362348
1647498 512 0 27275848640670
1648010 512 0 27275848918992
1648522 512 0 27275849197314
1649034 512 0 27275849475637
1649546 512 0 27275849753959
1650058 512 0 27275850032281
1650570 512 0 27275850310604
1651082 512 0 27275850588926
1651594 512 0 27275850867248
1652106 512 0 27275851145571
1652618 512 0 27275851423893
1653130 512 0 27275851702215
1653642 512 0 27275851980537
1654154 512 0 27275852258860
1654666 512 0 27275852537412
1655178 512 0 27275852815735
1655690 512 0 27275853094058
1656202 512 0 27275853372381
1656714 512 0 27275853650704
1657226 512 0 27275853929026
1657738 512 0 27275854207349
1658250 512 0 27275854485672
1658762 512 0 27275854763995
1659274 512 0 27275855042318
1659786 512 0 27275855320640
1660298 512 0 27275855598963
1660810 512 0 27275855877286
1661322 512 0 27275856155609
1661834 512 0 27275856433932
1662346 512 0 27275856712254
1662858 512 0 27275856990577
1663370 512 0 27275857268900
1663882 512 0 27275857547223
1664394 512 0 27275857825546
1664906 512 0 27275858103868
1665418 512 0 27275858382191
1665930 512 0 27275858660792
1666442 512 0 27275858939116
1666954 512 0 27275859217439
1667466 512 0 27275859495762
1667978 512 0 27275859774086
1668490 512 0 27275860052409
1669002 512 0 27275860330733
1669514 512 0 27275860609056
1670026 512 0 27275860887379
1670538 512 0 27275861165703
1671050 512 0 27275861444026
1671562 512 0 27275861722350
1672074 512 0 27275862000673
1672586 512 0 27275862278997
1673098 512 0 27275862557320
1673610 512 0 27275862835643
1674122 512 0 27275863113967
1674634 512 0 27275863392290
1675146 512 0 27275863670614
1675658 512 0 27275863948937
1676170 512 0 27275864227260
1676682 512 0 27275864505273
1677194 512 0 27275864783596
1677706 512 0 27275865061919
1678218 512 0 27275865340241
1678730 512 0 27275865618564
1679242 512 0 27275865896887
1679754 512 0 27275866175210
1680266 512 0 27275866453532
1680778 512 0 27275866731855
1681290 512 0 27275867010178
1681802 512 0 27275867288501
1682314 512 0 27275867566823
1682826 512 0 27275867845146
1683338 512 0 27275868123469
1683850 512 0 27275868401792
1684362 512 0 27275868680114
1684874 512 0 27275868958437
1685386 512 0 27275869236760
1685898 512 0 27275869515082
1686410 512 0 27275869793405
1686922 512 0 27275870071728
1687434 512 0 27275870350328
1687946 512 0 27275870628651
1688458 512 0 27275870906974
1688970 512 0 27275871185298
1689482 512 0 27275871463621
1689994 512 0 27275871741944
1690506 512 0 27275872020268
1691018 512 0 27275872298591
1691530 512 0 27275872576914
1692042 512 0 27275872855238
1692554 512 0 27275873133561
1693066 512 0 27275873411884
1693578 512 0 27275873690208
1694090 512 0 27275873968531
1694602 512 0 27275874246854
1695114 512 0 27275874525178
1695626 512 0 27275874803501
1696138 512 0 27275875081824
1696650 512 0 27275875360148
1697162 512 0 27275875638471
1697674 512 0 27275875916794
1698186 512 0 27275876195118
1698698 512 0 27275876473441
1699210 512 0 27275876751398
1699722 512 0 27275877029720
1700234 512 0 27275877308043
1700746 512 0 27275877586366
1701258 512 0 27275877864688
1701770 512 0 27275878143011
1702282 512 0 27275878421333
1702794 512 0 27275878699656
1703306 512 0 27275878977978
1703818 512 0 27275879256301
1704330 512 0 27275879534623
1704842 512 0 27275879812946
1705354 512 0 27275880091268
1705866 512 0 27275880369591
1706378 512 0 27275880647913
1706890 512 0 27275880926236
1707402 512 0 27275881204559
1707914 512 0 27275881482881
1708426 512 0 27275881761204
1708938 512 0 27275882039526
1709450 512 0 27275882317849
1709962 512 0 27275882596454
1710474 512 0 27275882874777
1710986 512 0 27275883153101
1711498 512 0 27275883431424
1712010 512 0 27275883709747
1712522 512 0 27275883988070
1713034 512 0 27275884266393
1713546 512 0 27275884544716
1714058 512 0 27275884823040
1714570 512 0 27275885101363
1715082 512 0 27275885379686
1715594 512 0 27275885658009
1716106 512 0 27275885936332
1716618 512 0 27275886214655
1717130 512 0 27275886492978
1717642 512 0 27275886771302
1718154 512 0 27275887049625
1718666 512 0 27275887327948
1719178 512 0 27275887606271
1719690 512 0 27275887884594
1720202 512 0 27275888162917
1720714 512 0 27275888440936
1721226 512 0 27275888719258
1721738 512 0 27275888997581
1722250 512 0 27275889275903
1722762 512 0 27275889554226
1723274 512 0 27275889832548
1723786 512 0 27275890110871
1724298 512 0 27275890389193
1724810 512 0 27275890667516
1725322 512 0 27275890945838
1725834 512 0 27275891224161
1726346 512 0 27275891502483
1726858 512 0 27275891780806
1727370 512 0 27275892059128
1727882 512 0 27275892337451
1728394 512 0 27275892615773
1728906 512 0 27275892894096
1729418 512 0 27275893172418
1729930 512 0 27275893450741
1730442 512 0 27275893729063
1730954 512 0 27275894007386
1731466 512 0 27275894285708
1731978 512 0 27275894564258
1732490 512 0 27275894842581
1733002 512 0 27275895120904
1733514 512 0 27275895399227
1734026 512 0 27275895677550
1734538 512 0 27275895955873
1735050 512 0 27275896234196
1735562 512 0 27275896512519
1736074 512 0 27275896790842
1736586 512 0 27275897069165
1737098 512 0 27275897347488
1737610 512 0 27275897625811
1738122 512 0 27275897904134
1738634 512 0 27275898182457
1739146 512 0 27275898460780
1739658 512 0 27275898739103
1740170 512 0 27275899017426
1740682 512 0 27275899295749
1741194 512 0 27275899574072
1741706 512 0 27275899852395
1742218 512 0 27275900130718
1742730 512 0 27275900408730
1743242 512 0 27275900687053
1743754 512 0 27275900965375
1744266 512 0 27275901243697
1744778 512 0 27275901522020
1745290 512 0 27275901800342
1745802 512 0 27275902078664
1746314 512 0 27275902356986
1746826 512 0 27275902635309
1747338 512 0 27275902913631
