116 512 0 27274944968953
628 512 0 27274945247593
1140 512 0 27274945526232
1652 512 0 27274945804872
2164 512 0 27274946083511
2676 512 0 27274946362151
3188 512 0 27274946640790
3700 512 0 27274946919430
4212 512 0 27274947198069
4724 512 0 27274947476708
5236 512 0 27274947755348
5748 512 0 27274948033987
6260 512 0 27274948312627
6772 512 0 27274948591266
7284 512 0 27274948869906
7796 512 0 27274949148545
8308 512 0 27274949427185
8820 512 0 27274949705824
9332 512 0 27274949984464
9844 512 0 27274950263103
10356 512 0 27274950541743
10868 512 0 27274950820382
11380 512 0 27274951099022
11892 512 0 27274951377661
12404 512 0 27274951656301
12916 512 0 27274951934940
13428 512 0 27274952213579
13940 512 0 27274952492219
14452 512 0 27274952770858
14964 512 0 27274953049498
15476 512 0 27274953328137
15988 512 0 27274953606777
16500 512 0 27274953885416
17012 512 0 27274954164056
17524 512 0 27274954442695
18036 512 0 27274954721335
18548 512 0 27274954999974
19060 512 0 27274955278614
19572 512 0 27274955557253
20084 512 0 27274955835893
20596 512 0 27274956114532
21108 512 0 27274956393171
21620 512 0 27274956671811
22132 512 0 27274956950450
22644 512 0 27274957229090
23156 512 0 27274957507729
23668 512 0 27274957786369
24180 512 0 27274958065008
24692 512 0 27274958343648
25204 512 0 27274958622287
25716 512 0 27274958900927
26228 512 0 27274959179566
26740 512 0 27274959458206
27252 512 0 27274959736845
27764 512 0 27274960015485
28276 512 0 27274960294124
28788 512 0 27274960572764
29300 512 0 27274960851403
29812 512 0 27274961130042
30324 512 0 27274961408682
30836 512 0 27274961687321
31348 512 0 27274961965961
31860 512 0 27274962244600
32372 512 0 27274962523238
32884 512 0 27274962801877
33396 512 0 27274963080517
33908 512 0 27274963359156
34420 512 0 27274963637796
34932 512 0 27274963916435
35444 512 0 27274964195075
35956 512 0 27274964473714
36468 512 0 27274964752354
36980 512 0 27274965030993
37492 512 0 27274965309633
38004 512 0 27274965588272
38516 512 0 27274965866911
39028 512 0 27274966145551
39540 512 0 27274966424190
40052 512 0 27274966702830
40564 512 0 27274966981469
41076 512 0 27274967260109
41588 512 0 27274967538748
42100 512 0 27274967817388
42612 512 0 27274968096027
43124 512 0 27274968374666
43636 512 0 27274968653306
44148 512 0 27274968931945
44660 512 0 27274969210585
45172 512 0 27274969489224
45684 512 0 27274969767864
46196 512 0 27274970046503
46708 512 0 27274970325143
47220 512 0 27274970603782
47732 512 0 27274970882421
48244 512 0 27274971161061
48756 512 0 27274971439702
49268 512 0 27274971718341
49780 512 0 27274971996981
50292 512 0 27274972275620
50804 512 0 27274972554259
51316 512 0 27274972832899
51828 512 0 27274973111538
52340 512 0 27274973390178
52852 512 0 27274973668817
53364 512 0 27274973947457
53876 512 0 27274974226096
54388 512 0 27274974504736
54900 512 0 27274974783375
55412 512 0 27274975062015
55924 512 0 27274975340654
56436 512 0 27274975619294
56948 512 0 27274975897933
57460 512 0 27274976176572
57972 512 0 27274976455212
58484 512 0 27274976733851
58996 512 0 27274977012491
59508 512 0 27274977291130
60020 512 0 27274977569770
60532 512 0 27274977848409
61044 512 0 27274978127049
61556 512 0 27274978405688
62068 512 0 27274978684328
62580 512 0 27274978962967
63092 512 0 27274979241607
63604 512 0 27274979520246
64116 512 0 27274979798885
64628 512 0 27274980077525
65140 512 0 27274980356163
65652 512 0 27274980634803
66164 512 0 27274980913442
66676 512 0 27274981192082
67188 512 0 27274981470721
67700 512 0 27274981749360
68212 512 0 27274982028000
68724 512 0 27274982306639
69236 512 0 27274982585279
69748 512 0 27274982863918
70260 512 0 27274983142558
70772 512 0 27274983421197
71284 512 0 27274983699837
71796 512 0 27274983978476
72308 512 0 27274984257116
72820 512 0 27274984535755
73332 512 0 27274984814394
73844 512 0 27274985093034
74356 512 0 27274985371673
74868 512 0 27274985650313
75380 512 0 27274985928952
75892 512 0 27274986207592
76404 512 0 27274986486231
76916 512 0 27274986764871
77428 512 0 27274987043510
77940 512 0 27274987322149
78452 512 0 27274987600789
78964 512 0 27274987879428
79476 512 0 27274988158068
79988 512 0 27274988436707
80500 512 0 27274988715347
81012 512 0 27274988993986
81524 512 0 27274989272626
82036 512 0 27274989551266
82548 512 0 27274989829905
83060 512 0 27274990108545
83572 512 0 27274990387184
84084 512 0 27274990665824
84596 512 0 27274990944463
85108 512 0 27274991223103
85620 512 0 27274991501742
86132 512 0 27274991780382
86644 512 0 27274992059021
87156 512 0 27274992337661
87668 512 0 27274992616300
88180 512 0 27274992894939
88692 512 0 27274993173579
89204 512 0 27274993452218
89716 512 0 27274993730858
90228 512 0 27274994009497
90740 512 0 27274994288137
91252 512 0 27274994566776
91764 512 0 27274994845416
92276 512 0 27274995124055
92788 512 0 27274995402695
93300 512 0 27274995681334
93812 512 0 27274995959974
94324 512 0 27274996238613
94836 512 0 27274996517252
95348 512 0 27274996795892
95860 512 0 27274997074531
96372 512 0 27274997353171
96884 512 0 27274997631810
97396 512 0 27274997910450
97908 512 0 27274998175233
98420 512 0 27274998453727
98932 512 0 27274998732221
99444 512 0 27274999010715
99956 512 0 27274999289208
100468 512 0 27274999567702
100980 512 0 27274999846196
101492 512 0 27275000124690
102004 512 0 27275000403184
102516 512 0 27275000681678
103028 512 0 27275000960172
103540 512 0 27275001238666
104052 512 0 27275001517160
104564 512 0 27275001795654
105076 512 0 27275002074148
105588 512 0 27275002352642
106100 512 0 27275002631136
106612 512 0 27275002909630
107124 512 0 27275003188124
107636 512 0 27275003466618
108148 512 0 27275003745112
108660 512 0 27275004023606
109172 512 0 27275004302100
109684 512 0 27275004580594
110196 512 0 27275004859087
110708 512 0 27275005137581
111220 512 0 27275005416075
111732 512 0 27275005694569
112244 512 0 27275005973063
112756 512 0 27275006251557
113268 512 0 27275006530051
113780 512 0 27275006808545
114292 512 0 27275007079548
114804 512 0 27275007357964
115316 512 0 27275007636379
115828 512 0 27275007914794
116340 512 0 27275008193209
116852 512 0 27275008471625
117364 512 0 27275008750040
117876 512 0 27275009028455
118388 512 0 27275009306871
118900 512 0 27275009585286
119412 512 0 27275009863701
119924 512 0 27275010142117
120436 512 0 27275010420532
120948 512 0 27275010698947
121460 512 0 27275010977362
121972 512 0 27275011255778
122484 512 0 27275011534193
122996 512 0 27275011812608
123508 512 0 27275012091024
124020 512 0 27275012369439
124532 512 0 27275012647854
125044 512 0 27275012926269
125556 512 0 27275013204685
126068 512 0 27275013483100
126580 512 0 27275013761515
127092 512 0 27275014039931
127604 512 0 27275014318346
128116 512 0 27275014596761
128628 512 0 27275014875176
129140 512 0 27275015153592
129652 512 0 27275015432007
130164 512 0 27275015710422
130676 512 0 27275015985558
131188 512 0 27275016263953
131700 512 0 27275016542348
132212 512 0 27275016820742
132724 512 0 27275017099137
133236 512 0 27275017377532
133748 512 0 27275017655926
134260 512 0 27275017934321
134772 512 0 27275018212716
135284 512 0 27275018491110
135796 512 0 27275018769505
136308 512 0 27275019047900
136820 512 0 27275019326295
137332 512 0 27275019604689
137844 512 0 27275019883084
138356 512 0 27275020161479
138868 512 0 27275020439873
139380 512 0 27275020718268
139892 512 0 27275020996663
140404 512 0 27275021275057
140916 512 0 27275021553452
141428 512 0 27275021831847
141940 512 0 27275022110241
142452 512 0 27275022388636
142964 512 0 27275022667031
143476 512 0 27275022945426
143988 512 0 27275023223820
144500 512 0 27275023502215
145012 512 0 27275023780610
145524 512 0 27275024059004
146036 512 0 27275024337399
146548 512 0 27275024615794
147060 512 0 27275024891433
147572 512 0 27275025169810
148084 512 0 27275025448188
148596 512 0 27275025726565
149108 512 0 27275026004942
149620 512 0 27275026283320
150132 512 0 27275026561697
150644 512 0 27275026840075
151156 512 0 27275027118452
151668 512 0 27275027396829
152180 512 0 27275027675207
152692 512 0 27275027953584
153204 512 0 27275028231961
153716 512 0 27275028510339
154228 512 0 27275028788716
154740 512 0 27275029067094
155252 512 0 27275029345471
155764 512 0 27275029623848
156276 512 0 27275029902226
156788 512 0 27275030180603
157300 512 0 27275030458981
157812 512 0 27275030737358
158324 512 0 27275031015735
158836 512 0 27275031294113
159348 512 0 27275031572490
159860 512 0 27275031850867
160372 512 0 27275032129245
160884 512 0 27275032407622
161396 512 0 27275032686000
161908 512 0 27275032964377
162420 512 0 27275033242754
162932 512 0 27275033521132
163444 512 0 27275033797405
163956 512 0 27275034075769
164468 512 0 27275034354134
164980 512 0 27275034632498
165492 512 0 27275034910862
166004 512 0 27275035189226
166516 512 0 27275035467590
167028 512 0 27275035745954
167540 512 0 27275036024319
168052 512 0 27275036302683
168564 512 0 27275036581047
169076 512 0 27275036859411
169588 512 0 27275037137775
170100 512 0 27275037416139
170612 512 0 27275037694504
171124 512 0 27275037972868
171636 512 0 27275038251232
172148 512 0 27275038529596
172660 512 0 27275038807960
173172 512 0 27275039086324
173684 512 0 27275039364689
174196 512 0 27275039643053
174708 512 0 27275039921417
175220 512 0 27275040199781
175732 512 0 27275040478145
176244 512 0 27275040756510
176756 512 0 27275041034874
177268 512 0 27275041313238
177780 512 0 27275041591602
178292 512 0 27275041869966
178804 512 0 27275042148330
179316 512 0 27275042426695
179828 512 0 27275042703460
180340 512 0 27275042981814
180852 512 0 27275043260168
181364 512 0 27275043538522
181876 512 0 27275043816876
182388 512 0 27275044095230
182900 512 0 27275044373584
183412 512 0 27275044651939
183924 512 0 27275044930293
184436 512 0 27275045208647
184948 512 0 27275045487001
185460 512 0 27275045765355
185972 512 0 27275046043709
186484 512 0 27275046322063
186996 512 0 27275046600417
187508 512 0 27275046878772
188020 512 0 27275047157126
188532 512 0 27275047435480
189044 512 0 27275047713834
189556 512 0 27275047992188
190068 512 0 27275048270542
190580 512 0 27275048548896
191092 512 0 27275048827250
191604 512 0 27275049105605
192116 512 0 27275049383959
192628 512 0 27275049662313
193140 512 0 27275049940667
193652 512 0 27275050219021
194164 512 0 27275050497375
194676 512 0 27275050775729
195188 512 0 27275051054083
195700 512 0 27275051332438
196212 512 0 27275051609579
196724 512 0 27275051887925
197236 512 0 27275052166272
197748 512 0 27275052444618
198260 512 0 27275052722965
198772 512 0 27275053001311
199284 512 0 27275053279658
199796 512 0 27275053558004
200308 512 0 27275053836351
200820 512 0 27275054114697
201332 512 0 27275054393044
201844 512 0 27275054671390
202356 512 0 27275054949737
202868 512 0 27275055228083
203380 512 0 27275055506430
203892 512 0 27275055784776
204404 512 0 27275056063123
204916 512 0 27275056341469
205428 512 0 27275056619816
205940 512 0 27275056898162
206452 512 0 27275057176509
206964 512 0 27275057454855
207476 512 0 27275057733202
207988 512 0 27275058011548
208500 512 0 27275058289895
209012 512 0 27275058568241
209524 512 0 27275058846588
210036 512 0 27275059124935
210548 512 0 27275059403281
211060 512 0 27275059681628
211572 512 0 27275059959974
212084 512 0 27275060238321
212596 512 0 27275060515768
213108 512 0 27275060794109
213620 512 0 27275061072450
214132 512 0 27275061350791
214644 512 0 27275061629132
215156 512 0 27275061907473
215668 512 0 27275062185814
216180 512 0 27275062464155
216692 512 0 27275062742495
217204 512 0 27275063020836
217716 512 0 27275063299177
218228 512 0 27275063577518
218740 512 0 27275063855859
219252 512 0 27275064134200
219764 512 0 27275064412541
220276 512 0 27275064690882
220788 512 0 27275064969222
221300 512 0 27275065247563
221812 512 0 27275065525904
222324 512 0 27275065804245
222836 512 0 27275066082586
223348 512 0 27275066360927
223860 512 0 27275066639268
224372 512 0 27275066917608
224884 512 0 27275067195949
225396 512 0 27275067474290
225908 512 0 27275067752631
226420 512 0 27275068030972
226932 512 0 27275068309313
227444 512 0 27275068587654
227956 512 0 27275068865995
228468 512 0 27275069144335
228980 512 0 27275069421930
229492 512 0 27275069700266
230004 512 0 27275069978603
230516 512 0 27275070256939
231028 512 0 27275070535275
231540 512 0 27275070813611
232052 512 0 27275071091947
232564 512 0 27275071370283
233076 512 0 27275071648620
233588 512 0 27275071926956
234100 512 0 27275072205292
234612 512 0 27275072483628
235124 512 0 27275072761964
235636 512 0 27275073040301
236148 512 0 27275073318637
236660 512 0 27275073596973
237172 512 0 27275073875309
237684 512 0 27275074153645
238196 512 0 27275074431981
238708 512 0 27275074710318
239220 512 0 27275074988654
239732 512 0 27275075266990
240244 512 0 27275075545326
240756 512 0 27275075823662
241268 512 0 27275076101999
241780 512 0 27275076380335
242292 512 0 27275076658671
242804 512 0 27275076937007
243316 512 0 27275077215343
243828 512 0 27275077493679
244340 512 0 27275077772016
244852 512 0 27275078050352
245364 512 0 27275078328106
245876 512 0 27275078606439
246388 512 0 27275078884771
246900 512 0 27275079163104
247412 512 0 27275079441436
247924 512 0 27275079719769
248436 512 0 27275079998101
248948 512 0 27275080276434
249460 512 0 27275080554766
249972 512 0 27275080833099
250484 512 0 27275081111431
250996 512 0 27275081389764
251508 512 0 27275081668096
252020 512 0 27275081946429
252532 512 0 27275082224761
253044 512 0 27275082503094
253556 512 0 27275082781426
254068 512 0 27275083059759
254580 512 0 27275083338092
255092 512 0 27275083616424
255604 512 0 27275083894757
256116 512 0 27275084173089
256628 512 0 27275084451422
257140 512 0 27275084729754
257652 512 0 27275085008087
258164 512 0 27275085286419
258676 512 0 27275085564752
259188 512 0 27275085843084
259700 512 0 27275086121417
260212 512 0 27275086399749
260724 512 0 27275086678082
261236 512 0 27275086956414
261748 512 0 27275087234363
262260 512 0 27275087512694
262772 512 0 27275087791026
263284 512 0 27275088069357
263796 512 0 27275088347689
264308 512 0 27275088626020
264820 512 0 27275088904352
265332 512 0 27275089182683
265844 512 0 27275089461014
266356 512 0 27275089739346
266868 512 0 27275090017677
267380 512 0 27275090296009
267892 512 0 27275090574340
268404 512 0 27275090852672
268916 512 0 27275091131003
269428 512 0 27275091409334
269940 512 0 27275091687666
270452 512 0 27275091965997
270964 512 0 27275092244329
271476 512 0 27275092522660
271988 512 0 27275092800992
272500 512 0 27275093079323
273012 512 0 27275093357654
273524 512 0 27275093635986
274036 512 0 27275093914317
274548 512 0 27275094192649
275060 512 0 27275094470980
275572 512 0 27275094749312
276084 512 0 27275095027643
276596 512 0 27275095305974
277108 512 0 27275095584306
277620 512 0 27275095862637
278132 512 0 27275096140639
278644 512 0 27275096418969
279156 512 0 27275096697300
279668 512 0 27275096975630
280180 512 0 27275097253961
280692 512 0 27275097532291
281204 512 0 27275097810622
281716 512 0 27275098088952
282228 512 0 27275098367282
282740 512 0 27275098645613
283252 512 0 27275098923943
283764 512 0 27275099202274
284276 512 0 27275099480604
284788 512 0 27275099758935
285300 512 0 27275100037265
285812 512 0 27275100315596
286324 512 0 27275100593926
286836 512 0 27275100872257
287348 512 0 27275101150587
287860 512 0 27275101428918
288372 512 0 27275101707248
288884 512 0 27275101985579
289396 512 0 27275102263909
289908 512 0 27275102542240
290420 512 0 27275102820570
290932 512 0 27275103098901
291444 512 0 27275103377231
291956 512 0 27275103655562
292468 512 0 27275103933892
292980 512 0 27275104212223
293492 512 0 27275104490553
294004 512 0 27275104768884
294516 512 0 27275105046946
295028 512 0 27275105325275
295540 512 0 27275105603605
296052 512 0 27275105881935
296564 512 0 27275106160265
297076 512 0 27275106438594
297588 512 0 27275106716924
298100 512 0 27275106995254
298612 512 0 27275107273583
299124 512 0 27275107551913
299636 512 0 27275107830243
300148 512 0 27275108108573
300660 512 0 27275108386902
301172 512 0 27275108665232
301684 512 0 27275108943562
302196 512 0 27275109221892
302708 512 0 27275109500221
303220 512 0 27275109778551
303732 512 0 27275110056881
304244 512 0 27275110335211
304756 512 0 27275110613540
305268 512 0 27275110891870
305780 512 0 27275111170200
306292 512 0 27275111448529
306804 512 0 27275111726859
307316 512 0 27275112005189
307828 512 0 27275112283519
308340 512 0 27275112561848
308852 512 0 27275112840178
309364 512 0 27275113118508
309876 512 0 27275113396838
310388 512 0 27275113675167
310900 512 0 27275113953267
311412 512 0 27275114231596
311924 512 0 27275114509925
312436 512 0 27275114788254
312948 512 0 27275115066584
313460 512 0 27275115344913
313972 512 0 27275115623242
314484 512 0 27275115901571
314996 512 0 27275116179900
315508 512 0 27275116458229
316020 512 0 27275116736558
316532 512 0 27275117014887
317044 512 0 27275117293216
317556 512 0 27275117571545
318068 512 0 27275117849874
318580 512 0 27275118128203
319092 512 0 27275118406532
319604 512 0 27275118684862
320116 512 0 27275118963191
320628 512 0 27275119241520
321140 512 0 27275119519849
321652 512 0 27275119798178
322164 512 0 27275120076507
322676 512 0 27275120354836
323188 512 0 27275120633165
323700 512 0 27275120911494
324212 512 0 27275121189823
324724 512 0 27275121468152
325236 512 0 27275121746481
325748 512 0 27275122024810
326260 512 0 27275122303139
326772 512 0 27275122581469
327284 512 0 27275122859584
327796 512 0 27275123137913
328308 512 0 27275123416241
328820 512 0 27275123694570
329332 512 0 27275123972898
329844 512 0 27275124251227
330356 512 0 27275124529555
330868 512 0 27275124807884
331380 512 0 27275125086212
331892 512 0 27275125364540
332404 512 0 27275125642869
332916 512 0 27275125921197
333428 512 0 27275126199526
333940 512 0 27275126477854
334452 512 0 27275126756183
334964 512 0 27275127034511
335476 512 0 27275127312840
335988 512 0 27275127591168
336500 512 0 27275127869497
337012 512 0 27275128147825
337524 512 0 27275128426154
338036 512 0 27275128704482
338548 512 0 27275128982811
339060 512 0 27275129261139
339572 512 0 27275129539467
340084 512 0 27275129817796
340596 512 0 27275130096124
341108 512 0 27275130374453
341620 512 0 27275130652781
342132 512 0 27275130931110
342644 512 0 27275131209438
343156 512 0 27275131487767
343668 512 0 27275131765968
344180 512 0 27275132044296
344692 512 0 27275132322624
345204 512 0 27275132600952
345716 512 0 27275132879280
346228 512 0 27275133157608
346740 512 0 27275133435937
347252 512 0 27275133714265
347764 512 0 27275133992593
348276 512 0 27275134270921
348788 512 0 27275134549249
349300 512 0 27275134827577
349812 512 0 27275135105905
350324 512 0 27275135384233
350836 512 0 27275135662561
351348 512 0 27275135940890
351860 512 0 27275136219218
352372 512 0 27275136497546
352884 512 0 27275136775874
353396 512 0 27275137054202
353908 512 0 27275137332530
354420 512 0 27275137610858
354932 512 0 27275137889186
355444 512 0 27275138167514
355956 512 0 27275138445842
356468 512 0 27275138724171
356980 512 0 27275139002499
357492 512 0 27275139280827
358004 512 0 27275139559155
358516 512 0 27275139837483
359028 512 0 27275140115811
359540 512 0 27275140394139
360052 512 0 27275140672358
360564 512 0 27275140950686
361076 512 0 27275141229014
361588 512 0 27275141507342
362100 512 0 27275141785669
362612 512 0 27275142063997
363124 512 0 27275142342325
363636 512 0 27275142620653
364148 512 0 27275142898981
364660 512 0 27275143177308
365172 512 0 27275143455636
365684 512 0 27275143733964
366196 512 0 27275144012292
366708 512 0 27275144290620
367220 512 0 27275144568947
367732 512 0 27275144847275
368244 512 0 27275145125603
368756 512 0 27275145403931
369268 512 0 27275145682259
369780 512 0 27275145960586
370292 512 0 27275146238914
370804 512 0 27275146517242
371316 512 0 27275146795570
371828 512 0 27275147073898
372340 512 0 27275147352225
372852 512 0 27275147630553
373364 512 0 27275147908881
373876 512 0 27275148187209
374388 512 0 27275148465536
374900 512 0 27275148743864
375412 512 0 27275149022192
375924 512 0 27275149300520
376436 512 0 27275149578748
376948 512 0 27275149857076
377460 512 0 27275150135403
377972 512 0 27275150413731
378484 512 0 27275150692058
378996 512 0 27275150970386
379508 512 0 27275151248714
380020 512 0 27275151527041
380532 512 0 27275151805369
381044 512 0 27275152083696
381556 512 0 27275152362024
382068 512 0 27275152640351
382580 512 0 27275152918679
383092 512 0 27275153197006
383604 512 0 27275153475334
384116 512 0 27275153753661
384628 512 0 27275154031989
385140 512 0 27275154310316
385652 512 0 27275154588644
386164 512 0 27275154866971
386676 512 0 27275155145299
387188 512 0 27275155423626
387700 512 0 27275155701954
388212 512 0 27275155980281
388724 512 0 27275156258609
389236 512 0 27275156536936
389748 512 0 27275156815264
390260 512 0 27275157093591
390772 512 0 27275157371919
391284 512 0 27275157650246
391796 512 0 27275157928574
392308 512 0 27275158206901
392820 512 0 27275158485131
393332 512 0 27275158763458
393844 512 0 27275159041785
394356 512 0 27275159320112
394868 512 0 27275159598440
395380 512 0 27275159876767
395892 512 0 27275160155094
396404 512 0 27275160433421
396916 512 0 27275160711749
397428 512 0 27275160990076
397940 512 0 27275161268403
398452 512 0 27275161546730
398964 512 0 27275161825058
399476 512 0 27275162103385
399988 512 0 27275162381712
400500 512 0 27275162660039
401012 512 0 27275162938366
401524 512 0 27275163216694
402036 512 0 27275163495021
402548 512 0 27275163773348
403060 512 0 27275164051675
403572 512 0 27275164330003
404084 512 0 27275164608330
404596 512 0 27275164886657
405108 512 0 27275165164984
405620 512 0 27275165443312
406132 512 0 27275165721639
406644 512 0 27275165999966
407156 512 0 27275166278293
407668 512 0 27275166556620
408180 512 0 27275166834948
408692 512 0 27275167113275
409204 512 0 27275167391493
409716 512 0 27275167669820
410228 512 0 27275167948147
410740 512 0 27275168226474
411252 512 0 27275168504801
411764 512 0 27275168783128
412276 512 0 27275169061455
412788 512 0 27275169339781
413300 512 0 27275169618108
413812 512 0 27275169896435
414324 512 0 27275170174762
414836 512 0 27275170453089
415348 512 0 27275170731416
415860 512 0 27275171009743
416372 512 0 27275171288070
416884 512 0 27275171566397
417396 512 0 27275171844724
417908 512 0 27275172123051
418420 512 0 27275172401378
418932 512 0 27275172679705
419444 512 0 27275172958031
419956 512 0 27275173236358
420468 512 0 27275173514685
420980 512 0 27275173793012
421492 512 0 27275174071339
422004 512 0 27275174349666
422516 512 0 27275174627993
423028 512 0 27275174906320
423540 512 0 27275175184647
424052 512 0 27275175462974
424564 512 0 27275175741301
425076 512 0 27275176019628
425588 512 0 27275176297872
426100 512 0 27275176576198
426612 512 0 27275176854525
427124 512 0 27275177132852
427636 512 0 27275177411178
428148 512 0 27275177689505
428660 512 0 27275177967832
429172 512 0 27275178246158
429684 512 0 27275178524485
430196 512 0 27275178802812
430708 512 0 27275179081139
431220 512 0 27275179359465
431732 512 0 27275179637792
432244 512 0 27275179916119
432756 512 0 27275180194445
433268 512 0 27275180472772
433780 512 0 27275180751099
434292 512 0 27275181029425
434804 512 0 27275181307752
435316 512 0 27275181586079
435828 512 0 27275181864405
436340 512 0 27275182142732
436852 512 0 27275182421059
437364 512 0 27275182699385
437876 512 0 27275182977712
438388 512 0 27275183256039
438900 512 0 27275183534365
439412 512 0 27275183812692
439924 512 0 27275184091019
440436 512 0 27275184369346
440948 512 0 27275184647672
441460 512 0 27275184925999
441972 512 0 27275185204273
442484 512 0 27275185482600
442996 512 0 27275185760926
443508 512 0 27275186039253
444020 512 0 27275186317579
444532 512 0 27275186595906
445044 512 0 27275186874232
445556 512 0 27275187152559
446068 512 0 27275187430885
446580 512 0 27275187709212
447092 512 0 27275187987538
447604 512 0 27275188265865
448116 512 0 27275188544191
448628 512 0 27275188822518
449140 512 0 27275189100844
449652 512 0 27275189379171
450164 512 0 27275189657498
450676 512 0 27275189935824
451188 512 0 27275190214151
451700 512 0 27275190492477
452212 512 0 27275190770804
452724 512 0 27275191049130
453236 512 0 27275191327457
453748 512 0 27275191605783
454260 512 0 27275191884110
454772 512 0 27275192162436
455284 512 0 27275192440763
455796 512 0 27275192719089
456308 512 0 27275192997416
456820 512 0 27275193275743
457332 512 0 27275193554069
457844 512 0 27275193832396
458356 512 0 27275194110667
458868 512 0 27275194388993
459380 512 0 27275194667320
459892 512 0 27275194945646
460404 512 0 27275195223973
460916 512 0 27275195502299
461428 512 0 27275195780625
461940 512 0 27275196058952
462452 512 0 27275196337278
462964 512 0 27275196615604
463476 512 0 27275196893931
463988 512 0 27275197172257
464500 512 0 27275197450584
465012 512 0 27275197728910
465524 512 0 27275198007236
466036 512 0 27275198285563
466548 512 0 27275198563889
467060 512 0 27275198842216
467572 512 0 27275199120542
468084 512 0 27275199398868
468596 512 0 27275199677195
469108 512 0 27275199955521
469620 512 0 27275200233847
470132 512 0 27275200512174
470644 512 0 27275200790500
471156 512 0 27275201068827
471668 512 0 27275201347153
472180 512 0 27275201625479
472692 512 0 27275201903806
473204 512 0 27275202182132
473716 512 0 27275202460458
474228 512 0 27275202738785
474740 512 0 27275203017062
475252 512 0 27275203295388
475764 512 0 27275203573714
476276 512 0 27275203852040
476788 512 0 27275204130367
477300 512 0 27275204408693
477812 512 0 27275204687019
478324 512 0 27275204965345
478836 512 0 27275205243672
479348 512 0 27275205521998
479860 512 0 27275205800324
480372 512 0 27275206078650
480884 512 0 27275206356977
481396 512 0 27275206635303
481908 512 0 27275206913629
482420 512 0 27275207191955
482932 512 0 27275207470281
483444 512 0 27275207748608
483956 512 0 27275208026934
484468 512 0 27275208305260
484980 512 0 27275208583586
485492 512 0 27275208861913
486004 512 0 27275209140239
486516 512 0 27275209418565
487028 512 0 27275209696891
487540 512 0 27275209975218
488052 512 0 27275210253544
488564 512 0 27275210531870
489076 512 0 27275210810196
489588 512 0 27275211088523
490100 512 0 27275211366849
490612 512 0 27275211645175
491124 512 0 27275211923452
491636 512 0 27275212201778
492148 512 0 27275212480105
492660 512 0 27275212758431
493172 512 0 27275213036757
493684 512 0 27275213315083
494196 512 0 27275213593409
494708 512 0 27275213871735
495220 512 0 27275214150061
495732 512 0 27275214428387
496244 512 0 27275214706713
496756 512 0 27275214985039
497268 512 0 27275215263366
497780 512 0 27275215541692
498292 512 0 27275215820018
498804 512 0 27275216098344
499316 512 0 27275216376670
499828 512 0 27275216654996
500340 512 0 27275216933322
500852 512 0 27275217211648
501364 512 0 27275217489974
501876 512 0 27275217768300
502388 512 0 27275218046626
502900 512 0 27275218324953
503412 512 0 27275218603279
503924 512 0 27275218881605
504436 512 0 27275219159931
504948 512 0 27275219438257
505460 512 0 27275219716583
505972 512 0 27275219994909
506484 512 0 27275220273235
506996 512 0 27275220551561
507508 512 0 27275220829837
508020 512 0 27275221108163
508532 512 0 27275221386489
509044 512 0 27275221664815
509556 512 0 27275221943141
510068 512 0 27275222221467
510580 512 0 27275222499793
511092 512 0 27275222778118
511604 512 0 27275223056444
512116 512 0 27275223334770
512628 512 0 27275223613096
513140 512 0 27275223891422
513652 512 0 27275224169748
514164 512 0 27275224448074
514676 512 0 27275224726400
515188 512 0 27275225004726
515700 512 0 27275225283052
516212 512 0 27275225561378
516724 512 0 27275225839704
517236 512 0 27275226118030
517748 512 0 27275226396356
518260 512 0 27275226674682
518772 512 0 27275226953008
519284 512 0 27275227231334
519796 512 0 27275227509660
520308 512 0 27275227787986
520820 512 0 27275228066312
521332 512 0 27275228344638
521844 512 0 27275228622964
522356 512 0 27275228901289
522868 512 0 27275229179615
523380 512 0 27275229457941
523892 512 0 27275229736215
524404 512 0 27275230014541
524916 512 0 27275230292867
525428 512 0 27275230571193
525940 512 0 27275230849518
526452 512 0 27275231127844
526964 512 0 27275231406170
527476 512 0 27275231684496
527988 512 0 27275231962822
528500 512 0 27275232241147
529012 512 0 27275232519473
529524 512 0 27275232797799
530036 512 0 27275233076125
530548 512 0 27275233354451
531060 512 0 27275233632776
531572 512 0 27275233911102
532084 512 0 27275234189428
532596 512 0 27275234467754
533108 512 0 27275234746080
533620 512 0 27275235024405
534132 512 0 27275235302731
534644 512 0 27275235581057
535156 512 0 27275235859383
535668 512 0 27275236137709
536180 512 0 27275236416035
536692 512 0 27275236694360
537204 512 0 27275236972686
537716 512 0 27275237251012
538228 512 0 27275237529338
538740 512 0 27275237807664
539252 512 0 27275238085989
539764 512 0 27275238364315
540276 512 0 27275238642585
540788 512 0 27275238920911
541300 512 0 27275239199237
541812 512 0 27275239477562
542324 512 0 27275239755888
542836 512 0 27275240034213
543348 512 0 27275240312539
543860 512 0 27275240590865
544372 512 0 27275240869190
544884 512 0 27275241147516
545396 512 0 27275241425842
545908 512 0 27275241704167
546420 512 0 27275241982493
546932 512 0 27275242260819
547444 512 0 27275242539144
547956 512 0 27275242817470
548468 512 0 27275243095796
548980 512 0 27275243374121
549492 512 0 27275243652447
550004 512 0 27275243930773
550516 512 0 27275244209098
551028 512 0 27275244487424
551540 512 0 27275244765749
552052 512 0 27275245044075
552564 512 0 27275245322401
553076 512 0 27275245600726
553588 512 0 27275245879052
554100 512 0 27275246157378
554612 512 0 27275246435703
555124 512 0 27275246714029
555636 512 0 27275246992355
556148 512 0 27275247270680
556660 512 0 27275247548950
557172 512 0 27275247827276
557684 512 0 27275248105601
558196 512 0 27275248383927
558708 512 0 27275248662252
559220 512 0 27275248940578
559732 512 0 27275249218903
560244 512 0 27275249497229
560756 512 0 27275249775554
561268 512 0 27275250053880
561780 512 0 27275250332205
562292 512 0 27275250610531
562804 512 0 27275250888856
563316 512 0 27275251167182
563828 512 0 27275251445507
564340 512 0 27275251723833
564852 512 0 27275252002158
565364 512 0 27275252280484
565876 512 0 27275252558809
566388 512 0 27275252837135
566900 512 0 27275253115460
567412 512 0 27275253393786
567924 512 0 27275253672111
568436 512 0 27275253950437
568948 512 0 27275254228762
569460 512 0 27275254507087
569972 512 0 27275254785413
570484 512 0 27275255063738
570996 512 0 27275255342064
571508 512 0 27275255620389
572020 512 0 27275255898715
572532 512 0 27275256177040
573044 512 0 27275256455309
573556 512 0 27275256733635
574068 512 0 27275257011960
574580 512 0 27275257290285
575092 512 0 27275257568611
575604 512 0 27275257846936
576116 512 0 27275258125261
576628 512 0 27275258403587
577140 512 0 27275258681912
577652 512 0 27275258960237
578164 512 0 27275259238563
578676 512 0 27275259516888
579188 512 0 27275259795213
579700 512 0 27275260073538
580212 512 0 27275260351864
580724 512 0 27275260630189
581236 512 0 27275260908514
581748 512 0 27275261186840
582260 512 0 27275261465165
582772 512 0 27275261743490
583284 512 0 27275262021816
583796 512 0 27275262300141
584308 512 0 27275262578466
584820 512 0 27275262856792
585332 512 0 27275263135117
585844 512 0 27275263413442
586356 512 0 27275263691768
586868 512 0 27275263970093
587380 512 0 27275264248418
587892 512 0 27275264526744
588404 512 0 27275264805069
588916 512 0 27275265083394
589428 512 0 27275265361659
589940 512 0 27275265639984
590452 512 0 27275265918309
590964 512 0 27275266196634
591476 512 0 27275266474959
591988 512 0 27275266753285
592500 512 0 27275267031610
593012 512 0 27275267309935
593524 512 0 27275267588260
594036 512 0 27275267866585
594548 512 0 27275268144910
595060 512 0 27275268423236
595572 512 0 27275268701561
596084 512 0 27275268979886
596596 512 0 27275269258211
597108 512 0 27275269536536
597620 512 0 27275269814861
598132 512 0 27275270093186
598644 512 0 27275270371512
599156 512 0 27275270649837
599668 512 0 27275270928162
600180 512 0 27275271206487
600692 512 0 27275271484812
601204 512 0 27275271763137
601716 512 0 27275272041463
602228 512 0 27275272319788
602740 512 0 27275272598113
603252 512 0 27275272876438
603764 512 0 27275273154763
604276 512 0 27275273433088
604788 512 0 27275273711413
605300 512 0 27275273989739
605812 512 0 27275274268000
606324 512 0 27275274546325
606836 512 0 27275274824650
607348 512 0 27275275102975
607860 512 0 27275275381300
608372 512 0 27275275659625
608884 512 0 27275275937950
609396 512 0 27275276216275
609908 512 0 27275276494600
610420 512 0 27275276772925
610932 512 0 27275277051250
611444 512 0 27275277329575
611956 512 0 27275277607900
612468 512 0 27275277886225
612980 512 0 27275278164550
613492 512 0 27275278442875
614004 512 0 27275278721200
614516 512 0 27275278999525
615028 512 0 27275279277850
615540 512 0 27275279556175
616052 512 0 27275279834500
616564 512 0 27275280112825
617076 512 0 27275280391150
617588 512 0 27275280669475
618100 512 0 27275280947800
618612 512 0 27275281226124
619124 512 0 27275281504449
619636 512 0 27275281782774
620148 512 0 27275282061099
620660 512 0 27275282339424
621172 512 0 27275282617749
621684 512 0 27275282896074
622196 512 0 27275283174333
622708 512 0 27275283452658
623220 512 0 27275283730983
623732 512 0 27275284009308
624244 512 0 27275284287632
624756 512 0 27275284565957
625268 512 0 27275284844282
625780 512 0 27275285122607
626292 512 0 27275285400932
626804 512 0 27275285679256
627316 512 0 27275285957581
627828 512 0 27275286235906
628340 512 0 27275286514231
628852 512 0 27275286792556
629364 512 0 27275287070880
629876 512 0 27275287349205
630388 512 0 27275287627530
630900 512 0 27275287905855
631412 512 0 27275288184179
631924 512 0 27275288462504
632436 512 0 27275288740829
632948 512 0 27275289019154
633460 512 0 27275289297479
633972 512 0 27275289575803
634484 512 0 27275289854128
634996 512 0 27275290132453
635508 512 0 27275290410778
636020 512 0 27275290689102
636532 512 0 27275290967427
637044 512 0 27275291245752
637556 512 0 27275291524077
638068 512 0 27275291802402
638580 512 0 27275292080660
639092 512 0 27275292358985
639604 512 0 27275292637310
640116 512 0 27275292915634
640628 512 0 27275293193959
641140 512 0 27275293472283
641652 512 0 27275293750608
642164 512 0 27275294028933
642676 512 0 27275294307257
643188 512 0 27275294585582
643700 512 0 27275294863906
644212 512 0 27275295142231
644724 512 0 27275295420556
645236 512 0 27275295698880
645748 512 0 27275295977205
646260 512 0 27275296255529
646772 512 0 27275296533854
647284 512 0 27275296812179
647796 512 0 27275297090503
648308 512 0 27275297368828
648820 512 0 27275297647152
649332 512 0 27275297925477
649844 512 0 27275298203802
650356 512 0 27275298482126
650868 512 0 27275298760451
651380 512 0 27275299038775
651892 512 0 27275299317100
652404 512 0 27275299595425
652916 512 0 27275299873749
653428 512 0 27275300152074
653940 512 0 27275300430398
654452 512 0 27275300708723
654964 512 0 27275300987032
655476 512 0 27275301265357
655988 512 0 27275301543681
656500 512 0 27275301822006
657012 512 0 27275302100330
657524 512 0 27275302378655
658036 512 0 27275302656979
658548 512 0 27275302935304
659060 512 0 27275303213628
659572 512 0 27275303491953
660084 512 0 27275303770278
660596 512 0 27275304048602
661108 512 0 27275304326927
661620 512 0 27275304605251
662132 512 0 27275304883576
662644 512 0 27275305161900
663156 512 0 27275305440225
663668 512 0 27275305718549
664180 512 0 27275305996874
664692 512 0 27275306275199
665204 512 0 27275306553523
665716 512 0 27275306831848
666228 512 0 27275307110172
666740 512 0 27275307388497
667252 512 0 27275307666821
667764 512 0 27275307945146
668276 512 0 27275308223470
668788 512 0 27275308501795
669300 512 0 27275308780120
669812 512 0 27275309058444
670324 512 0 27275309336769
670836 512 0 27275309615093
671348 512 0 27275309893413
671860 512 0 27275310171737
672372 512 0 27275310450062
672884 512 0 27275310728386
673396 512 0 27275311006711
673908 512 0 27275311285035
674420 512 0 27275311563360
674932 512 0 27275311841684
675444 512 0 27275312120009
675956 512 0 27275312398333
676468 512 0 27275312676658
676980 512 0 27275312954983
677492 512 0 27275313233307
678004 512 0 27275313511632
678516 512 0 27275313789956
679028 512 0 27275314068281
679540 512 0 27275314346605
680052 512 0 27275314624930
680564 512 0 27275314903254
681076 512 0 27275315181579
681588 512 0 27275315459903
682100 512 0 27275315738228
682612 512 0 27275316016552
683124 512 0 27275316294877
683636 512 0 27275316573202
684148 512 0 27275316851526
684660 512 0 27275317129851
685172 512 0 27275317408175
685684 512 0 27275317686500
686196 512 0 27275317964824
686708 512 0 27275318243149
687220 512 0 27275318521473
687732 512 0 27275318799794
688244 512 0 27275319078119
688756 512 0 27275319356443
689268 512 0 27275319634768
689780 512 0 27275319913092
690292 512 0 27275320191417
690804 512 0 27275320469741
691316 512 0 27275320748066
691828 512 0 27275321026391
692340 512 0 27275321304715
692852 512 0 27275321583040
693364 512 0 27275321861364
693876 512 0 27275322139689
694388 512 0 27275322418013
694900 512 0 27275322696338
695412 512 0 27275322974662
695924 512 0 27275323252987
696436 512 0 27275323531311
696948 512 0 27275323809636
697460 512 0 27275324087960
697972 512 0 27275324366285
698484 512 0 27275324644609
698996 512 0 27275324922934
699508 512 0 27275325201258
700020 512 0 27275325479583
700532 512 0 27275325757907
701044 512 0 27275326036232
701556 512 0 27275326314557
702068 512 0 27275326592881
702580 512 0 27275326871206
703092 512 0 27275327149530
703604 512 0 27275327427855
704116 512 0 27275327706166
704628 512 0 27275327984491
705140 512 0 27275328262815
705652 512 0 27275328541140
706164 512 0 27275328819464
706676 512 0 27275329097789
707188 512 0 27275329376113
707700 512 0 27275329654438
708212 512 0 27275329932762
708724 512 0 27275330211087
709236 512 0 27275330489411
709748 512 0 27275330767736
710260 512 0 27275331046060
710772 512 0 27275331324385
711284 512 0 27275331602709
711796 512 0 27275331881033
712308 512 0 27275332159358
712820 512 0 27275332437682
713332 512 0 27275332716007
713844 512 0 27275332994331
714356 512 0 27275333272656
714868 512 0 27275333550980
715380 512 0 27275333829305
715892 512 0 27275334107629
716404 512 0 27275334385954
716916 512 0 27275334664278
717428 512 0 27275334942603
717940 512 0 27275335220927
718452 512 0 27275335499252
718964 512 0 27275335777576
719476 512 0 27275336055901
719988 512 0 27275336334225
720500 512 0 27275336612536
721012 512 0 27275336890860
721524 512 0 27275337169185
722036 512 0 27275337447509
722548 512 0 27275337725834
723060 512 0 27275338004158
723572 512 0 27275338282483
724084 512 0 27275338560807
724596 512 0 27275338839131
725108 512 0 27275339117456
725620 512 0 27275339395780
726132 512 0 27275339674105
726644 512 0 27275339952429
727156 512 0 27275340230754
727668 512 0 27275340509078
728180 512 0 27275340787403
728692 512 0 27275341065727
729204 512 0 27275341344052
729716 512 0 27275341622376
730228 512 0 27275341900700
730740 512 0 27275342179025
731252 512 0 27275342457349
731764 512 0 27275342735674
732276 512 0 27275343013998
732788 512 0 27275343292323
733300 512 0 27275343570647
733812 512 0 27275343848972
734324 512 0 27275344127296
734836 512 0 27275344405621
735348 512 0 27275344683945
735860 512 0 27275344962269
736372 512 0 27275345240594
736884 512 0 27275345518899
737396 512 0 27275345797224
737908 512 0 27275346075548
738420 512 0 27275346353872
738932 512 0 27275346632197
739444 512 0 27275346910521
739956 512 0 27275347188846
740468 512 0 27275347467170
740980 512 0 27275347745494
741492 512 0 27275348023819
742004 512 0 27275348302143
742516 512 0 27275348580468
743028 512 0 27275348858792
743540 512 0 27275349137116
744052 512 0 27275349415441
744564 512 0 27275349693765
745076 512 0 27275349972090
745588 512 0 27275350250414
746100 512 0 27275350528738
746612 512 0 27275350807063
747124 512 0 27275351085387
747636 512 0 27275351363712
748148 512 0 27275351642036
748660 512 0 27275351920360
749172 512 0 27275352198685
749684 512 0 27275352477009
750196 512 0 27275352755333
750708 512 0 27275353033658
751220 512 0 27275353311982
751732 512 0 27275353590307
752244 512 0 27275353868631
752756 512 0 27275354146955
753268 512 0 27275354425256
753780 512 0 27275354703580
754292 512 0 27275354981905
754804 512 0 27275355260229
755316 512 0 27275355538553
755828 512 0 27275355816878
756340 512 0 27275356095202
756852 512 0 27275356373526
757364 512 0 27275356651851
757876 512 0 27275356930175
758388 512 0 27275357208499
758900 512 0 27275357486824
759412 512 0 27275357765148
759924 512 0 27275358043472
760436 512 0 27275358321797
760948 512 0 27275358600121
761460 512 0 27275358878445
761972 512 0 27275359156770
762484 512 0 27275359435094
762996 512 0 27275359713418
763508 512 0 27275359991743
764020 512 0 27275360270067
764532 512 0 27275360548391
765044 512 0 27275360826716
765556 512 0 27275361105040
766068 512 0 27275361383364
766580 512 0 27275361661689
767092 512 0 27275361940013
767604 512 0 27275362218337
768116 512 0 27275362496662
768628 512 0 27275362774986
769140 512 0 27275363053310
769652 512 0 27275363331601
770164 512 0 27275363609925
770676 512 0 27275363888250
771188 512 0 27275364166574
771700 512 0 27275364444898
772212 512 0 27275364723222
772724 512 0 27275365001546
773236 512 0 27275365279871
773748 512 0 27275365558195
774260 512 0 27275365836519
774772 512 0 27275366114843
775284 512 0 27275366393168
775796 512 0 27275366671492
776308 512 0 27275366949816
776820 512 0 27275367228140
777332 512 0 27275367506465
777844 512 0 27275367784789
778356 512 0 27275368063113
778868 512 0 27275368341437
779380 512 0 27275368619762
779892 512 0 27275368898086
780404 512 0 27275369176410
780916 512 0 27275369454734
781428 512 0 27275369733058
781940 512 0 27275370011383
782452 512 0 27275370289707
782964 512 0 27275370568031
783476 512 0 27275370846355
783988 512 0 27275371124680
784500 512 0 27275371403004
785012 512 0 27275371681328
785524 512 0 27275371959652
786036 512 0 27275372237942
786548 512 0 27275372516266
787060 512 0 27275372794590
787572 512 0 27275373072914
788084 512 0 27275373351239
788596 512 0 27275373629563
789108 512 0 27275373907887
789620 512 0 27275374186211
790132 512 0 27275374464535
790644 512 0 27275374742859
791156 512 0 27275375021183
791668 512 0 27275375299507
792180 512 0 27275375577832
792692 512 0 27275375856156
793204 512 0 27275376134480
793716 512 0 27275376412804
794228 512 0 27275376691128
794740 512 0 27275376969452
795252 512 0 27275377247776
795764 512 0 27275377526101
796276 512 0 27275377804425
796788 512 0 27275378082749
797300 512 0 27275378361073
797812 512 0 27275378639397
798324 512 0 27275378917721
798836 512 0 27275379196045
799348 512 0 27275379474370
799860 512 0 27275379752694
800372 512 0 27275380031018
800884 512 0 27275380309342
801396 512 0 27275380587666
801908 512 0 27275380865990
802420 512 0 27275381144279
802932 512 0 27275381422603
803444 512 0 27275381700927
803956 512 0 27275381979251
804468 512 0 27275382257575
804980 512 0 27275382535899
805492 512 0 27275382814223
806004 512 0 27275383092547
806516 512 0 27275383370871
807028 512 0 27275383649195
807540 512 0 27275383927519
808052 512 0 27275384205843
808564 512 0 27275384484167
809076 512 0 27275384762491
809588 512 0 27275385040815
810100 512 0 27275385319139
810612 512 0 27275385597463
811124 512 0 27275385875787
811636 512 0 27275386154111
812148 512 0 27275386432436
812660 512 0 27275386710760
813172 512 0 27275386989084
813684 512 0 27275387267408
814196 512 0 27275387545732
814708 512 0 27275387824056
815220 512 0 27275388102380
815732 512 0 27275388380704
816244 512 0 27275388659028
816756 512 0 27275388937352
817268 512 0 27275389215676
817780 512 0 27275389494000
818292 512 0 27275389772324
818804 512 0 27275390050608
819316 512 0 27275390328932
819828 512 0 27275390607256
820340 512 0 27275390885580
820852 512 0 27275391163904
821364 512 0 27275391442228
821876 512 0 27275391720552
822388 512 0 27275391998876
822900 512 0 27275392277200
823412 512 0 27275392555524
823924 512 0 27275392833848
824436 512 0 27275393112171
824948 512 0 27275393390495
825460 512 0 27275393668819
825972 512 0 27275393947143
826484 512 0 27275394225467
826996 512 0 27275394503791
827508 512 0 27275394782115
828020 512 0 27275395060439
828532 512 0 27275395338763
829044 512 0 27275395617087
829556 512 0 27275395895411
830068 512 0 27275396173735
830580 512 0 27275396452059
831092 512 0 27275396730382
831604 512 0 27275397008706
832116 512 0 27275397287030
832628 512 0 27275397565354
833140 512 0 27275397843678
833652 512 0 27275398122002
834164 512 0 27275398400326
834676 512 0 27275398678650
835188 512 0 27275398956934
835700 512 0 27275399235258
836212 512 0 27275399513581
836724 512 0 27275399791905
837236 512 0 27275400070229
837748 512 0 27275400348553
838260 512 0 27275400626877
838772 512 0 27275400905200
839284 512 0 27275401183524
839796 512 0 27275401461848
840308 512 0 27275401740172
840820 512 0 27275402018496
841332 512 0 27275402296819
841844 512 0 27275402575143
842356 512 0 27275402853467
842868 512 0 27275403131791
843380 512 0 27275403410115
843892 512 0 27275403688438
844404 512 0 27275403966762
844916 512 0 27275404245086
845428 512 0 27275404523410
845940 512 0 27275404801734
846452 512 0 27275405080058
846964 512 0 27275405358381
847476 512 0 27275405636705
847988 512 0 27275405915029
848500 512 0 27275406193353
849012 512 0 27275406471677
849524 512 0 27275406750000
850036 512 0 27275407028324
850548 512 0 27275407306648
851060 512 0 27275407584972
851572 512 0 27275407863286
852084 512 0 27275408141610
852596 512 0 27275408419933
853108 512 0 27275408698257
853620 512 0 27275408976581
854132 512 0 27275409254905
854644 512 0 27275409533229
855156 512 0 27275409811552
855668 512 0 27275410089876
856180 512 0 27275410368200
856692 512 0 27275410646524
857204 512 0 27275410924847
857716 512 0 27275411203171
858228 512 0 27275411481495
858740 512 0 27275411759819
859252 512 0 27275412038143
859764 512 0 27275412316466
860276 512 0 27275412594790
860788 512 0 27275412873114
861300 512 0 27275413151438
861812 512 0 27275413429762
862324 512 0 27275413708085
862836 512 0 27275413986409
863348 512 0 27275414264733
863860 512 0 27275414543057
864372 512 0 27275414821380
864884 512 0 27275415099704
865396 512 0 27275415378028
865908 512 0 27275415656352
866420 512 0 27275415934676
866932 512 0 27275416212999
867444 512 0 27275416491323
867956 512 0 27275416769662
868468 512 0 27275417047986
868980 512 0 27275417326310
869492 512 0 27275417604634
870004 512 0 27275417882958
870516 512 0 27275418161281
871028 512 0 27275418439605
871540 512 0 27275418717929
872052 512 0 27275418996253
872564 512 0 27275419274577
873076 512 0 27275419552901
873588 512 0 27275419831224
874100 512 0 27275420109548
874612 512 0 27275420387872
875124 512 0 27275420666196
875636 512 0 27275420944520
876148 512 0 27275421222843
876660 512 0 27275421501167
877172 512 0 27275421779491
877684 512 0 27275422057815
878196 512 0 27275422336139
878708 512 0 27275422614463
879220 512 0 27275422892786
879732 512 0 27275423171110
880244 512 0 27275423449434
880756 512 0 27275423727758
881268 512 0 27275424006082
881780 512 0 27275424284406
882292 512 0 27275424562729
882804 512 0 27275424841053
883316 512 0 27275425119377
883828 512 0 27275425397701
884340 512 0 27275425676040
884852 512 0 27275425954363
885364 512 0 27275426232687
885876 512 0 27275426511011
886388 512 0 27275426789335
886900 512 0 27275427067659
887412 512 0 27275427345983
887924 512 0 27275427624307
888436 512 0 27275427902631
888948 512 0 27275428180954
889460 512 0 27275428459278
889972 512 0 27275428737602
890484 512 0 27275429015926
890996 512 0 27275429294250
891508 512 0 27275429572574
892020 512 0 27275429850898
892532 512 0 27275430129221
893044 512 0 27275430407545
893556 512 0 27275430685869
894068 512 0 27275430964193
894580 512 0 27275431242517
895092 512 0 27275431520841
895604 512 0 27275431799165
896116 512 0 27275432077489
896628 512 0 27275432355812
897140 512 0 27275432634136
897652 512 0 27275432912460
898164 512 0 27275433190784
898676 512 0 27275433469108
899188 512 0 27275433747432
899700 512 0 27275434025756
900212 512 0 27275434304079
900724 512 0 27275434582410
901236 512 0 27275434860734
901748 512 0 27275435139058
902260 512 0 27275435417382
902772 512 0 27275435695706
903284 512 0 27275435974030
903796 512 0 27275436252354
904308 512 0 27275436530677
904820 512 0 27275436809001
905332 512 0 27275437087325
905844 512 0 27275437365649
906356 512 0 27275437643973
906868 512 0 27275437922297
907380 512 0 27275438200621
907892 512 0 27275438478945
908404 512 0 27275438757269
908916 512 0 27275439035592
909428 512 0 27275439313916
909940 512 0 27275439592240
910452 512 0 27275439870564
910964 512 0 27275440148888
911476 512 0 27275440427212
911988 512 0 27275440705536
912500 512 0 27275440983860
913012 512 0 27275441262183
913524 512 0 27275441540507
914036 512 0 27275441818831
914548 512 0 27275442097155
915060 512 0 27275442375479
915572 512 0 27275442653803
916084 512 0 27275442932127
916596 512 0 27275443210451
917108 512 0 27275443488777
917620 512 0 27275443767101
918132 512 0 27275444045425
918644 512 0 27275444323749
919156 512 0 27275444602073
919668 512 0 27275444880397
920180 512 0 27275445158721
920692 512 0 27275445437045
921204 512 0 27275445715369
921716 512 0 27275445993693
922228 512 0 27275446272016
922740 512 0 27275446550340
923252 512 0 27275446828664
923764 512 0 27275447106988
924276 512 0 27275447385312
924788 512 0 27275447663636
925300 512 0 27275447941960
925812 512 0 27275448220284
926324 512 0 27275448498608
926836 512 0 27275448776931
927348 512 0 27275449055255
927860 512 0 27275449333579
928372 512 0 27275449611903
928884 512 0 27275449890227
929396 512 0 27275450168551
929908 512 0 27275450446875
930420 512 0 27275450725199
930932 512 0 27275451003523
931444 512 0 27275451281847
931956 512 0 27275451560170
932468 512 0 27275451838494
932980 512 0 27275452116818
933492 512 0 27275452395140
934004 512 0 27275452673464
934516 512 0 27275452951788
935028 512 0 27275453230112
935540 512 0 27275453508436
936052 512 0 27275453786760
936564 512 0 27275454065084
937076 512 0 27275454343408
937588 512 0 27275454621731
938100 512 0 27275454900055
938612 512 0 27275455178379
939124 512 0 27275455456703
939636 512 0 27275455735027
940148 512 0 27275456013351
940660 512 0 27275456291675
941172 512 0 27275456569999
941684 512 0 27275456848323
942196 512 0 27275457126646
942708 512 0 27275457404970
943220 512 0 27275457683294
943732 512 0 27275457961618
944244 512 0 27275458239942
944756 512 0 27275458518266
945268 512 0 27275458796590
945780 512 0 27275459074914
946292 512 0 27275459353238
946804 512 0 27275459631561
947316 512 0 27275459909885
947828 512 0 27275460188209
948340 512 0 27275460466533
948852 512 0 27275460744857
949364 512 0 27275461023181
949876 512 0 27275461301493
950388 512 0 27275461579817
950900 512 0 27275461858141
951412 512 0 27275462136465
951924 512 0 27275462414789
952436 512 0 27275462693113
952948 512 0 27275462971436
953460 512 0 27275463249760
953972 512 0 27275463528084
954484 512 0 27275463806408
954996 512 0 27275464084732
955508 512 0 27275464363056
956020 512 0 27275464641380
956532 512 0 27275464919703
957044 512 0 27275465198027
957556 512 0 27275465476351
958068 512 0 27275465754675
958580 512 0 27275466032999
959092 512 0 27275466311323
959604 512 0 27275466589647
960116 512 0 27275466867970
960628 512 0 27275467146294
961140 512 0 27275467424618
961652 512 0 27275467702942
962164 512 0 27275467981266
962676 512 0 27275468259590
963188 512 0 27275468537914
963700 512 0 27275468816237
964212 512 0 27275469094561
964724 512 0 27275469372885
965236 512 0 27275469651209
965748 512 0 27275469929533
966260 512 0 27275470207837
966772 512 0 27275470486160
967284 512 0 27275470764484
967796 512 0 27275471042808
968308 512 0 27275471321132
968820 512 0 27275471599455
969332 512 0 27275471877779
969844 512 0 27275472156103
970356 512 0 27275472434427
970868 512 0 27275472712751
971380 512 0 27275472991074
971892 512 0 27275473269398
972404 512 0 27275473547722
972916 512 0 27275473826046
973428 512 0 27275474104370
973940 512 0 27275474382693
974452 512 0 27275474661017
974964 512 0 27275474939341
975476 512 0 27275475217665
975988 512 0 27275475495989
976500 512 0 27275475774312
977012 512 0 27275476052636
977524 512 0 27275476330960
978036 512 0 27275476609284
978548 512 0 27275476887608
979060 512 0 27275477165931
979572 512 0 27275477444255
980084 512 0 27275477722579
980596 512 0 27275478000903
981108 512 0 27275478279227
981620 512 0 27275478557550
982132 512 0 27275478835874
982644 512 0 27275479114175
983156 512 0 27275479392499
983668 512 0 27275479670823
984180 512 0 27275479949147
984692 512 0 27275480227470
985204 512 0 27275480505794
985716 512 0 27275480784118
986228 512 0 27275481062442
986740 512 0 27275481340765
987252 512 0 27275481619089
987764 512 0 27275481897413
988276 512 0 27275482175737
988788 512 0 27275482454060
989300 512 0 27275482732384
989812 512 0 27275483010708
990324 512 0 27275483289032
990836 512 0 27275483567355
991348 512 0 27275483845679
991860 512 0 27275484124003
992372 512 0 27275484402326
992884 512 0 27275484680650
993396 512 0 27275484958974
993908 512 0 27275485237298
994420 512 0 27275485515621
994932 512 0 27275485793945
995444 512 0 27275486072269
995956 512 0 27275486350593
996468 512 0 27275486628916
996980 512 0 27275486907240
997492 512 0 27275487185564
998004 512 0 27275487463888
998516 512 0 27275487742211
999028 512 0 27275488020509
999540 512 0 27275488298833
1000052 512 0 27275488577157
1000564 512 0 27275488855480
1001076 512 0 27275489133804
1001588 512 0 27275489412128
1002100 512 0 27275489690451
1002612 512 0 27275489968775
1003124 512 0 27275490247098
1003636 512 0 27275490525422
1004148 512 0 27275490803746
1004660 512 0 27275491082069
1005172 512 0 27275491360393
1005684 512 0 27275491638717
1006196 512 0 27275491917040
1006708 512 0 27275492195364
1007220 512 0 27275492473688
1007732 512 0 27275492752011
1008244 512 0 27275493030335
1008756 512 0 27275493308659
1009268 512 0 27275493586982
1009780 512 0 27275493865306
1010292 512 0 27275494143630
1010804 512 0 27275494421953
1011316 512 0 27275494700277
1011828 512 0 27275494978601
1012340 512 0 27275495256924
1012852 512 0 27275495535248
1013364 512 0 27275495813572
1013876 512 0 27275496091895
1014388 512 0 27275496370219
1014900 512 0 27275496648543
1015412 512 0 27275496926833
1015924 512 0 27275497205157
1016436 512 0 27275497483480
1016948 512 0 27275497761804
1017460 512 0 27275498040128
1017972 512 0 27275498318451
1018484 512 0 27275498596775
1018996 512 0 27275498875098
1019508 512 0 27275499153422
1020020 512 0 27275499431745
1020532 512 0 27275499710069
1021044 512 0 27275499988392
1021556 512 0 27275500266716
1022068 512 0 27275500545040
1022580 512 0 27275500823363
1023092 512 0 27275501101687
1023604 512 0 27275501380010
1024116 512 0 27275501658334
1024628 512 0 27275501936657
1025140 512 0 27275502214981
1025652 512 0 27275502493305
1026164 512 0 27275502771628
1026676 512 0 27275503049952
1027188 512 0 27275503328275
1027700 512 0 27275503606599
1028212 512 0 27275503884922
1028724 512 0 27275504163246
1029236 512 0 27275504441570
1029748 512 0 27275504719893
1030260 512 0 27275504998217
1030772 512 0 27275505276540
1031284 512 0 27275505554864
1031796 512 0 27275505833154
1032308 512 0 27275506111478
1032820 512 0 27275506389801
1033332 512 0 27275506668125
1033844 512 0 27275506946448
1034356 512 0 27275507224772
1034868 512 0 27275507503095
1035380 512 0 27275507781419
1035892 512 0 27275508059742
1036404 512 0 27275508338066
1036916 512 0 27275508616389
1037428 512 0 27275508894713
1037940 512 0 27275509173036
1038452 512 0 27275509451359
1038964 512 0 27275509729683
1039476 512 0 27275510008006
1039988 512 0 27275510286330
1040500 512 0 27275510564653
1041012 512 0 27275510842977
1041524 512 0 27275511121300
1042036 512 0 27275511399624
1042548 512 0 27275511677947
1043060 512 0 27275511956271
1043572 512 0 27275512234594
1044084 512 0 27275512512918
1044596 512 0 27275512791241
1045108 512 0 27275513069565
1045620 512 0 27275513347888
1046132 512 0 27275513626212
1046644 512 0 27275513904535
1047156 512 0 27275514182859
1047668 512 0 27275514461182
1048180 512 0 27275514739470
1048692 512 0 27275515017794
1049204 512 0 27275515296117
1049716 512 0 27275515574440
1050228 512 0 27275515852764
1050740 512 0 27275516131087
1051252 512 0 27275516409410
1051764 512 0 27275516687734
1052276 512 0 27275516966057
1052788 512 0 27275517244381
1053300 512 0 27275517522704
1053812 512 0 27275517801027
1054324 512 0 27275518079351
1054836 512 0 27275518357674
1055348 512 0 27275518635997
1055860 512 0 27275518914321
1056372 512 0 27275519192644
1056884 512 0 27275519470968
1057396 512 0 27275519749291
1057908 512 0 27275520027614
1058420 512 0 27275520305938
1058932 512 0 27275520584261
1059444 512 0 27275520862584
1059956 512 0 27275521140908
1060468 512 0 27275521419231
1060980 512 0 27275521697554
1061492 512 0 27275521975878
1062004 512 0 27275522254201
1062516 512 0 27275522532525
1063028 512 0 27275522810848
1063540 512 0 27275523089171
1064052 512 0 27275523367495
1064564 512 0 27275523645779
1065076 512 0 27275523924102
1065588 512 0 27275524202425
1066100 512 0 27275524480748
1066612 512 0 27275524759072
1067124 512 0 27275525037395
1067636 512 0 27275525315718
1068148 512 0 27275525594041
1068660 512 0 27275525872365
1069172 512 0 27275526150688
1069684 512 0 27275526429011
1070196 512 0 27275526707335
1070708 512 0 27275526985658
1071220 512 0 27275527263981
1071732 512 0 27275527542304
1072244 512 0 27275527820628
1072756 512 0 27275528098951
1073268 512 0 27275528377274
1073780 512 0 27275528655597
1074292 512 0 27275528933921
1074804 512 0 27275529212244
1075316 512 0 27275529490567
1075828 512 0 27275529768890
1076340 512 0 27275530047214
1076852 512 0 27275530325537
1077364 512 0 27275530603860
1077876 512 0 27275530882183
1078388 512 0 27275531160507
1078900 512 0 27275531438830
1079412 512 0 27275531717153
1079924 512 0 27275531995476
1080436 512 0 27275532273800
1080948 512 0 27275532552084
1081460 512 0 27275532830407
1081972 512 0 27275533108731
1082484 512 0 27275533387054
1082996 512 0 27275533665377
1083508 512 0 27275533943700
1084020 512 0 27275534222023
1084532 512 0 27275534500346
1085044 512 0 27275534778669
1085556 512 0 27275535056993
1086068 512 0 27275535335316
1086580 512 0 27275535613639
1087092 512 0 27275535891962
1087604 512 0 27275536170285
1088116 512 0 27275536448608
1088628 512 0 27275536726931
1089140 512 0 27275537005255
1089652 512 0 27275537283578
1090164 512 0 27275537561901
1090676 512 0 27275537840224
1091188 512 0 27275538118547
1091700 512 0 27275538396870
1092212 512 0 27275538675194
1092724 512 0 27275538953517
1093236 512 0 27275539231840
1093748 512 0 27275539510163
1094260 512 0 27275539788486
1094772 512 0 27275540066809
1095284 512 0 27275540345132
1095796 512 0 27275540623456
1096308 512 0 27275540901779
1096820 512 0 27275541180102
1097332 512 0 27275541458420
1097844 512 0 27275541736743
1098356 512 0 27275542015066
1098868 512 0 27275542293389
1099380 512 0 27275542571712
1099892 512 0 27275542850035
1100404 512 0 27275543128359
1100916 512 0 27275543406682
1101428 512 0 27275543685005
1101940 512 0 27275543963328
1102452 512 0 27275544241651
1102964 512 0 27275544519974
1103476 512 0 27275544798297
1103988 512 0 27275545076621
1104500 512 0 27275545354944
1105012 512 0 27275545633267
1105524 512 0 27275545911590
1106036 512 0 27275546189913
1106548 512 0 27275546468236
1107060 512 0 27275546746559
1107572 512 0 27275547024882
1108084 512 0 27275547303206
1108596 512 0 27275547581529
1109108 512 0 27275547859852
1109620 512 0 27275548138175
1110132 512 0 27275548416498
1110644 512 0 27275548694821
1111156 512 0 27275548973144
1111668 512 0 27275549251468
1112180 512 0 27275549529791
1112692 512 0 27275549808114
1113204 512 0 27275550086437
1113716 512 0 27275550364778
1114228 512 0 27275550643102
1114740 512 0 27275550921425
1115252 512 0 27275551199748
1115764 512 0 27275551478071
1116276 512 0 27275551756394
1116788 512 0 27275552034718
1117300 512 0 27275552313041
1117812 512 0 27275552591364
1118324 512 0 27275552869687
1118836 512 0 27275553148010
1119348 512 0 27275553426333
1119860 512 0 27275553704657
1120372 512 0 27275553982980
1120884 512 0 27275554261303
1121396 512 0 27275554539626
1121908 512 0 27275554817949
1122420 512 0 27275555096273
1122932 512 0 27275555374596
1123444 512 0 27275555652919
1123956 512 0 27275555931242
1124468 512 0 27275556209565
1124980 512 0 27275556487889
1125492 512 0 27275556766212
1126004 512 0 27275557044535
1126516 512 0 27275557322858
1127028 512 0 27275557601181
1127540 512 0 27275557879504
1128052 512 0 27275558157828
1128564 512 0 27275558436151
1129076 512 0 27275558714474
1129588 512 0 27275558992797
1130100 512 0 27275559271136
1130612 512 0 27275559549459
1131124 512 0 27275559827782
1131636 512 0 27275560106105
1132148 512 0 27275560384429
1132660 512 0 27275560662752
1133172 512 0 27275560941075
1133684 512 0 27275561219398
1134196 512 0 27275561497722
1134708 512 0 27275561776045
1135220 512 0 27275562054368
1135732 512 0 27275562332691
1136244 512 0 27275562611015
1136756 512 0 27275562889338
1137268 512 0 27275563167661
1137780 512 0 27275563445984
1138292 512 0 27275563724307
1138804 512 0 27275564002631
1139316 512 0 27275564280954
1139828 512 0 27275564559277
1140340 512 0 27275564837600
1140852 512 0 27275565115924
1141364 512 0 27275565394247
1141876 512 0 27275565672570
1142388 512 0 27275565950893
1142900 512 0 27275566229217
1143412 512 0 27275566507540
1143924 512 0 27275566785863
1144436 512 0 27275567064186
1144948 512 0 27275567342509
1145460 512 0 27275567620833
1145972 512 0 27275567899156
1146484 512 0 27275568177491
1146996 512 0 27275568455814
1147508 512 0 27275568734137
1148020 512 0 27275569012461
1148532 512 0 27275569290784
1149044 512 0 27275569569107
1149556 512 0 27275569847430
1150068 512 0 27275570125754
1150580 512 0 27275570404077
1151092 512 0 27275570682400
1151604 512 0 27275570960723
1152116 512 0 27275571239047
1152628 512 0 27275571517370
1153140 512 0 27275571795693
1153652 512 0 27275572074016
1154164 512 0 27275572352340
1154676 512 0 27275572630663
1155188 512 0 27275572908986
1155700 512 0 27275573187310
1156212 512 0 27275573465633
1156724 512 0 27275573743956
1157236 512 0 27275574022279
1157748 512 0 27275574300603
1158260 512 0 27275574578926
1158772 512 0 27275574857249
1159284 512 0 27275575135572
1159796 512 0 27275575413896
1160308 512 0 27275575692219
1160820 512 0 27275575970542
1161332 512 0 27275576248865
1161844 512 0 27275576527189
1162356 512 0 27275576805512
1162868 512 0 27275577083830
1163380 512 0 27275577362154
1163892 512 0 27275577640477
1164404 512 0 27275577918800
1164916 512 0 27275578197123
1165428 512 0 27275578475447
1165940 512 0 27275578753770
1166452 512 0 27275579032093
1166964 512 0 27275579310416
1167476 512 0 27275579588740
1167988 512 0 27275579867063
1168500 512 0 27275580145386
1169012 512 0 27275580423709
1169524 512 0 27275580702033
1170036 512 0 27275580980356
1170548 512 0 27275581258679
1171060 512 0 27275581537002
1171572 512 0 27275581815326
1172084 512 0 27275582093649
1172596 512 0 27275582371972
1173108 512 0 27275582650295
1173620 512 0 27275582928619
1174132 512 0 27275583206942
1174644 512 0 27275583485265
1175156 512 0 27275583763588
1175668 512 0 27275584041912
1176180 512 0 27275584320235
1176692 512 0 27275584598558
1177204 512 0 27275584876881
1177716 512 0 27275585155205
1178228 512 0 27275585433528
1178740 512 0 27275585711851
1179252 512 0 27275585990149
1179764 512 0 27275586268472
1180276 512 0 27275586546795
1180788 512 0 27275586825119
1181300 512 0 27275587103442
1181812 512 0 27275587381765
1182324 512 0 27275587660088
1182836 512 0 27275587938411
1183348 512 0 27275588216735
1183860 512 0 27275588495058
1184372 512 0 27275588773381
1184884 512 0 27275589051704
1185396 512 0 27275589330027
1185908 512 0 27275589608350
1186420 512 0 27275589886674
1186932 512 0 27275590164997
1187444 512 0 27275590443320
1187956 512 0 27275590721643
1188468 512 0 27275590999966
1188980 512 0 27275591278290
1189492 512 0 27275591556613
1190004 512 0 27275591834936
1190516 512 0 27275592113259
1191028 512 0 27275592391582
1191540 512 0 27275592669905
1192052 512 0 27275592948229
1192564 512 0 27275593226552
1193076 512 0 27275593504875
1193588 512 0 27275593783198
1194100 512 0 27275594061521
1194612 512 0 27275594339844
1195124 512 0 27275594618168
1195636 512 0 27275594896490
1196148 512 0 27275595174813
1196660 512 0 27275595453136
1197172 512 0 27275595731460
1197684 512 0 27275596009783
1198196 512 0 27275596288106
1198708 512 0 27275596566429
1199220 512 0 27275596844752
1199732 512 0 27275597123075
1200244 512 0 27275597401399
1200756 512 0 27275597679722
1201268 512 0 27275597958045
1201780 512 0 27275598236368
1202292 512 0 27275598514691
1202804 512 0 27275598793015
1203316 512 0 27275599071338
1203828 512 0 27275599349661
1204340 512 0 27275599627984
1204852 512 0 27275599906307
1205364 512 0 27275600184630
1205876 512 0 27275600462954
1206388 512 0 27275600741277
1206900 512 0 27275601019600
1207412 512 0 27275601297923
1207924 512 0 27275601576246
1208436 512 0 27275601854569
1208948 512 0 27275602132893
1209460 512 0 27275602411216
1209972 512 0 27275602689539
1210484 512 0 27275602967862
1210996 512 0 27275603246185
1211508 512 0 27275603524509
1212020 512 0 27275603802845
1212532 512 0 27275604081168
1213044 512 0 27275604359492
1213556 512 0 27275604637815
1214068 512 0 27275604916138
1214580 512 0 27275605194461
1215092 512 0 27275605472785
1215604 512 0 27275605751108
1216116 512 0 27275606029431
1216628 512 0 27275606307754
1217140 512 0 27275606586077
1217652 512 0 27275606864401
1218164 512 0 27275607142724
1218676 512 0 27275607421047
1219188 512 0 27275607699370
1219700 512 0 27275607977693
1220212 512 0 27275608256017
1220724 512 0 27275608534340
1221236 512 0 27275608812663
1221748 512 0 27275609090986
1222260 512 0 27275609369310
1222772 512 0 27275609647633
1223284 512 0 27275609925956
1223796 512 0 27275610204279
1224308 512 0 27275610482602
1224820 512 0 27275610760926
1225332 512 0 27275611039249
1225844 512 0 27275611317572
1226356 512 0 27275611595895
1226868 512 0 27275611874218
1227380 512 0 27275612152542
1227892 512 0 27275612430865
1228404 512 0 27275612709203
1228916 512 0 27275612987526
1229428 512 0 27275613265849
1229940 512 0 27275613544172
1230452 512 0 27275613822496
1230964 512 0 27275614100819
1231476 512 0 27275614379142
1231988 512 0 27275614657465
1232500 512 0 27275614935789
1233012 512 0 27275615214112
1233524 512 0 27275615492435
1234036 512 0 27275615770758
1234548 512 0 27275616049082
1235060 512 0 27275616327405
1235572 512 0 27275616605728
1236084 512 0 27275616884051
1236596 512 0 27275617162375
1237108 512 0 27275617440698
1237620 512 0 27275617719021
1238132 512 0 27275617997344
1238644 512 0 27275618275668
1239156 512 0 27275618553991
1239668 512 0 27275618832314
1240180 512 0 27275619110637
1240692 512 0 27275619388961
1241204 512 0 27275619667284
1241716 512 0 27275619945607
1242228 512 0 27275620223930
1242740 512 0 27275620502254
1243252 512 0 27275620780577
1243764 512 0 27275621058900
1244276 512 0 27275621337223
1244788 512 0 27275621615555
1245300 512 0 27275621893879
1245812 512 0 27275622172202
1246324 512 0 27275622450525
1246836 512 0 27275622728848
1247348 512 0 27275623007172
1247860 512 0 27275623285495
1248372 512 0 27275623563818
1248884 512 0 27275623842142
1249396 512 0 27275624120465
1249908 512 0 27275624398788
1250420 512 0 27275624677111
1250932 512 0 27275624955435
1251444 512 0 27275625233758
1251956 512 0 27275625512081
1252468 512 0 27275625790405
1252980 512 0 27275626068728
1253492 512 0 27275626347051
1254004 512 0 27275626625374
1254516 512 0 27275626903698
1255028 512 0 27275627182021
1255540 512 0 27275627460344
1256052 512 0 27275627738667
1256564 512 0 27275628016991
1257076 512 0 27275628295314
1257588 512 0 27275628573637
1258100 512 0 27275628851961
1258612 512 0 27275629130284
1259124 512 0 27275629408607
1259636 512 0 27275629686930
1260148 512 0 27275629965254
1260660 512 0 27275630243577
1261172 512 0 27275630521904
1261684 512 0 27275630800227
1262196 512 0 27275631078550
1262708 512 0 27275631356873
1263220 512 0 27275631635197
1263732 512 0 27275631913520
1264244 512 0 27275632191843
1264756 512 0 27275632470167
1265268 512 0 27275632748490
1265780 512 0 27275633026813
1266292 512 0 27275633305136
1266804 512 0 27275633583460
1267316 512 0 27275633861783
1267828 512 0 27275634140106
1268340 512 0 27275634418430
1268852 512 0 27275634696753
1269364 512 0 27275634975076
1269876 512 0 27275635253400
1270388 512 0 27275635531723
1270900 512 0 27275635810046
1271412 512 0 27275636088369
1271924 512 0 27275636366693
1272436 512 0 27275636645016
1272948 512 0 27275636923339
1273460 512 0 27275637201663
1273972 512 0 27275637479986
1274484 512 0 27275637758309
1274996 512 0 27275638036632
1275508 512 0 27275638314956
1276020 512 0 27275638593279
1276532 512 0 27275638871602
1277044 512 0 27275639149926
1277556 512 0 27275639428245
1278068 512 0 27275639706569
1278580 512 0 27275639984892
1279092 512 0 27275640263215
1279604 512 0 27275640541538
1280116 512 0 27275640819862
1280628 512 0 27275641098185
1281140 512 0 27275641376508
1281652 512 0 27275641654832
1282164 512 0 27275641933155
1282676 512 0 27275642211478
1283188 512 0 27275642489801
1283700 512 0 27275642768125
1284212 512 0 27275643046448
1284724 512 0 27275643324771
1285236 512 0 27275643603094
1285748 512 0 27275643881418
1286260 512 0 27275644159741
1286772 512 0 27275644438064
1287284 512 0 27275644716388
1287796 512 0 27275644994711
1288308 512 0 27275645273034
1288820 512 0 27275645551357
1289332 512 0 27275645829681
1289844 512 0 27275646108004
1290356 512 0 27275646386327
1290868 512 0 27275646664651
1291380 512 0 27275646942974
1291892 512 0 27275647221297
1292404 512 0 27275647499620
1292916 512 0 27275647777944
1293428 512 0 27275648056267
1293940 512 0 27275648334582
1294452 512 0 27275648612905
1294964 512 0 27275648891228
1295476 512 0 27275649169551
1295988 512 0 27275649447875
1296500 512 0 27275649726198
1297012 512 0 27275650004521
1297524 512 0 27275650282844
1298036 512 0 27275650561168
1298548 512 0 27275650839491
1299060 512 0 27275651117814
1299572 512 0 27275651396137
1300084 512 0 27275651674461
1300596 512 0 27275651952784
1301108 512 0 27275652231107
1301620 512 0 27275652509430
1302132 512 0 27275652787754
1302644 512 0 27275653066077
1303156 512 0 27275653344400
1303668 512 0 27275653622723
1304180 512 0 27275653901047
1304692 512 0 27275654179370
1305204 512 0 27275654457693
1305716 512 0 27275654736016
1306228 512 0 27275655014340
1306740 512 0 27275655292663
1307252 512 0 27275655570986
1307764 512 0 27275655849309
1308276 512 0 27275656127633
1308788 512 0 27275656405956
1309300 512 0 27275656684279
1309812 512 0 27275656962602
1310324 512 0 27275657240915
1310836 512 0 27275657519238
1311348 512 0 27275657797561
1311860 512 0 27275658075884
1312372 512 0 27275658354207
1312884 512 0 27275658632531
1313396 512 0 27275658910854
1313908 512 0 27275659189177
1314420 512 0 27275659467500
1314932 512 0 27275659745824
1315444 512 0 27275660024147
1315956 512 0 27275660302470
1316468 512 0 27275660580793
1316980 512 0 27275660859116
1317492 512 0 27275661137440
1318004 512 0 27275661415763
1318516 512 0 27275661694086
1319028 512 0 27275661972409
1319540 512 0 27275662250733
1320052 512 0 27275662529056
1320564 512 0 27275662807379
1321076 512 0 27275663085702
1321588 512 0 27275663364025
1322100 512 0 27275663642349
1322612 512 0 27275663920672
1323124 512 0 27275664198995
1323636 512 0 27275664477318
1324148 512 0 27275664755642
1324660 512 0 27275665033965
1325172 512 0 27275665312288
1325684 512 0 27275665590611
1326196 512 0 27275665868934
1326708 512 0 27275666147237
1327220 512 0 27275666425560
1327732 512 0 27275666703883
1328244 512 0 27275666982206
1328756 512 0 27275667260529
1329268 512 0 27275667538852
1329780 512 0 27275667817176
1330292 512 0 27275668095499
1330804 512 0 27275668373822
1331316 512 0 27275668652145
1331828 512 0 27275668930468
1332340 512 0 27275669208791
1332852 512 0 27275669487115
1333364 512 0 27275669765438
1333876 512 0 27275670043761
1334388 512 0 27275670322084
1334900 512 0 27275670600407
1335412 512 0 27275670878730
1335924 512 0 27275671157054
1336436 512 0 27275671435377
1336948 512 0 27275671713700
1337460 512 0 27275671992023
1337972 512 0 27275672270346
1338484 512 0 27275672548669
1338996 512 0 27275672826993
1339508 512 0 27275673105316
1340020 512 0 27275673383639
1340532 512 0 27275673661962
1341044 512 0 27275673940285
1341556 512 0 27275674218608
1342068 512 0 27275674496932
1342580 512 0 27275674775255
1343092 512 0 27275675053552
1343604 512 0 27275675331875
1344116 512 0 27275675610199
1344628 512 0 27275675888522
1345140 512 0 27275676166845
1345652 512 0 27275676445168
1346164 512 0 27275676723491
1346676 512 0 27275677001814
1347188 512 0 27275677280137
1347700 512 0 27275677558460
1348212 512 0 27275677836783
1348724 512 0 27275678115106
1349236 512 0 27275678393429
1349748 512 0 27275678671753
1350260 512 0 27275678950076
1350772 512 0 27275679228399
1351284 512 0 27275679506722
1351796 512 0 27275679785045
1352308 512 0 27275680063368
1352820 512 0 27275680341691
1353332 512 0 27275680620014
1353844 512 0 27275680898337
1354356 512 0 27275681176660
1354868 512 0 27275681454983
1355380 512 0 27275681733307
1355892 512 0 27275682011630
1356404 512 0 27275682289953
1356916 512 0 27275682568276
1357428 512 0 27275682846599
1357940 512 0 27275683124922
1358452 512 0 27275683403245
1358964 512 0 27275683681568
1359476 512 0 27275683959861
1359988 512 0 27275684238184
1360500 512 0 27275684516507
1361012 512 0 27275684794830
1361524 512 0 27275685073153
1362036 512 0 27275685351476
1362548 512 0 27275685629799
1363060 512 0 27275685908122
1363572 512 0 27275686186445
1364084 512 0 27275686464768
1364596 512 0 27275686743091
1365108 512 0 27275687021414
1365620 512 0 27275687299737
1366132 512 0 27275687578060
1366644 512 0 27275687856383
1367156 512 0 27275688134706
1367668 512 0 27275688413029
1368180 512 0 27275688691352
1368692 512 0 27275688969675
1369204 512 0 27275689247998
1369716 512 0 27275689526321
1370228 512 0 27275689804644
1370740 512 0 27275690082967
1371252 512 0 27275690361290
1371764 512 0 27275690639613
1372276 512 0 27275690917936
1372788 512 0 27275691196259
1373300 512 0 27275691474582
1373812 512 0 27275691752905
1374324 512 0 27275692031228
1374836 512 0 27275692309551
1375348 512 0 27275692587874
1375860 512 0 27275692866164
1376372 512 0 27275693144487
1376884 512 0 27275693422810
1377396 512 0 27275693701132
1377908 512 0 27275693979455
1378420 512 0 27275694257778
1378932 512 0 27275694536101
1379444 512 0 27275694814424
1379956 512 0 27275695092747
1380468 512 0 27275695371070
1380980 512 0 27275695649393
1381492 512 0 27275695927716
1382004 512 0 27275696206039
1382516 512 0 27275696484362
1383028 512 0 27275696762684
1383540 512 0 27275697041007
1384052 512 0 27275697319330
1384564 512 0 27275697597653
1385076 512 0 27275697875976
1385588 512 0 27275698154299
1386100 512 0 27275698432622
1386612 512 0 27275698710945
1387124 512 0 27275698989268
1387636 512 0 27275699267591
1388148 512 0 27275699545914
1388660 512 0 27275699824236
1389172 512 0 27275700102559
1389684 512 0 27275700380882
1390196 512 0 27275700659205
1390708 512 0 27275700937528
1391220 512 0 27275701215851
1391732 512 0 27275701494174
1392244 512 0 27275701772507
1392756 512 0 27275702050830
1393268 512 0 27275702329152
1393780 512 0 27275702607475
1394292 512 0 27275702885798
1394804 512 0 27275703164121
1395316 512 0 27275703442444
1395828 512 0 27275703720767
1396340 512 0 27275703999090
1396852 512 0 27275704277413
1397364 512 0 27275704555736
1397876 512 0 27275704834059
1398388 512 0 27275705112382
1398900 512 0 27275705390705
1399412 512 0 27275705669028
1399924 512 0 27275705947351
1400436 512 0 27275706225674
1400948 512 0 27275706503997
1401460 512 0 27275706782319
1401972 512 0 27275707060642
1402484 512 0 27275707338965
1402996 512 0 27275707617288
1403508 512 0 27275707895611
1404020 512 0 27275708173934
1404532 512 0 27275708452257
1405044 512 0 27275708730580
1405556 512 0 27275709008903
1406068 512 0 27275709287226
1406580 512 0 27275709565549
1407092 512 0 27275709843872
1407604 512 0 27275710122195
1408116 512 0 27275710400518
1408628 512 0 27275710678864
1409140 512 0 27275710957187
1409652 512 0 27275711235510
1410164 512 0 27275711513833
1410676 512 0 27275711792156
1411188 512 0 27275712070479
1411700 512 0 27275712348802
1412212 512 0 27275712627125
1412724 512 0 27275712905448
1413236 512 0 27275713183771
1413748 512 0 27275713462094
1414260 512 0 27275713740417
1414772 512 0 27275714018740
1415284 512 0 27275714297063
1415796 512 0 27275714575386
1416308 512 0 27275714853709
1416820 512 0 27275715132032
1417332 512 0 27275715410355
1417844 512 0 27275715688678
1418356 512 0 27275715967001
1418868 512 0 27275716245324
1419380 512 0 27275716523647
1419892 512 0 27275716801970
1420404 512 0 27275717080293
1420916 512 0 27275717358616
1421428 512 0 27275717636939
1421940 512 0 27275717915262
1422452 512 0 27275718193585
1422964 512 0 27275718471908
1423476 512 0 27275718750231
1423988 512 0 27275719028554
1424500 512 0 27275719306877
1425012 512 0 27275719585222
1425524 512 0 27275719863545
1426036 512 0 27275720141868
1426548 512 0 27275720420191
1427060 512 0 27275720698514
1427572 512 0 27275720976837
1428084 512 0 27275721255160
1428596 512 0 27275721533483
1429108 512 0 27275721811806
1429620 512 0 27275722090129
1430132 512 0 27275722368452
1430644 512 0 27275722646775
1431156 512 0 27275722925098
1431668 512 0 27275723203421
1432180 512 0 27275723481744
1432692 512 0 27275723760068
1433204 512 0 27275724038391
1433716 512 0 27275724316714
1434228 512 0 27275724595037
1434740 512 0 27275724873360
1435252 512 0 27275725151683
1435764 512 0 27275725430006
1436276 512 0 27275725708329
1436788 512 0 27275725986652
1437300 512 0 27275726264975
1437812 512 0 27275726543298
1438324 512 0 27275726821621
1438836 512 0 27275727099944
1439348 512 0 27275727378267
1439860 512 0 27275727656590
1440372 512 0 27275727934914
1440884 512 0 27275728213237
1441396 512 0 27275728491574
1441908 512 0 27275728769897
1442420 512 0 27275729048220
1442932 512 0 27275729326543
1443444 512 0 27275729604866
1443956 512 0 27275729883189
1444468 512 0 27275730161512
1444980 512 0 27275730439836
1445492 512 0 27275730718159
1446004 512 0 27275730996482
1446516 512 0 27275731274805
1447028 512 0 27275731553128
1447540 512 0 27275731831451
1448052 512 0 27275732109774
1448564 512 0 27275732388097
1449076 512 0 27275732666420
1449588 512 0 27275732944744
1450100 512 0 27275733223067
1450612 512 0 27275733501390
1451124 512 0 27275733779713
1451636 512 0 27275734058036
1452148 512 0 27275734336359
1452660 512 0 27275734614682
1453172 512 0 27275734893005
1453684 512 0 27275735171328
1454196 512 0 27275735449651
1454708 512 0 27275735727975
1455220 512 0 27275736006298
1455732 512 0 27275736284621
1456244 512 0 27275736562944
1456756 512 0 27275736841267
1457268 512 0 27275737119590
1457780 512 0 27275737397919
1458292 512 0 27275737676243
1458804 512 0 27275737954566
1459316 512 0 27275738232889
1459828 512 0 27275738511212
1460340 512 0 27275738789535
1460852 512 0 27275739067858
1461364 512 0 27275739346181
1461876 512 0 27275739624504
1462388 512 0 27275739902828
1462900 512 0 27275740181151
1463412 512 0 27275740459474
1463924 512 0 27275740737797
1464436 512 0 27275741016120
1464948 512 0 27275741294443
1465460 512 0 27275741572766
1465972 512 0 27275741851089
1466484 512 0 27275742129412
1466996 512 0 27275742407736
1467508 512 0 27275742686059
1468020 512 0 27275742964382
1468532 512 0 27275743242705
1469044 512 0 27275743521028
1469556 512 0 27275743799351
1470068 512 0 27275744077674
1470580 512 0 27275744355997
1471092 512 0 27275744634321
1471604 512 0 27275744912644
1472116 512 0 27275745190967
1472628 512 0 27275745469290
1473140 512 0 27275745747613
1473652 512 0 27275746025936
1474164 512 0 27275746304258
1474676 512 0 27275746582581
1475188 512 0 27275746860905
1475700 512 0 27275747139228
1476212 512 0 27275747417551
1476724 512 0 27275747695874
1477236 512 0 27275747974197
1477748 512 0 27275748252520
1478260 512 0 27275748530843
1478772 512 0 27275748809166
1479284 512 0 27275749087490
1479796 512 0 27275749365813
1480308 512 0 27275749644136
1480820 512 0 27275749922459
1481332 512 0 27275750200782
1481844 512 0 27275750479105
1482356 512 0 27275750757428
1482868 512 0 27275751035751
1483380 512 0 27275751314074
1483892 512 0 27275751592398
1484404 512 0 27275751870721
1484916 512 0 27275752149044
1485428 512 0 27275752427367
1485940 512 0 27275752705690
1486452 512 0 27275752984013
1486964 512 0 27275753262336
1487476 512 0 27275753540659
1487988 512 0 27275753818983
1488500 512 0 27275754097306
1489012 512 0 27275754375629
1489524 512 0 27275754653952
1490036 512 0 27275754932275
1490548 512 0 27275755210591
1491060 512 0 27275755488914
1491572 512 0 27275755767237
1492084 512 0 27275756045560
1492596 512 0 27275756323883
1493108 512 0 27275756602206
1493620 512 0 27275756880529
1494132 512 0 27275757158852
1494644 512 0 27275757437175
1495156 512 0 27275757715499
1495668 512 0 27275757993822
1496180 512 0 27275758272145
1496692 512 0 27275758550468
1497204 512 0 27275758828791
1497716 512 0 27275759107114
1498228 512 0 27275759385437
1498740 512 0 27275759663760
1499252 512 0 27275759942083
1499764 512 0 27275760220406
1500276 512 0 27275760498730
1500788 512 0 27275760777053
1501300 512 0 27275761055376
1501812 512 0 27275761333699
1502324 512 0 27275761612022
1502836 512 0 27275761890345
1503348 512 0 27275762168668
1503860 512 0 27275762446991
1504372 512 0 27275762725314
1504884 512 0 27275763003637
1505396 512 0 27275763281960
1505908 512 0 27275763560284
1506420 512 0 27275763838607
1506932 512 0 27275764116918
1507444 512 0 27275764395241
1507956 512 0 27275764673564
1508468 512 0 27275764951887
1508980 512 0 27275765230210
1509492 512 0 27275765508533
1510004 512 0 27275765786856
1510516 512 0 27275766065179
1511028 512 0 27275766343502
1511540 512 0 27275766621825
1512052 512 0 27275766900148
1512564 512 0 27275767178471
1513076 512 0 27275767456794
1513588 512 0 27275767735117
1514100 512 0 27275768013440
1514612 512 0 27275768291764
1515124 512 0 27275768570087
1515636 512 0 27275768848410
1516148 512 0 27275769126733
1516660 512 0 27275769405056
1517172 512 0 27275769683379
1517684 512 0 27275769961702
1518196 512 0 27275770240025
1518708 512 0 27275770518348
1519220 512 0 27275770796671
1519732 512 0 27275771074994
1520244 512 0 27275771353317
1520756 512 0 27275771631640
1521268 512 0 27275771909963
1521780 512 0 27275772188286
1522292 512 0 27275772466609
1522804 512 0 27275772744933
1523316 512 0 27275773023239
1523828 512 0 27275773301562
1524340 512 0 27275773579885
1524852 512 0 27275773858208
1525364 512 0 27275774136531
1525876 512 0 27275774414854
1526388 512 0 27275774693177
1526900 512 0 27275774971500
1527412 512 0 27275775249823
1527924 512 0 27275775528146
1528436 512 0 27275775806469
1528948 512 0 27275776084792
1529460 512 0 27275776363115
1529972 512 0 27275776641438
1530484 512 0 27275776919761
1530996 512 0 27275777198084
1531508 512 0 27275777476407
1532020 512 0 27275777754730
1532532 512 0 27275778033053
1533044 512 0 27275778311376
1533556 512 0 27275778589699
1534068 512 0 27275778868022
1534580 512 0 27275779146345
1535092 512 0 27275779424668
1535604 512 0 27275779702991
1536116 512 0 27275779981314
1536628 512 0 27275780259638
1537140 512 0 27275780537961
1537652 512 0 27275780816284
1538164 512 0 27275781094607
1538676 512 0 27275781372930
1539188 512 0 27275781651253
1539700 512 0 27275781929554
1540212 512 0 27275782207877
1540724 512 0 27275782486200
1541236 512 0 27275782764523
1541748 512 0 27275783042846
1542260 512 0 27275783321169
1542772 512 0 27275783599492
1543284 512 0 27275783877815
1543796 512 0 27275784156138
1544308 512 0 27275784434461
1544820 512 0 27275784712784
1545332 512 0 27275784991107
1545844 512 0 27275785269430
1546356 512 0 27275785547753
1546868 512 0 27275785826076
1547380 512 0 27275786104399
1547892 512 0 27275786382721
1548404 512 0 27275786661044
1548916 512 0 27275786939367
1549428 512 0 27275787217690
1549940 512 0 27275787496013
1550452 512 0 27275787774336
1550964 512 0 27275788052659
1551476 512 0 27275788330982
1551988 512 0 27275788609305
1552500 512 0 27275788887628
1553012 512 0 27275789165951
1553524 512 0 27275789444274
1554036 512 0 27275789722597
1554548 512 0 27275790000920
1555060 512 0 27275790279243
1555572 512 0 27275790557566
1556084 512 0 27275790835862
1556596 512 0 27275791114185
1557108 512 0 27275791392508
1557620 512 0 27275791670830
1558132 512 0 27275791949153
1558644 512 0 27275792227476
1559156 512 0 27275792505799
1559668 512 0 27275792784122
1560180 512 0 27275793062445
1560692 512 0 27275793340768
1561204 512 0 27275793619091
1561716 512 0 27275793897413
1562228 512 0 27275794175736
1562740 512 0 27275794454059
1563252 512 0 27275794732382
1563764 512 0 27275795010705
1564276 512 0 27275795289028
1564788 512 0 27275795567351
1565300 512 0 27275795845674
1565812 512 0 27275796123996
1566324 512 0 27275796402319
1566836 512 0 27275796680642
1567348 512 0 27275796958965
1567860 512 0 27275797237288
1568372 512 0 27275797515611
1568884 512 0 27275797793934
1569396 512 0 27275798072257
1569908 512 0 27275798350580
1570420 512 0 27275798628902
1570932 512 0 27275798907225
1571444 512 0 27275799185548
1571956 512 0 27275799463871
1572468 512 0 27275799742167
1572980 512 0 27275800020490
1573492 512 0 27275800298813
1574004 512 0 27275800577136
1574516 512 0 27275800855459
1575028 512 0 27275801133781
1575540 512 0 27275801412104
1576052 512 0 27275801690427
1576564 512 0 27275801968750
1577076 512 0 27275802247073
1577588 512 0 27275802525395
1578100 512 0 27275802803718
1578612 512 0 27275803082041
1579124 512 0 27275803360364
1579636 512 0 27275803638687
1580148 512 0 27275803917009
1580660 512 0 27275804195332
1581172 512 0 27275804473655
1581684 512 0 27275804751978
1582196 512 0 27275805030301
1582708 512 0 27275805308623
1583220 512 0 27275805586946
1583732 512 0 27275805865269
1584244 512 0 27275806143592
1584756 512 0 27275806421915
1585268 512 0 27275806700238
1585780 512 0 27275806978560
1586292 512 0 27275807256883
1586804 512 0 27275807535206
1587316 512 0 27275807813529
1587828 512 0 27275808091852
1588340 512 0 27275808370174
1588852 512 0 27275808648470
1589364 512 0 27275808926793
1589876 512 0 27275809205115
1590388 512 0 27275809483438
1590900 512 0 27275809761761
1591412 512 0 27275810040084
1591924 512 0 27275810318406
1592436 512 0 27275810596729
1592948 512 0 27275810875052
1593460 512 0 27275811153375
1593972 512 0 27275811431697
1594484 512 0 27275811710020
1594996 512 0 27275811988343
1595508 512 0 27275812266665
1596020 512 0 27275812544988
1596532 512 0 27275812823311
1597044 512 0 27275813101634
1597556 512 0 27275813379956
1598068 512 0 27275813658279
1598580 512 0 27275813936602
1599092 512 0 27275814214925
1599604 512 0 27275814493247
1600116 512 0 27275814771570
1600628 512 0 27275815049893
1601140 512 0 27275815328215
1601652 512 0 27275815606538
1602164 512 0 27275815884861
1602676 512 0 27275816163184
1603188 512 0 27275816441506
1603700 512 0 27275816719829
1604212 512 0 27275816998152
1604724 512 0 27275817276475
1605236 512 0 27275817554768
1605748 512 0 27275817833091
1606260 512 0 27275818111414
1606772 512 0 27275818389736
1607284 512 0 27275818668059
1607796 512 0 27275818946382
1608308 512 0 27275819224704
1608820 512 0 27275819503027
1609332 512 0 27275819781350
1609844 512 0 27275820059672
1610356 512 0 27275820337995
1610868 512 0 27275820616318
1611380 512 0 27275820894640
1611892 512 0 27275821172963
1612404 512 0 27275821451285
1612916 512 0 27275821729608
1613428 512 0 27275822007931
1613940 512 0 27275822286253
1614452 512 0 27275822564576
1614964 512 0 27275822842899
1615476 512 0 27275823121221
1615988 512 0 27275823399544
1616500 512 0 27275823677867
1617012 512 0 27275823956189
1617524 512 0 27275824234512
1618036 512 0 27275824512835
1618548 512 0 27275824791157
1619060 512 0 27275825069480
1619572 512 0 27275825347802
1620084 512 0 27275825626125
1620596 512 0 27275825904448
1621108 512 0 27275826182770
1621620 512 0 27275826461065
1622132 512 0 27275826739388
1622644 512 0 27275827017710
1623156 512 0 27275827296033
1623668 512 0 27275827574355
1624180 512 0 27275827852678
1624692 512 0 27275828131000
1625204 512 0 27275828409323
1625716 512 0 27275828687645
1626228 512 0 27275828965968
1626740 512 0 27275829244291
1627252 512 0 27275829522613
1627764 512 0 27275829800936
1628276 512 0 27275830079258
1628788 512 0 27275830357581
1629300 512 0 27275830635903
1629812 512 0 27275830914226
1630324 512 0 27275831192549
1630836 512 0 27275831470871
1631348 512 0 27275831749194
1631860 512 0 27275832027516
1632372 512 0 27275832305839
1632884 512 0 27275832584161
1633396 512 0 27275832862484
1633908 512 0 27275833140806
1634420 512 0 27275833419129
1634932 512 0 27275833697452
1635444 512 0 27275833975774
1635956 512 0 27275834254097
1636468 512 0 27275834532419
1636980 512 0 27275834810742
1637492 512 0 27275835089064
1638004 512 0 27275835367397
1638516 512 0 27275835645719
1639028 512 0 27275835924042
1639540 512 0 27275836202365
1640052 512 0 27275836480687
1640564 512 0 27275836759010
1641076 512 0 27275837037332
1641588 512 0 27275837315655
1642100 512 0 27275837593978
1642612 512 0 27275837872300
1643124 512 0 27275838150623
1643636 512 0 27275838428945
1644148 512 0 27275838707268
1644660 512 0 27275838985591
1645172 512 0 27275839263913
1645684 512 0 27275839542236
1646196 512 0 27275839820558
1646708 512 0 27275840098881
1647220 512 0 27275840377203
1647732 512 0 27275840655526
1648244 512 0 27275840933849
1648756 512 0 27275841212171
1649268 512 0 27275841490494
1649780 512 0 27275841768816
1650292 512 0 27275842047139
1650804 512 0 27275842325462
1651316 512 0 27275842603784
1651828 512 0 27275842882107
1652340 512 0 27275843160429
1652852 512 0 27275843438752
1653364 512 0 27275843717075
1653876 512 0 27275843995397
1654388 512 0 27275844273743
1654900 512 0 27275844552066
1655412 512 0 27275844830388
1655924 512 0 27275845108711
1656436 512 0 27275845387034
1656948 512 0 27275845665356
1657460 512 0 27275845943679
1657972 512 0 27275846222001
1658484 512 0 27275846500324
1658996 512 0 27275846778647
1659508 512 0 27275847056969
1660020 512 0 27275847335292
1660532 512 0 27275847613615
1661044 512 0 27275847891937
1661556 512 0 27275848170260
1662068 512 0 27275848448583
1662580 512 0 27275848726905
1663092 512 0 27275849005228
1663604 512 0 27275849283551
1664116 512 0 27275849561873
1664628 512 0 27275849840196
1665140 512 0 27275850118519
1665652 512 0 27275850396841
1666164 512 0 27275850675164
1666676 512 0 27275850953487
1667188 512 0 27275851231809
1667700 512 0 27275851510132
1668212 512 0 27275851788455
1668724 512 0 27275852066777
1669236 512 0 27275852345100
1669748 512 0 27275852623423
1670260 512 0 27275852901745
1670772 512 0 27275853180091
1671284 512 0 27275853458414
1671796 512 0 27275853736736
1672308 512 0 27275854015059
1672820 512 0 27275854293382
1673332 512 0 27275854571705
1673844 512 0 27275854850027
1674356 512 0 27275855128350
1674868 512 0 27275855406673
1675380 512 0 27275855684995
1675892 512 0 27275855963318
1676404 512 0 27275856241641
1676916 512 0 27275856519964
1677428 512 0 27275856798286
1677940 512 0 27275857076609
1678452 512 0 27275857354932
1678964 512 0 27275857633254
1679476 512 0 27275857911577
1679988 512 0 27275858189900
1680500 512 0 27275858468223
1681012 512 0 27275858746545
1681524 512 0 27275859024868
1682036 512 0 27275859303191
1682548 512 0 27275859581514
1683060 512 0 27275859859836
1683572 512 0 27275860138159
1684084 512 0 27275860416482
1684596 512 0 27275860694804
1685108 512 0 27275860973127
1685620 512 0 27275861251450
1686132 512 0 27275861529773
1686644 512 0 27275861808095
1687156 512 0 27275862086432
1687668 512 0 27275862364755
1688180 512 0 27275862643078
1688692 512 0 27275862921400
1689204 512 0 27275863199723
1689716 512 0 27275863478046
1690228 512 0 27275863756369
1690740 512 0 27275864034692
1691252 512 0 27275864313014
1691764 512 0 27275864591337
1692276 512 0 27275864869660
1692788 512 0 27275865147983
1693300 512 0 27275865426305
1693812 512 0 27275865704628
1694324 512 0 27275865982951
1694836 512 0 27275866261274
1695348 512 0 27275866539596
1695860 512 0 27275866817919
1696372 512 0 27275867096242
1696884 512 0 27275867374565
1697396 512 0 27275867652887
1697908 512 0 27275867931210
1698420 512 0 27275868209533
1698932 512 0 27275868487856
1699444 512 0 27275868766178
1699956 512 0 27275869044501
1700468 512 0 27275869322824
1700980 512 0 27275869601147
1701492 512 0 27275869879470
1702004 512 0 27275870157792
1702516 512 0 27275870436115
1703028 512 0 27275870714438
1703540 512 0 27275870992767
1704052 512 0 27275871271089
1704564 512 0 27275871549412
1705076 512 0 27275871827735
1705588 512 0 27275872106058
1706100 512 0 27275872384381
1706612 512 0 27275872662703
1707124 512 0 27275872941026
1707636 512 0 27275873219349
1708148 512 0 27275873497672
1708660 512 0 27275873775995
1709172 512 0 27275874054317
1709684 512 0 27275874332640
1710196 512 0 27275874610963
1710708 512 0 27275874889286
1711220 512 0 27275875167608
1711732 512 0 27275875445931
1712244 512 0 27275875724254
1712756 512 0 27275876002577
1713268 512 0 27275876280900
1713780 512 0 27275876559222
1714292 512 0 27275876837545
1714804 512 0 27275877115868
1715316 512 0 27275877394191
1715828 512 0 27275877672513
1716340 512 0 27275877950836
1716852 512 0 27275878229159
1717364 512 0 27275878507482
1717876 512 0 27275878785805
1718388 512 0 27275879064127
1718900 512 0 27275879342450
1719412 512 0 27275879620773
1719924 512 0 27275879899096
1720436 512 0 27275880177418
1720948 512 0 27275880455741
1721460 512 0 27275880734064
1721972 512 0 27275881012387
1722484 512 0 27275881290710
1722996 512 0 27275881569032
1723508 512 0 27275881847355
1724020 512 0 27275882125678
1724532 512 0 27275882404001
1725044 512 0 27275882682324
1725556 512 0 27275882960646
1726068 512 0 27275883238969
1726580 512 0 27275883517292
1727092 512 0 27275883795615
1727604 512 0 27275884073937
1728116 512 0 27275884352260
1728628 512 0 27275884630583
1729140 512 0 27275884908906
1729652 512 0 27275885187229
1730164 512 0 27275885465551
1730676 512 0 27275885743874
1731188 512 0 27275886022197
1731700 512 0 27275886300520
1732212 512 0 27275886578842
1732724 512 0 27275886857165
1733236 512 0 27275887135488
1733748 512 0 27275887413811
1734260 512 0 27275887692134
1734772 512 0 27275887970456
1735284 512 0 27275888248779
1735796 512 0 27275888527102
1736308 512 0 27275888805423
1736820 512 0 27275889083745
1737332 512 0 27275889362068
1737844 512 0 27275889640391
1738356 512 0 27275889918714
1738868 512 0 27275890197036
1739380 512 0 27275890475359
1739892 512 0 27275890753682
1740404 512 0 27275891032005
1740916 512 0 27275891310327
1741428 512 0 27275891588650
1741940 512 0 27275891866973
1742452 512 0 27275892145296
1742964 512 0 27275892423619
1743476 512 0 27275892701941
1743988 512 0 27275892980264
1744500 512 0 27275893258587
1745012 512 0 27275893536910
1745524 512 0 27275893815232
1746036 512 0 27275894093555
1746548 512 0 27275894371878
1747060 512 0 27275894650201
1747572 512 0 27275894928524
1748084 512 0 27275895206846
1748596 512 0 27275895485169
1749108 512 0 27275895763492
1749620 512 0 27275896041815
1750132 512 0 27275896320137
1750644 512 0 27275896598460
1751156 512 0 27275896876783
1751668 512 0 27275897155106
1752180 512 0 27275897433429
1752692 512 0 27275897711742
1753204 512 0 27275897990064
1753716 512 0 27275898268387
1754228 512 0 27275898546710
1754740 512 0 27275898825033
1755252 512 0 27275899103355
1755764 512 0 27275899381678
1756276 512 0 27275899660001
1756788 512 0 27275899938324
1757300 512 0 27275900216646
1757812 512 0 27275900494969
1758324 512 0 27275900773292
1758836 512 0 27275901051615
1759348 512 0 27275901329937
1759860 512 0 27275901608260
1760372 512 0 27275901886583
