312 512 0 27273946899488
824 512 0 27273947178127
1336 512 0 27273947456767
1848 512 0 27273947735406
2360 512 0 27273948014046
2872 512 0 27273948292685
3384 512 0 27273948571325
3896 512 0 27273948849964
4408 512 0 27273949128604
4920 512 0 27273949407243
5432 512 0 27273949685883
5944 512 0 27273949964522
6456 512 0 27273950243162
6968 512 0 27273950521801
7480 512 0 27273950800440
7992 512 0 27273951079080
8504 512 0 27273951357719
9016 512 0 27273951636359
9528 512 0 27273951914998
10040 512 0 27273952193638
10552 512 0 27273952472277
11064 512 0 27273952750917
11576 512 0 27273953029556
12088 512 0 27273953308196
12600 512 0 27273953586835
13112 512 0 27273953865475
13624 512 0 27273954144114
14136 512 0 27273954422754
14648 512 0 27273954701393
15160 512 0 27273954980033
15672 512 0 27273955258672
16184 512 0 27273955537311
16696 512 0 27273955815951
17208 512 0 27273956094590
17720 512 0 27273956373230
18232 512 0 27273956651869
18744 512 0 27273956930509
19256 512 0 27273957209148
19768 512 0 27273957487788
20280 512 0 27273957766427
20792 512 0 27273958045067
21304 512 0 27273958323706
21816 512 0 27273958602346
22328 512 0 27273958880985
22840 512 0 27273959159625
23352 512 0 27273959438264
23864 512 0 27273959716903
24376 512 0 27273959995543
24888 512 0 27273960274182
25400 512 0 27273960552822
25912 512 0 27273960831461
26424 512 0 27273961110101
26936 512 0 27273961388740
27448 512 0 27273961667380
27960 512 0 27273961946019
28472 512 0 27273962224659
28984 512 0 27273962503298
29496 512 0 27273962781938
30008 512 0 27273963060577
30520 512 0 27273963339217
31032 512 0 27273963617856
31544 512 0 27273963896496
32056 512 0 27273964175135
32568 512 0 27273964453773
33080 512 0 27273964732412
33592 512 0 27273965011052
34104 512 0 27273965289691
34616 512 0 27273965568330
35128 512 0 27273965846970
35640 512 0 27273966125609
36152 512 0 27273966404249
36664 512 0 27273966682888
37176 512 0 27273966961528
37688 512 0 27273967240167
38200 512 0 27273967518807
38712 512 0 27273967797446
39224 512 0 27273968076086
39736 512 0 27273968354725
40248 512 0 27273968633364
40760 512 0 27273968912004
41272 512 0 27273969190643
41784 512 0 27273969469283
42296 512 0 27273969747922
42808 512 0 27273970026562
43320 512 0 27273970305201
43832 512 0 27273970583841
44344 512 0 27273970862480
44856 512 0 27273971141119
45368 512 0 27273971419759
45880 512 0 27273971698398
46392 512 0 27273971977038
46904 512 0 27273972255677
47416 512 0 27273972534317
47928 512 0 27273972812956
48440 512 0 27273973091596
48952 512 0 27273973370236
49464 512 0 27273973648876
49976 512 0 27273973927515
50488 512 0 27273974206155
51000 512 0 27273974484794
51512 512 0 27273974763434
52024 512 0 27273975042073
52536 512 0 27273975320713
53048 512 0 27273975599352
53560 512 0 27273975877991
54072 512 0 27273976156631
54584 512 0 27273976435270
55096 512 0 27273976713910
55608 512 0 27273976992549
56120 512 0 27273977271189
56632 512 0 27273977549828
57144 512 0 27273977828468
57656 512 0 27273978107107
58168 512 0 27273978385747
58680 512 0 27273978664386
59192 512 0 27273978943026
59704 512 0 27273979221665
60216 512 0 27273979500304
60728 512 0 27273979778944
61240 512 0 27273980057583
61752 512 0 27273980336223
62264 512 0 27273980614862
62776 512 0 27273980893502
63288 512 0 27273981172141
63800 512 0 27273981450781
64312 512 0 27273981729420
64824 512 0 27273982008060
65336 512 0 27273982286698
65848 512 0 27273982565337
66360 512 0 27273982843977
66872 512 0 27273983122616
67384 512 0 27273983401256
67896 512 0 27273983679895
68408 512 0 27273983958535
68920 512 0 27273984237174
69432 512 0 27273984515813
69944 512 0 27273984794453
70456 512 0 27273985073092
70968 512 0 27273985351732
71480 512 0 27273985630371
71992 512 0 27273985909011
72504 512 0 27273986187650
73016 512 0 27273986466290
73528 512 0 27273986744929
74040 512 0 27273987023569
74552 512 0 27273987302208
75064 512 0 27273987580847
75576 512 0 27273987859487
76088 512 0 27273988138126
76600 512 0 27273988416766
77112 512 0 27273988695405
77624 512 0 27273988974045
78136 512 0 27273989252684
78648 512 0 27273989531324
79160 512 0 27273989809963
79672 512 0 27273990088602
80184 512 0 27273990367242
80696 512 0 27273990645881
81208 512 0 27273990924521
81720 512 0 27273991202849
82232 512 0 27273991481485
82744 512 0 27273991760121
83256 512 0 27273992038758
83768 512 0 27273992317394
84280 512 0 27273992596030
84792 512 0 27273992874666
85304 512 0 27273993153302
85816 512 0 27273993431938
86328 512 0 27273993710575
86840 512 0 27273993989211
87352 512 0 27273994267847
87864 512 0 27273994546483
88376 512 0 27273994825119
88888 512 0 27273995103756
89400 512 0 27273995382392
89912 512 0 27273995661028
90424 512 0 27273995939664
90936 512 0 27273996218300
91448 512 0 27273996496937
91960 512 0 27273996775573
92472 512 0 27273997054209
92984 512 0 27273997332845
93496 512 0 27273997611481
94008 512 0 27273997890118
94520 512 0 27273998168754
95032 512 0 27273998447390
95544 512 0 27273998726026
96056 512 0 27273999004662
96568 512 0 27273999283299
97080 512 0 27273999561935
97592 512 0 27273999840571
98104 512 0 27274000105527
98616 512 0 27274000384020
99128 512 0 27274000662513
99640 512 0 27274000941007
100152 512 0 27274001219500
100664 512 0 27274001497993
101176 512 0 27274001776486
101688 512 0 27274002054979
102200 512 0 27274002333472
102712 512 0 27274002611965
103224 512 0 27274002890458
103736 512 0 27274003168951
104248 512 0 27274003447445
104760 512 0 27274003725938
105272 512 0 27274004004431
105784 512 0 27274004282924
106296 512 0 27274004561417
106808 512 0 27274004839910
107320 512 0 27274005118403
107832 512 0 27274005396896
108344 512 0 27274005675389
108856 512 0 27274005953883
109368 512 0 27274006232376
109880 512 0 27274006510869
110392 512 0 27274006789362
110904 512 0 27274007067855
111416 512 0 27274007346348
111928 512 0 27274007624841
112440 512 0 27274007903334
112952 512 0 27274008181827
113464 512 0 27274008460321
113976 512 0 27274008738814
114488 512 0 27274009009875
115000 512 0 27274009288291
115512 512 0 27274009566706
116024 512 0 27274009845121
116536 512 0 27274010123537
117048 512 0 27274010401952
117560 512 0 27274010680368
118072 512 0 27274010958783
118584 512 0 27274011237198
119096 512 0 27274011515614
119608 512 0 27274011794029
120120 512 0 27274012072445
120632 512 0 27274012350860
121144 512 0 27274012629275
121656 512 0 27274012907691
122168 512 0 27274013186106
122680 512 0 27274013464521
123192 512 0 27274013742937
123704 512 0 27274014021352
124216 512 0 27274014299768
124728 512 0 27274014578183
125240 512 0 27274014856598
125752 512 0 27274015135014
126264 512 0 27274015413429
126776 512 0 27274015691845
127288 512 0 27274015970260
127800 512 0 27274016248675
128312 512 0 27274016527091
128824 512 0 27274016805506
129336 512 0 27274017083921
129848 512 0 27274017362337
130360 512 0 27274017640752
130872 512 0 27274017915733
131384 512 0 27274018194127
131896 512 0 27274018472521
132408 512 0 27274018750915
132920 512 0 27274019029309
133432 512 0 27274019307702
133944 512 0 27274019586096
134456 512 0 27274019864490
134968 512 0 27274020142884
135480 512 0 27274020421278
135992 512 0 27274020699672
136504 512 0 27274020978066
137016 512 0 27274021256460
137528 512 0 27274021534853
138040 512 0 27274021813247
138552 512 0 27274022091641
139064 512 0 27274022370035
139576 512 0 27274022648429
140088 512 0 27274022926823
140600 512 0 27274023205217
141112 512 0 27274023483610
141624 512 0 27274023762004
142136 512 0 27274024040398
142648 512 0 27274024318792
143160 512 0 27274024597186
143672 512 0 27274024875580
144184 512 0 27274025153974
144696 512 0 27274025432368
145208 512 0 27274025710761
145720 512 0 27274025989155
146232 512 0 27274026267549
146744 512 0 27274026545943
147256 512 0 27274026821554
147768 512 0 27274027099930
148280 512 0 27274027378307
148792 512 0 27274027656683
149304 512 0 27274027935060
149816 512 0 27274028213436
150328 512 0 27274028491813
150840 512 0 27274028770189
151352 512 0 27274029048565
151864 512 0 27274029326942
152376 512 0 27274029605318
152888 512 0 27274029883695
153400 512 0 27274030162071
153912 512 0 27274030440448
154424 512 0 27274030718824
154936 512 0 27274030997200
155448 512 0 27274031275577
155960 512 0 27274031553953
156472 512 0 27274031832330
156984 512 0 27274032110706
157496 512 0 27274032389083
158008 512 0 27274032667459
158520 512 0 27274032945835
159032 512 0 27274033224212
159544 512 0 27274033502588
160056 512 0 27274033780965
160568 512 0 27274034059341
161080 512 0 27274034337718
161592 512 0 27274034616094
162104 512 0 27274034894471
162616 512 0 27274035172847
163128 512 0 27274035451223
163640 512 0 27274035727494
164152 512 0 27274036005857
164664 512 0 27274036284220
165176 512 0 27274036562584
165688 512 0 27274036840947
166200 512 0 27274037119310
166712 512 0 27274037397673
167224 512 0 27274037676037
167736 512 0 27274037954400
168248 512 0 27274038232763
168760 512 0 27274038511126
169272 512 0 27274038789490
169784 512 0 27274039067853
170296 512 0 27274039346216
170808 512 0 27274039624579
171320 512 0 27274039902943
171832 512 0 27274040181306
172344 512 0 27274040459669
172856 512 0 27274040738032
173368 512 0 27274041016395
173880 512 0 27274041294759
174392 512 0 27274041573122
174904 512 0 27274041851485
175416 512 0 27274042129848
175928 512 0 27274042408212
176440 512 0 27274042686575
176952 512 0 27274042964938
177464 512 0 27274043243301
177976 512 0 27274043521665
178488 512 0 27274043800028
179000 512 0 27274044078391
179512 512 0 27274044356754
180024 512 0 27274044633541
180536 512 0 27274044911894
181048 512 0 27274045190247
181560 512 0 27274045468601
182072 512 0 27274045746954
182584 512 0 27274046025307
183096 512 0 27274046303661
183608 512 0 27274046582014
184120 512 0 27274046860368
184632 512 0 27274047138721
185144 512 0 27274047417074
185656 512 0 27274047695428
186168 512 0 27274047973781
186680 512 0 27274048252134
187192 512 0 27274048530488
187704 512 0 27274048808841
188216 512 0 27274049087194
188728 512 0 27274049365548
189240 512 0 27274049643901
189752 512 0 27274049922254
190264 512 0 27274050200608
190776 512 0 27274050478961
191288 512 0 27274050757315
191800 512 0 27274051035668
192312 512 0 27274051314021
192824 512 0 27274051592375
193336 512 0 27274051870728
193848 512 0 27274052149081
194360 512 0 27274052427435
194872 512 0 27274052705788
195384 512 0 27274052984141
195896 512 0 27274053262495
196408 512 0 27274053539654
196920 512 0 27274053818000
197432 512 0 27274054096346
197944 512 0 27274054374692
198456 512 0 27274054653038
198968 512 0 27274054931384
199480 512 0 27274055209729
199992 512 0 27274055488075
200504 512 0 27274055766421
201016 512 0 27274056044767
201528 512 0 27274056323113
202040 512 0 27274056601459
202552 512 0 27274056879805
203064 512 0 27274057158151
203576 512 0 27274057436497
204088 512 0 27274057714842
204600 512 0 27274057993188
205112 512 0 27274058271534
205624 512 0 27274058549880
206136 512 0 27274058828226
206648 512 0 27274059106572
207160 512 0 27274059384918
207672 512 0 27274059663264
208184 512 0 27274059941609
208696 512 0 27274060219955
209208 512 0 27274060498301
209720 512 0 27274060776647
210232 512 0 27274061054993
210744 512 0 27274061333339
211256 512 0 27274061611685
211768 512 0 27274061890031
212280 512 0 27274062168376
212792 512 0 27274062445770
213304 512 0 27274062724109
213816 512 0 27274063002449
214328 512 0 27274063280789
214840 512 0 27274063559129
215352 512 0 27274063837469
215864 512 0 27274064115809
216376 512 0 27274064394149
216888 512 0 27274064672489
217400 512 0 27274064950829
217912 512 0 27274065229169
218424 512 0 27274065507509
218936 512 0 27274065785848
219448 512 0 27274066064188
219960 512 0 27274066342528
220472 512 0 27274066620868
220984 512 0 27274066899208
221496 512 0 27274067177548
222008 512 0 27274067455888
222520 512 0 27274067734228
223032 512 0 27274068012568
223544 512 0 27274068290908
224056 512 0 27274068569248
224568 512 0 27274068847587
225080 512 0 27274069125927
225592 512 0 27274069404267
226104 512 0 27274069682607
226616 512 0 27274069960947
227128 512 0 27274070239287
227640 512 0 27274070517627
228152 512 0 27274070795967
228664 512 0 27274071074307
229176 512 0 27274071351977
229688 512 0 27274071630313
230200 512 0 27274071908648
230712 512 0 27274072186984
231224 512 0 27274072465320
231736 512 0 27274072743655
232248 512 0 27274073021991
232760 512 0 27274073300327
233272 512 0 27274073578663
233784 512 0 27274073856998
234296 512 0 27274074135334
234808 512 0 27274074413670
235320 512 0 27274074692005
235832 512 0 27274074970341
236344 512 0 27274075248677
236856 512 0 27274075527013
237368 512 0 27274075805348
237880 512 0 27274076083684
238392 512 0 27274076362020
238904 512 0 27274076640355
239416 512 0 27274076918691
239928 512 0 27274077197027
240440 512 0 27274077475363
240952 512 0 27274077753698
241464 512 0 27274078032034
241976 512 0 27274078310370
242488 512 0 27274078588705
243000 512 0 27274078867041
243512 512 0 27274079145377
244024 512 0 27274079423713
244536 512 0 27274079702048
245048 512 0 27274079980384
245560 512 0 27274080258222
246072 512 0 27274080536555
246584 512 0 27274080814888
247096 512 0 27274081093220
247608 512 0 27274081371553
248120 512 0 27274081649885
248632 512 0 27274081928218
249144 512 0 27274082206551
249656 512 0 27274082484883
250168 512 0 27274082763216
250680 512 0 27274083041548
251192 512 0 27274083319881
251704 512 0 27274083598214
252216 512 0 27274083876546
252728 512 0 27274084154879
253240 512 0 27274084433211
253752 512 0 27274084711544
254264 512 0 27274084989877
254776 512 0 27274085268209
255288 512 0 27274085546542
255800 512 0 27274085824874
256312 512 0 27274086103207
256824 512 0 27274086381540
257336 512 0 27274086659872
257848 512 0 27274086938205
258360 512 0 27274087216537
258872 512 0 27274087494870
259384 512 0 27274087773203
259896 512 0 27274088051535
260408 512 0 27274088329868
260920 512 0 27274088608200
261432 512 0 27274088886533
261944 512 0 27274089164529
262456 512 0 27274089442861
262968 512 0 27274089721192
263480 512 0 27274089999524
263992 512 0 27274090277856
264504 512 0 27274090556187
265016 512 0 27274090834519
265528 512 0 27274091112851
266040 512 0 27274091391182
266552 512 0 27274091669514
267064 512 0 27274091947846
267576 512 0 27274092226177
268088 512 0 27274092504509
268600 512 0 27274092782841
269112 512 0 27274093061172
269624 512 0 27274093339504
270136 512 0 27274093617835
270648 512 0 27274093896167
271160 512 0 27274094174499
271672 512 0 27274094452830
272184 512 0 27274094731162
272696 512 0 27274095009494
273208 512 0 27274095287825
273720 512 0 27274095566157
274232 512 0 27274095844489
274744 512 0 27274096122820
275256 512 0 27274096401152
275768 512 0 27274096679483
276280 512 0 27274096957815
276792 512 0 27274097236147
277304 512 0 27274097514478
277816 512 0 27274097792810
278328 512 0 27274098070828
278840 512 0 27274098349159
279352 512 0 27274098627489
279864 512 0 27274098905820
280376 512 0 27274099184151
280888 512 0 27274099462482
281400 512 0 27274099740812
281912 512 0 27274100019143
282424 512 0 27274100297474
282936 512 0 27274100575805
283448 512 0 27274100854135
283960 512 0 27274101132466
284472 512 0 27274101410797
284984 512 0 27274101689128
285496 512 0 27274101967458
286008 512 0 27274102245789
286520 512 0 27274102524120
287032 512 0 27274102802451
287544 512 0 27274103080781
288056 512 0 27274103359112
288568 512 0 27274103637443
289080 512 0 27274103915774
289592 512 0 27274104194104
290104 512 0 27274104472435
290616 512 0 27274104750766
291128 512 0 27274105029097
291640 512 0 27274105307427
292152 512 0 27274105585758
292664 512 0 27274105864089
293176 512 0 27274106142420
293688 512 0 27274106420750
294200 512 0 27274106699081
294712 512 0 27274106977152
295224 512 0 27274107255482
295736 512 0 27274107533812
296248 512 0 27274107812142
296760 512 0 27274108090472
297272 512 0 27274108368802
297784 512 0 27274108647132
298296 512 0 27274108925462
298808 512 0 27274109203792
299320 512 0 27274109482122
299832 512 0 27274109760452
300344 512 0 27274110038782
300856 512 0 27274110317112
301368 512 0 27274110595442
301880 512 0 27274110873772
302392 512 0 27274111152102
302904 512 0 27274111430432
303416 512 0 27274111708762
303928 512 0 27274111987092
304440 512 0 27274112265422
304952 512 0 27274112543752
305464 512 0 27274112822082
305976 512 0 27274113100412
306488 512 0 27274113378742
307000 512 0 27274113657072
307512 512 0 27274113935402
308024 512 0 27274114213732
308536 512 0 27274114492062
309048 512 0 27274114770392
309560 512 0 27274115048722
310072 512 0 27274115327052
310584 512 0 27274115605382
311096 512 0 27274115883506
311608 512 0 27274116161836
312120 512 0 27274116440165
312632 512 0 27274116718494
313144 512 0 27274116996824
313656 512 0 27274117275153
314168 512 0 27274117553483
314680 512 0 27274117831812
315192 512 0 27274118110141
315704 512 0 27274118388471
316216 512 0 27274118666800
316728 512 0 27274118945130
317240 512 0 27274119223459
317752 512 0 27274119501789
318264 512 0 27274119780118
318776 512 0 27274120058447
319288 512 0 27274120336777
319800 512 0 27274120615106
320312 512 0 27274120893436
320824 512 0 27274121171765
321336 512 0 27274121450095
321848 512 0 27274121728424
322360 512 0 27274122006753
322872 512 0 27274122285083
323384 512 0 27274122563412
323896 512 0 27274122841742
324408 512 0 27274123120071
324920 512 0 27274123398400
325432 512 0 27274123676730
325944 512 0 27274123955059
326456 512 0 27274124233389
326968 512 0 27274124511718
327480 512 0 27274124789892
327992 512 0 27274125068221
328504 512 0 27274125346550
329016 512 0 27274125624879
329528 512 0 27274125903208
330040 512 0 27274126181537
330552 512 0 27274126459866
331064 512 0 27274126738195
331576 512 0 27274127016524
332088 512 0 27274127294853
332600 512 0 27274127573182
333112 512 0 27274127851511
333624 512 0 27274128129840
334136 512 0 27274128408169
334648 512 0 27274128686498
335160 512 0 27274128964827
335672 512 0 27274129243156
336184 512 0 27274129521485
336696 512 0 27274129799814
337208 512 0 27274130078143
337720 512 0 27274130356472
338232 512 0 27274130634801
338744 512 0 27274130913130
339256 512 0 27274131191459
339768 512 0 27274131469788
340280 512 0 27274131748117
340792 512 0 27274132026446
341304 512 0 27274132304775
341816 512 0 27274132583104
342328 512 0 27274132861433
342840 512 0 27274133139762
343352 512 0 27274133418090
343864 512 0 27274133696243
344376 512 0 27274133974572
344888 512 0 27274134252900
345400 512 0 27274134531229
345912 512 0 27274134809557
346424 512 0 27274135087886
346936 512 0 27274135366214
347448 512 0 27274135644543
347960 512 0 27274135922871
348472 512 0 27274136201200
348984 512 0 27274136479528
349496 512 0 27274136757857
350008 512 0 27274137036185
350520 512 0 27274137314513
351032 512 0 27274137592842
351544 512 0 27274137871170
352056 512 0 27274138149499
352568 512 0 27274138427827
353080 512 0 27274138706156
353592 512 0 27274138984484
354104 512 0 27274139262813
354616 512 0 27274139541141
355128 512 0 27274139819470
355640 512 0 27274140097798
356152 512 0 27274140376127
356664 512 0 27274140654455
357176 512 0 27274140932784
357688 512 0 27274141211112
358200 512 0 27274141489441
358712 512 0 27274141767769
359224 512 0 27274142046098
359736 512 0 27274142324426
360248 512 0 27274142602620
360760 512 0 27274142880948
361272 512 0 27274143159276
361784 512 0 27274143437604
362296 512 0 27274143715933
362808 512 0 27274143994261
363320 512 0 27274144272589
363832 512 0 27274144550917
364344 512 0 27274144829245
364856 512 0 27274145107573
365368 512 0 27274145385901
365880 512 0 27274145664229
366392 512 0 27274145942557
366904 512 0 27274146220885
367416 512 0 27274146499214
367928 512 0 27274146777542
368440 512 0 27274147055870
368952 512 0 27274147334198
369464 512 0 27274147612526
369976 512 0 27274147890854
370488 512 0 27274148169182
371000 512 0 27274148447510
371512 512 0 27274148725838
372024 512 0 27274149004166
372536 512 0 27274149282495
373048 512 0 27274149560823
373560 512 0 27274149839151
374072 512 0 27274150117479
374584 512 0 27274150395807
375096 512 0 27274150674135
375608 512 0 27274150952463
376120 512 0 27274151230791
376632 512 0 27274151509014
377144 512 0 27274151787341
377656 512 0 27274152065669
378168 512 0 27274152343997
378680 512 0 27274152622325
379192 512 0 27274152900653
379704 512 0 27274153178980
380216 512 0 27274153457308
380728 512 0 27274153735636
381240 512 0 27274154013964
381752 512 0 27274154292292
382264 512 0 27274154570619
382776 512 0 27274154848947
383288 512 0 27274155127275
383800 512 0 27274155405603
384312 512 0 27274155683931
384824 512 0 27274155962258
385336 512 0 27274156240586
385848 512 0 27274156518914
386360 512 0 27274156797242
386872 512 0 27274157075570
387384 512 0 27274157353897
387896 512 0 27274157632225
388408 512 0 27274157910553
388920 512 0 27274158188881
389432 512 0 27274158467209
389944 512 0 27274158745536
390456 512 0 27274159023864
390968 512 0 27274159302192
391480 512 0 27274159580520
391992 512 0 27274159858848
392504 512 0 27274160137175
393016 512 0 27274160415419
393528 512 0 27274160693747
394040 512 0 27274160972074
394552 512 0 27274161250402
395064 512 0 27274161528729
395576 512 0 27274161807057
396088 512 0 27274162085384
396600 512 0 27274162363712
397112 512 0 27274162642040
397624 512 0 27274162920367
398136 512 0 27274163198695
398648 512 0 27274163477022
399160 512 0 27274163755350
399672 512 0 27274164033677
400184 512 0 27274164312005
400696 512 0 27274164590333
401208 512 0 27274164868660
401720 512 0 27274165146988
402232 512 0 27274165425315
402744 512 0 27274165703643
403256 512 0 27274165981970
403768 512 0 27274166260298
404280 512 0 27274166538625
404792 512 0 27274166816953
405304 512 0 27274167095281
405816 512 0 27274167373608
406328 512 0 27274167651936
406840 512 0 27274167930263
407352 512 0 27274168208591
407864 512 0 27274168486918
408376 512 0 27274168765246
408888 512 0 27274169043573
409400 512 0 27274169321830
409912 512 0 27274169600157
410424 512 0 27274169878484
410936 512 0 27274170156812
411448 512 0 27274170435139
411960 512 0 27274170713467
412472 512 0 27274170991794
412984 512 0 27274171270121
413496 512 0 27274171548449
414008 512 0 27274171826776
414520 512 0 27274172105103
415032 512 0 27274172383431
415544 512 0 27274172661758
416056 512 0 27274172940085
416568 512 0 27274173218413
417080 512 0 27274173496740
417592 512 0 27274173775067
418104 512 0 27274174053395
418616 512 0 27274174331722
419128 512 0 27274174610049
419640 512 0 27274174888377
420152 512 0 27274175166704
420664 512 0 27274175445032
421176 512 0 27274175723359
421688 512 0 27274176001686
422200 512 0 27274176280014
422712 512 0 27274176558341
423224 512 0 27274176836668
423736 512 0 27274177114996
424248 512 0 27274177393323
424760 512 0 27274177671650
425272 512 0 27274177949978
425784 512 0 27274178228233
426296 512 0 27274178506560
426808 512 0 27274178784888
427320 512 0 27274179063215
427832 512 0 27274179341542
428344 512 0 27274179619869
428856 512 0 27274179898196
429368 512 0 27274180176523
429880 512 0 27274180454850
430392 512 0 27274180733178
430904 512 0 27274181011505
431416 512 0 27274181289832
431928 512 0 27274181568159
432440 512 0 27274181846486
432952 512 0 27274182124813
433464 512 0 27274182403141
433976 512 0 27274182681468
434488 512 0 27274182959795
435000 512 0 27274183238122
435512 512 0 27274183516449
436024 512 0 27274183794776
436536 512 0 27274184073103
437048 512 0 27274184351431
437560 512 0 27274184629758
438072 512 0 27274184908085
438584 512 0 27274185186412
439096 512 0 27274185464739
439608 512 0 27274185743066
440120 512 0 27274186021393
440632 512 0 27274186299721
441144 512 0 27274186578048
441656 512 0 27274186856375
442168 512 0 27274187134626
442680 512 0 27274187412953
443192 512 0 27274187691280
443704 512 0 27274187969607
444216 512 0 27274188247934
444728 512 0 27274188526261
445240 512 0 27274188804588
445752 512 0 27274189082915
446264 512 0 27274189361242
446776 512 0 27274189639569
447288 512 0 27274189917896
447800 512 0 27274190196223
448312 512 0 27274190474550
448824 512 0 27274190752877
449336 512 0 27274191031204
449848 512 0 27274191309531
450360 512 0 27274191587857
450872 512 0 27274191866184
451384 512 0 27274192144511
451896 512 0 27274192422838
452408 512 0 27274192701165
452920 512 0 27274192979492
453432 512 0 27274193257819
453944 512 0 27274193536146
454456 512 0 27274193814473
454968 512 0 27274194092800
455480 512 0 27274194371127
455992 512 0 27274194649454
456504 512 0 27274194927781
457016 512 0 27274195206108
457528 512 0 27274195484435
458040 512 0 27274195762761
458552 512 0 27274196041007
459064 512 0 27274196319334
459576 512 0 27274196597661
460088 512 0 27274196875987
460600 512 0 27274197154314
461112 512 0 27274197432641
461624 512 0 27274197710967
462136 512 0 27274197989294
462648 512 0 27274198267621
463160 512 0 27274198545948
463672 512 0 27274198824274
464184 512 0 27274199102601
464696 512 0 27274199380928
465208 512 0 27274199659254
465720 512 0 27274199937581
466232 512 0 27274200215908
466744 512 0 27274200494234
467256 512 0 27274200772561
467768 512 0 27274201050888
468280 512 0 27274201329215
468792 512 0 27274201607541
469304 512 0 27274201885868
469816 512 0 27274202164195
470328 512 0 27274202442521
470840 512 0 27274202720848
471352 512 0 27274202999175
471864 512 0 27274203277501
472376 512 0 27274203555828
472888 512 0 27274203834155
473400 512 0 27274204112482
473912 512 0 27274204390808
474424 512 0 27274204669135
474936 512 0 27274204947384
475448 512 0 27274205225711
475960 512 0 27274205504037
476472 512 0 27274205782364
476984 512 0 27274206060690
477496 512 0 27274206339017
478008 512 0 27274206617343
478520 512 0 27274206895670
479032 512 0 27274207173996
479544 512 0 27274207452323
480056 512 0 27274207730649
480568 512 0 27274208008976
481080 512 0 27274208287302
481592 512 0 27274208565629
482104 512 0 27274208843955
482616 512 0 27274209122281
483128 512 0 27274209400608
483640 512 0 27274209678934
484152 512 0 27274209957261
484664 512 0 27274210235587
485176 512 0 27274210513914
485688 512 0 27274210792240
486200 512 0 27274211070567
486712 512 0 27274211348893
487224 512 0 27274211627220
487736 512 0 27274211905546
488248 512 0 27274212183873
488760 512 0 27274212462199
489272 512 0 27274212740526
489784 512 0 27274213018852
490296 512 0 27274213297179
490808 512 0 27274213575505
491320 512 0 27274213853755
491832 512 0 27274214132082
492344 512 0 27274214410408
492856 512 0 27274214688734
493368 512 0 27274214967060
493880 512 0 27274215245387
494392 512 0 27274215523713
494904 512 0 27274215802039
495416 512 0 27274216080365
495928 512 0 27274216358692
496440 512 0 27274216637018
496952 512 0 27274216915344
497464 512 0 27274217193671
497976 512 0 27274217471997
498488 512 0 27274217750323
499000 512 0 27274218028649
499512 512 0 27274218306976
500024 512 0 27274218585302
500536 512 0 27274218863628
501048 512 0 27274219141954
501560 512 0 27274219420281
502072 512 0 27274219698607
502584 512 0 27274219976933
503096 512 0 27274220255259
503608 512 0 27274220533586
504120 512 0 27274220811912
504632 512 0 27274221090238
505144 512 0 27274221368565
505656 512 0 27274221646891
506168 512 0 27274221925217
506680 512 0 27274222203543
507192 512 0 27274222481870
507704 512 0 27274222760121
508216 512 0 27274223038447
508728 512 0 27274223316773
509240 512 0 27274223595099
509752 512 0 27274223873425
510264 512 0 27274224151751
510776 512 0 27274224430077
511288 512 0 27274224708403
511800 512 0 27274224986729
512312 512 0 27274225265055
512824 512 0 27274225543381
513336 512 0 27274225821707
513848 512 0 27274226100033
514360 512 0 27274226378359
514872 512 0 27274226656685
515384 512 0 27274226935011
515896 512 0 27274227213337
516408 512 0 27274227491663
516920 512 0 27274227769990
517432 512 0 27274228048316
517944 512 0 27274228326642
518456 512 0 27274228604968
518968 512 0 27274228883294
519480 512 0 27274229161620
519992 512 0 27274229439946
520504 512 0 27274229718272
521016 512 0 27274229996598
521528 512 0 27274230274924
522040 512 0 27274230553250
522552 512 0 27274230831576
523064 512 0 27274231109902
523576 512 0 27274231388228
524088 512 0 27274231666475
524600 512 0 27274231944801
525112 512 0 27274232223127
525624 512 0 27274232501453
526136 512 0 27274232779779
526648 512 0 27274233058105
527160 512 0 27274233336430
527672 512 0 27274233614756
528184 512 0 27274233893082
528696 512 0 27274234171408
529208 512 0 27274234449734
529720 512 0 27274234728060
530232 512 0 27274235006385
530744 512 0 27274235284711
531256 512 0 27274235563037
531768 512 0 27274235841363
532280 512 0 27274236119689
532792 512 0 27274236398015
533304 512 0 27274236676340
533816 512 0 27274236954666
534328 512 0 27274237232992
534840 512 0 27274237511318
535352 512 0 27274237789644
535864 512 0 27274238067970
536376 512 0 27274238346295
536888 512 0 27274238624621
537400 512 0 27274238902947
537912 512 0 27274239181273
538424 512 0 27274239459599
538936 512 0 27274239737925
539448 512 0 27274240016250
539960 512 0 27274240294576
540472 512 0 27274240572825
540984 512 0 27274240851150
541496 512 0 27274241129476
542008 512 0 27274241407801
542520 512 0 27274241686127
543032 512 0 27274241964453
543544 512 0 27274242242778
544056 512 0 27274242521104
544568 512 0 27274242799429
545080 512 0 27274243077755
545592 512 0 27274243356081
546104 512 0 27274243634406
546616 512 0 27274243912732
547128 512 0 27274244191057
547640 512 0 27274244469383
548152 512 0 27274244747709
548664 512 0 27274245026034
549176 512 0 27274245304360
549688 512 0 27274245582685
550200 512 0 27274245861011
550712 512 0 27274246139337
551224 512 0 27274246417662
551736 512 0 27274246695988
552248 512 0 27274246974314
552760 512 0 27274247252639
553272 512 0 27274247530965
553784 512 0 27274247809290
554296 512 0 27274248087616
554808 512 0 27274248365942
555320 512 0 27274248644267
555832 512 0 27274248922593
556344 512 0 27274249200918
556856 512 0 27274249479167
557368 512 0 27274249757492
557880 512 0 27274250035817
558392 512 0 27274250314143
558904 512 0 27274250592468
559416 512 0 27274250870794
559928 512 0 27274251149119
560440 512 0 27274251427444
560952 512 0 27274251705770
561464 512 0 27274251984095
561976 512 0 27274252262420
562488 512 0 27274252540746
563000 512 0 27274252819071
563512 512 0 27274253097397
564024 512 0 27274253375722
564536 512 0 27274253654047
565048 512 0 27274253932373
565560 512 0 27274254210698
566072 512 0 27274254489024
566584 512 0 27274254767349
567096 512 0 27274255045674
567608 512 0 27274255324000
568120 512 0 27274255602325
568632 512 0 27274255880650
569144 512 0 27274256158976
569656 512 0 27274256437301
570168 512 0 27274256715627
570680 512 0 27274256993952
571192 512 0 27274257272277
571704 512 0 27274257550603
572216 512 0 27274257828928
572728 512 0 27274258107254
573240 512 0 27274258385504
573752 512 0 27274258663829
574264 512 0 27274258942154
574776 512 0 27274259220479
575288 512 0 27274259498805
575800 512 0 27274259777130
576312 512 0 27274260055455
576824 512 0 27274260333780
577336 512 0 27274260612105
577848 512 0 27274260890430
578360 512 0 27274261168756
578872 512 0 27274261447081
579384 512 0 27274261725406
579896 512 0 27274262003731
580408 512 0 27274262282056
580920 512 0 27274262560381
581432 512 0 27274262838707
581944 512 0 27274263117032
582456 512 0 27274263395357
582968 512 0 27274263673682
583480 512 0 27274263952007
583992 512 0 27274264230332
584504 512 0 27274264508658
585016 512 0 27274264786983
585528 512 0 27274265065308
586040 512 0 27274265343633
586552 512 0 27274265621958
587064 512 0 27274265900284
587576 512 0 27274266178609
588088 512 0 27274266456934
588600 512 0 27274266735259
589112 512 0 27274267013584
589624 512 0 27274267291825
590136 512 0 27274267570150
590648 512 0 27274267848475
591160 512 0 27274268126800
591672 512 0 27274268405125
592184 512 0 27274268683450
592696 512 0 27274268961775
593208 512 0 27274269240100
593720 512 0 27274269518425
594232 512 0 27274269796750
594744 512 0 27274270075075
595256 512 0 27274270353400
595768 512 0 27274270631724
596280 512 0 27274270910049
596792 512 0 27274271188374
597304 512 0 27274271466699
597816 512 0 27274271745024
598328 512 0 27274272023349
598840 512 0 27274272301674
599352 512 0 27274272579999
599864 512 0 27274272858324
600376 512 0 27274273136649
600888 512 0 27274273414974
601400 512 0 27274273693299
601912 512 0 27274273971624
602424 512 0 27274274249949
602936 512 0 27274274528274
603448 512 0 27274274806598
603960 512 0 27274275084923
604472 512 0 27274275363248
604984 512 0 27274275641573
605496 512 0 27274275919898
606008 512 0 27274276198181
606520 512 0 27274276476506
607032 512 0 27274276754831
607544 512 0 27274277033156
608056 512 0 27274277311481
608568 512 0 27274277589806
609080 512 0 27274277868130
609592 512 0 27274278146455
610104 512 0 27274278424780
610616 512 0 27274278703105
611128 512 0 27274278981430
611640 512 0 27274279259754
612152 512 0 27274279538079
612664 512 0 27274279816404
613176 512 0 27274280094729
613688 512 0 27274280373054
614200 512 0 27274280651379
614712 512 0 27274280929703
615224 512 0 27274281208028
615736 512 0 27274281486353
616248 512 0 27274281764678
616760 512 0 27274282043003
617272 512 0 27274282321327
617784 512 0 27274282599652
618296 512 0 27274282877977
618808 512 0 27274283156302
619320 512 0 27274283434627
619832 512 0 27274283712952
620344 512 0 27274283991276
620856 512 0 27274284269601
621368 512 0 27274284547926
621880 512 0 27274284826251
622392 512 0 27274285104559
622904 512 0 27274285382884
623416 512 0 27274285661209
623928 512 0 27274285939533
624440 512 0 27274286217858
624952 512 0 27274286496183
625464 512 0 27274286774508
625976 512 0 27274287052832
626488 512 0 27274287331157
627000 512 0 27274287609482
627512 512 0 27274287887807
628024 512 0 27274288166131
628536 512 0 27274288444456
629048 512 0 27274288722781
629560 512 0 27274289001106
630072 512 0 27274289279431
630584 512 0 27274289557755
631096 512 0 27274289836080
631608 512 0 27274290114405
632120 512 0 27274290392730
632632 512 0 27274290671054
633144 512 0 27274290949379
633656 512 0 27274291227704
634168 512 0 27274291506029
634680 512 0 27274291784353
635192 512 0 27274292062678
635704 512 0 27274292341003
636216 512 0 27274292619328
636728 512 0 27274292897653
637240 512 0 27274293175977
637752 512 0 27274293454302
638264 512 0 27274293732627
638776 512 0 27274294010937
639288 512 0 27274294289261
639800 512 0 27274294567586
640312 512 0 27274294845911
640824 512 0 27274295124236
641336 512 0 27274295402560
641848 512 0 27274295680885
642360 512 0 27274295959210
642872 512 0 27274296237534
643384 512 0 27274296515859
643896 512 0 27274296794184
644408 512 0 27274297072509
644920 512 0 27274297350833
645432 512 0 27274297629158
645944 512 0 27274297907483
646456 512 0 27274298185808
646968 512 0 27274298464132
647480 512 0 27274298742457
647992 512 0 27274299020782
648504 512 0 27274299299106
649016 512 0 27274299577431
649528 512 0 27274299855756
650040 512 0 27274300134081
650552 512 0 27274300412405
651064 512 0 27274300690730
651576 512 0 27274300969055
652088 512 0 27274301247380
652600 512 0 27274301525704
653112 512 0 27274301804029
653624 512 0 27274302082354
654136 512 0 27274302360678
654648 512 0 27274302639003
655160 512 0 27274302917308
655672 512 0 27274303195633
656184 512 0 27274303473957
656696 512 0 27274303752282
657208 512 0 27274304030607
657720 512 0 27274304308931
658232 512 0 27274304587256
658744 512 0 27274304865581
659256 512 0 27274305143905
659768 512 0 27274305422230
660280 512 0 27274305700555
660792 512 0 27274305978879
661304 512 0 27274306257204
661816 512 0 27274306535529
662328 512 0 27274306813853
662840 512 0 27274307092178
663352 512 0 27274307370503
663864 512 0 27274307648827
664376 512 0 27274307927152
664888 512 0 27274308205477
665400 512 0 27274308483801
665912 512 0 27274308762126
666424 512 0 27274309040451
666936 512 0 27274309318775
667448 512 0 27274309597100
667960 512 0 27274309875425
668472 512 0 27274310153749
668984 512 0 27274310432074
669496 512 0 27274310710399
670008 512 0 27274310988723
670520 512 0 27274311267048
671032 512 0 27274311545373
671544 512 0 27274311823675
672056 512 0 27274312101999
672568 512 0 27274312380324
673080 512 0 27274312658649
673592 512 0 27274312936973
674104 512 0 27274313215298
674616 512 0 27274313493622
675128 512 0 27274313771947
675640 512 0 27274314050272
676152 512 0 27274314328596
676664 512 0 27274314606921
677176 512 0 27274314885246
677688 512 0 27274315163570
678200 512 0 27274315441895
678712 512 0 27274315720219
679224 512 0 27274315998544
679736 512 0 27274316276869
680248 512 0 27274316555193
680760 512 0 27274316833518
681272 512 0 27274317111842
681784 512 0 27274317390167
682296 512 0 27274317668492
682808 512 0 27274317946816
683320 512 0 27274318225141
683832 512 0 27274318503465
684344 512 0 27274318781790
684856 512 0 27274319060115
685368 512 0 27274319338439
685880 512 0 27274319616764
686392 512 0 27274319895088
686904 512 0 27274320173413
687416 512 0 27274320451738
687928 512 0 27274320730037
688440 512 0 27274321008361
688952 512 0 27274321286686
689464 512 0 27274321565010
689976 512 0 27274321843335
690488 512 0 27274322121659
691000 512 0 27274322399984
691512 512 0 27274322678308
692024 512 0 27274322956633
692536 512 0 27274323234957
693048 512 0 27274323513282
693560 512 0 27274323791606
694072 512 0 27274324069931
694584 512 0 27274324348255
695096 512 0 27274324626580
695608 512 0 27274324904905
696120 512 0 27274325183229
696632 512 0 27274325461554
697144 512 0 27274325739878
697656 512 0 27274326018203
698168 512 0 27274326296527
698680 512 0 27274326574852
699192 512 0 27274326853176
699704 512 0 27274327131501
700216 512 0 27274327409825
700728 512 0 27274327688150
701240 512 0 27274327966474
701752 512 0 27274328244799
702264 512 0 27274328523123
702776 512 0 27274328801448
703288 512 0 27274329079773
703800 512 0 27274329358097
704312 512 0 27274329636387
704824 512 0 27274329914712
705336 512 0 27274330193036
705848 512 0 27274330471361
706360 512 0 27274330749685
706872 512 0 27274331028010
707384 512 0 27274331306334
707896 512 0 27274331584659
708408 512 0 27274331862983
708920 512 0 27274332141307
709432 512 0 27274332419632
709944 512 0 27274332697956
710456 512 0 27274332976281
710968 512 0 27274333254605
711480 512 0 27274333532930
711992 512 0 27274333811254
712504 512 0 27274334089578
713016 512 0 27274334367903
713528 512 0 27274334646227
714040 512 0 27274334924552
714552 512 0 27274335202876
715064 512 0 27274335481201
715576 512 0 27274335759525
716088 512 0 27274336037849
716600 512 0 27274336316174
717112 512 0 27274336594498
717624 512 0 27274336872823
718136 512 0 27274337151147
718648 512 0 27274337429472
719160 512 0 27274337707796
719672 512 0 27274337986121
720184 512 0 27274338264445
720696 512 0 27274338542734
721208 512 0 27274338821059
721720 512 0 27274339099383
722232 512 0 27274339377707
722744 512 0 27274339656032
723256 512 0 27274339934356
723768 512 0 27274340212680
724280 512 0 27274340491005
724792 512 0 27274340769329
725304 512 0 27274341047653
725816 512 0 27274341325978
726328 512 0 27274341604302
726840 512 0 27274341882626
727352 512 0 27274342160951
727864 512 0 27274342439275
728376 512 0 27274342717599
728888 512 0 27274342995924
729400 512 0 27274343274248
729912 512 0 27274343552572
730424 512 0 27274343830897
730936 512 0 27274344109221
731448 512 0 27274344387545
731960 512 0 27274344665870
732472 512 0 27274344944194
732984 512 0 27274345222518
733496 512 0 27274345500843
734008 512 0 27274345779167
734520 512 0 27274346057491
735032 512 0 27274346335816
735544 512 0 27274346614140
736056 512 0 27274346892464
736568 512 0 27274347170789
737080 512 0 27274347449075
737592 512 0 27274347727399
738104 512 0 27274348005723
738616 512 0 27274348284048
739128 512 0 27274348562372
739640 512 0 27274348840696
740152 512 0 27274349119020
740664 512 0 27274349397344
741176 512 0 27274349675669
741688 512 0 27274349953993
742200 512 0 27274350232317
742712 512 0 27274350510641
743224 512 0 27274350788966
743736 512 0 27274351067290
744248 512 0 27274351345614
744760 512 0 27274351623938
745272 512 0 27274351902263
745784 512 0 27274352180587
746296 512 0 27274352458911
746808 512 0 27274352737235
747320 512 0 27274353015559
747832 512 0 27274353293884
748344 512 0 27274353572208
748856 512 0 27274353850532
749368 512 0 27274354128856
749880 512 0 27274354407181
750392 512 0 27274354685505
750904 512 0 27274354963829
751416 512 0 27274355242153
751928 512 0 27274355520477
752440 512 0 27274355798802
752952 512 0 27274356077126
753464 512 0 27274356355407
753976 512 0 27274356633731
754488 512 0 27274356912055
755000 512 0 27274357190379
755512 512 0 27274357468703
756024 512 0 27274357747028
756536 512 0 27274358025352
757048 512 0 27274358303676
757560 512 0 27274358582000
758072 512 0 27274358860324
758584 512 0 27274359138648
759096 512 0 27274359416972
759608 512 0 27274359695296
760120 512 0 27274359973620
760632 512 0 27274360251944
761144 512 0 27274360530269
761656 512 0 27274360808593
762168 512 0 27274361086917
762680 512 0 27274361365241
763192 512 0 27274361643565
763704 512 0 27274361921889
764216 512 0 27274362200213
764728 512 0 27274362478537
765240 512 0 27274362756861
765752 512 0 27274363035186
766264 512 0 27274363313510
766776 512 0 27274363591834
767288 512 0 27274363870158
767800 512 0 27274364148482
768312 512 0 27274364426806
768824 512 0 27274364705130
769336 512 0 27274364983454
769848 512 0 27274365261732
770360 512 0 27274365540056
770872 512 0 27274365818380
771384 512 0 27274366096704
771896 512 0 27274366375028
772408 512 0 27274366653352
772920 512 0 27274366931676
773432 512 0 27274367210000
773944 512 0 27274367488324
774456 512 0 27274367766648
774968 512 0 27274368044972
775480 512 0 27274368323296
775992 512 0 27274368601619
776504 512 0 27274368879943
777016 512 0 27274369158267
777528 512 0 27274369436591
778040 512 0 27274369714915
778552 512 0 27274369993239
779064 512 0 27274370271563
779576 512 0 27274370549887
780088 512 0 27274370828211
780600 512 0 27274371106535
781112 512 0 27274371384859
781624 512 0 27274371663183
782136 512 0 27274371941507
782648 512 0 27274372219831
783160 512 0 27274372498155
783672 512 0 27274372776479
784184 512 0 27274373054803
784696 512 0 27274373333127
785208 512 0 27274373611451
785720 512 0 27274373889775
786232 512 0 27274374168050
786744 512 0 27274374446374
787256 512 0 27274374724698
787768 512 0 27274375003022
788280 512 0 27274375281346
788792 512 0 27274375559670
789304 512 0 27274375837993
789816 512 0 27274376116317
790328 512 0 27274376394641
790840 512 0 27274376672965
791352 512 0 27274376951289
791864 512 0 27274377229613
792376 512 0 27274377507936
792888 512 0 27274377786260
793400 512 0 27274378064584
793912 512 0 27274378342908
794424 512 0 27274378621232
794936 512 0 27274378899556
795448 512 0 27274379177879
795960 512 0 27274379456203
796472 512 0 27274379734527
796984 512 0 27274380012851
797496 512 0 27274380291175
798008 512 0 27274380569499
798520 512 0 27274380847822
799032 512 0 27274381126146
799544 512 0 27274381404470
800056 512 0 27274381682794
800568 512 0 27274381961118
801080 512 0 27274382239442
801592 512 0 27274382517765
802104 512 0 27274382796089
802616 512 0 27274383074382
803128 512 0 27274383352705
803640 512 0 27274383631029
804152 512 0 27274383909353
804664 512 0 27274384187677
805176 512 0 27274384466000
805688 512 0 27274384744324
806200 512 0 27274385022648
806712 512 0 27274385300972
807224 512 0 27274385579295
807736 512 0 27274385857619
808248 512 0 27274386135943
808760 512 0 27274386414267
809272 512 0 27274386692590
809784 512 0 27274386970914
810296 512 0 27274387249238
810808 512 0 27274387527562
811320 512 0 27274387805885
811832 512 0 27274388084209
812344 512 0 27274388362533
812856 512 0 27274388640857
813368 512 0 27274388919180
813880 512 0 27274389197504
814392 512 0 27274389475828
814904 512 0 27274389754151
815416 512 0 27274390032475
815928 512 0 27274390310799
816440 512 0 27274390589123
816952 512 0 27274390867446
817464 512 0 27274391145770
817976 512 0 27274391424094
818488 512 0 27274391702418
819000 512 0 27274391980750
819512 512 0 27274392259074
820024 512 0 27274392537398
820536 512 0 27274392815722
821048 512 0 27274393094046
821560 512 0 27274393372369
822072 512 0 27274393650693
822584 512 0 27274393929017
823096 512 0 27274394207341
823608 512 0 27274394485664
824120 512 0 27274394763988
824632 512 0 27274395042312
825144 512 0 27274395320636
825656 512 0 27274395598959
826168 512 0 27274395877283
826680 512 0 27274396155607
827192 512 0 27274396433931
827704 512 0 27274396712255
828216 512 0 27274396990578
828728 512 0 27274397268902
829240 512 0 27274397547226
829752 512 0 27274397825550
830264 512 0 27274398103873
830776 512 0 27274398382197
831288 512 0 27274398660521
831800 512 0 27274398938845
832312 512 0 27274399217168
832824 512 0 27274399495492
833336 512 0 27274399773816
833848 512 0 27274400052140
834360 512 0 27274400330464
834872 512 0 27274400608787
835384 512 0 27274400887122
835896 512 0 27274401165446
836408 512 0 27274401443770
836920 512 0 27274401722094
837432 512 0 27274402000418
837944 512 0 27274402278741
838456 512 0 27274402557065
838968 512 0 27274402835389
839480 512 0 27274403113713
839992 512 0 27274403392037
840504 512 0 27274403670360
841016 512 0 27274403948684
841528 512 0 27274404227008
842040 512 0 27274404505332
842552 512 0 27274404783656
843064 512 0 27274405061979
843576 512 0 27274405340303
844088 512 0 27274405618627
844600 512 0 27274405896951
845112 512 0 27274406175275
845624 512 0 27274406453598
846136 512 0 27274406731922
846648 512 0 27274407010246
847160 512 0 27274407288570
847672 512 0 27274407566894
848184 512 0 27274407845218
848696 512 0 27274408123541
849208 512 0 27274408401865
849720 512 0 27274408680189
850232 512 0 27274408958513
850744 512 0 27274409236837
851256 512 0 27274409515160
851768 512 0 27274409793489
852280 512 0 27274410071813
852792 512 0 27274410350137
853304 512 0 27274410628460
853816 512 0 27274410906784
854328 512 0 27274411185108
854840 512 0 27274411463432
855352 512 0 27274411741756
855864 512 0 27274412020079
856376 512 0 27274412298403
856888 512 0 27274412576727
857400 512 0 27274412855051
857912 512 0 27274413133375
858424 512 0 27274413411698
858936 512 0 27274413690022
859448 512 0 27274413968346
859960 512 0 27274414246670
860472 512 0 27274414524994
860984 512 0 27274414803318
861496 512 0 27274415081641
862008 512 0 27274415359965
862520 512 0 27274415638289
863032 512 0 27274415916613
863544 512 0 27274416194937
864056 512 0 27274416473260
864568 512 0 27274416751584
865080 512 0 27274417029908
865592 512 0 27274417308232
866104 512 0 27274417586556
866616 512 0 27274417864880
867128 512 0 27274418143203
867640 512 0 27274418421527
868152 512 0 27274418699850
868664 512 0 27274418978174
869176 512 0 27274419256497
869688 512 0 27274419534821
870200 512 0 27274419813145
870712 512 0 27274420091469
871224 512 0 27274420369793
871736 512 0 27274420648116
872248 512 0 27274420926440
872760 512 0 27274421204764
873272 512 0 27274421483088
873784 512 0 27274421761412
874296 512 0 27274422039736
874808 512 0 27274422318059
875320 512 0 27274422596383
875832 512 0 27274422874707
876344 512 0 27274423153031
876856 512 0 27274423431355
877368 512 0 27274423709678
877880 512 0 27274423988002
878392 512 0 27274424266326
878904 512 0 27274424544650
879416 512 0 27274424822974
879928 512 0 27274425101297
880440 512 0 27274425379621
880952 512 0 27274425657945
881464 512 0 27274425936269
881976 512 0 27274426214593
882488 512 0 27274426492917
883000 512 0 27274426771240
883512 512 0 27274427049564
884024 512 0 27274427327888
884536 512 0 27274427606206
885048 512 0 27274427884530
885560 512 0 27274428162854
886072 512 0 27274428441178
886584 512 0 27274428719501
887096 512 0 27274428997825
887608 512 0 27274429276149
888120 512 0 27274429554473
888632 512 0 27274429832797
889144 512 0 27274430111120
889656 512 0 27274430389444
890168 512 0 27274430667768
890680 512 0 27274430946092
891192 512 0 27274431224416
891704 512 0 27274431502739
892216 512 0 27274431781063
892728 512 0 27274432059387
893240 512 0 27274432337711
893752 512 0 27274432616035
894264 512 0 27274432894358
894776 512 0 27274433172682
895288 512 0 27274433451006
895800 512 0 27274433729330
896312 512 0 27274434007654
896824 512 0 27274434285977
897336 512 0 27274434564301
897848 512 0 27274434842625
898360 512 0 27274435120949
898872 512 0 27274435399273
899384 512 0 27274435677596
899896 512 0 27274435955920
900408 512 0 27274436234244
900920 512 0 27274436512556
901432 512 0 27274436790880
901944 512 0 27274437069204
902456 512 0 27274437347528
902968 512 0 27274437625851
903480 512 0 27274437904175
903992 512 0 27274438182499
904504 512 0 27274438460823
905016 512 0 27274438739146
905528 512 0 27274439017470
906040 512 0 27274439295794
906552 512 0 27274439574118
907064 512 0 27274439852441
907576 512 0 27274440130765
908088 512 0 27274440409089
908600 512 0 27274440687413
909112 512 0 27274440965736
909624 512 0 27274441244060
910136 512 0 27274441522384
910648 512 0 27274441800708
911160 512 0 27274442079032
911672 512 0 27274442357355
912184 512 0 27274442635679
912696 512 0 27274442914003
913208 512 0 27274443192327
913720 512 0 27274443470650
914232 512 0 27274443748974
914744 512 0 27274444027298
915256 512 0 27274444305622
915768 512 0 27274444583945
916280 512 0 27274444862269
916792 512 0 27274445140593
917304 512 0 27274445418902
917816 512 0 27274445697226
918328 512 0 27274445975549
918840 512 0 27274446253873
919352 512 0 27274446532197
919864 512 0 27274446810521
920376 512 0 27274447088844
920888 512 0 27274447367168
921400 512 0 27274447645492
921912 512 0 27274447923815
922424 512 0 27274448202139
922936 512 0 27274448480463
923448 512 0 27274448758787
923960 512 0 27274449037110
924472 512 0 27274449315434
924984 512 0 27274449593758
925496 512 0 27274449872081
926008 512 0 27274450150405
926520 512 0 27274450428729
927032 512 0 27274450707053
927544 512 0 27274450985376
928056 512 0 27274451263700
928568 512 0 27274451542024
929080 512 0 27274451820348
929592 512 0 27274452098671
930104 512 0 27274452376995
930616 512 0 27274452655319
931128 512 0 27274452933642
931640 512 0 27274453211966
932152 512 0 27274453490290
932664 512 0 27274453768614
933176 512 0 27274454046937
933688 512 0 27274454325243
934200 512 0 27274454603567
934712 512 0 27274454881891
935224 512 0 27274455160214
935736 512 0 27274455438538
936248 512 0 27274455716862
936760 512 0 27274455995185
937272 512 0 27274456273509
937784 512 0 27274456551833
938296 512 0 27274456830156
938808 512 0 27274457108480
939320 512 0 27274457386804
939832 512 0 27274457665127
940344 512 0 27274457943451
940856 512 0 27274458221775
941368 512 0 27274458500098
941880 512 0 27274458778422
942392 512 0 27274459056746
942904 512 0 27274459335069
943416 512 0 27274459613393
943928 512 0 27274459891717
944440 512 0 27274460170040
944952 512 0 27274460448364
945464 512 0 27274460726688
945976 512 0 27274461005011
946488 512 0 27274461283335
947000 512 0 27274461561659
947512 512 0 27274461839982
948024 512 0 27274462118306
948536 512 0 27274462396630
949048 512 0 27274462674953
949560 512 0 27274462953277
950072 512 0 27274463231574
950584 512 0 27274463509897
951096 512 0 27274463788221
951608 512 0 27274464066545
952120 512 0 27274464344868
952632 512 0 27274464623192
953144 512 0 27274464901515
953656 512 0 27274465179839
954168 512 0 27274465458163
954680 512 0 27274465736486
955192 512 0 27274466014810
955704 512 0 27274466293133
956216 512 0 27274466571457
956728 512 0 27274466849781
957240 512 0 27274467128104
957752 512 0 27274467406428
958264 512 0 27274467684751
958776 512 0 27274467963075
959288 512 0 27274468241399
959800 512 0 27274468519722
960312 512 0 27274468798046
960824 512 0 27274469076369
961336 512 0 27274469354693
961848 512 0 27274469633017
962360 512 0 27274469911340
962872 512 0 27274470189664
963384 512 0 27274470467987
963896 512 0 27274470746311
964408 512 0 27274471024635
964920 512 0 27274471302958
965432 512 0 27274471581282
965944 512 0 27274471859605
966456 512 0 27274472137895
966968 512 0 27274472416218
967480 512 0 27274472694542
967992 512 0 27274472972865
968504 512 0 27274473251189
969016 512 0 27274473529512
969528 512 0 27274473807836
970040 512 0 27274474086159
970552 512 0 27274474364483
971064 512 0 27274474642806
971576 512 0 27274474921130
972088 512 0 27274475199453
972600 512 0 27274475477777
973112 512 0 27274475756100
973624 512 0 27274476034424
974136 512 0 27274476312747
974648 512 0 27274476591071
975160 512 0 27274476869394
975672 512 0 27274477147718
976184 512 0 27274477426041
976696 512 0 27274477704365
977208 512 0 27274477982688
977720 512 0 27274478261012
978232 512 0 27274478539335
978744 512 0 27274478817659
979256 512 0 27274479095982
979768 512 0 27274479374306
980280 512 0 27274479652629
980792 512 0 27274479930953
981304 512 0 27274480209276
981816 512 0 27274480487600
982328 512 0 27274480765923
982840 512 0 27274481044211
983352 512 0 27274481322534
983864 512 0 27274481600857
984376 512 0 27274481879181
984888 512 0 27274482157504
985400 512 0 27274482435828
985912 512 0 27274482714151
986424 512 0 27274482992474
986936 512 0 27274483270798
987448 512 0 27274483549121
987960 512 0 27274483827445
988472 512 0 27274484105768
988984 512 0 27274484384091
989496 512 0 27274484662415
990008 512 0 27274484940738
990520 512 0 27274485219062
991032 512 0 27274485497385
991544 512 0 27274485775708
992056 512 0 27274486054032
992568 512 0 27274486332355
993080 512 0 27274486610678
993592 512 0 27274486889002
994104 512 0 27274487167325
994616 512 0 27274487445649
995128 512 0 27274487723972
995640 512 0 27274488002295
996152 512 0 27274488280619
996664 512 0 27274488558942
997176 512 0 27274488837266
997688 512 0 27274489115589
998200 512 0 27274489393912
998712 512 0 27274489672236
999224 512 0 27274489950522
999736 512 0 27274490228846
1000248 512 0 27274490507169
1000760 512 0 27274490785492
1001272 512 0 27274491063815
1001784 512 0 27274491342139
1002296 512 0 27274491620462
1002808 512 0 27274491898785
1003320 512 0 27274492177109
1003832 512 0 27274492455432
1004344 512 0 27274492733755
1004856 512 0 27274493012078
1005368 512 0 27274493290402
1005880 512 0 27274493568725
1006392 512 0 27274493847048
1006904 512 0 27274494125372
1007416 512 0 27274494403695
1007928 512 0 27274494682018
1008440 512 0 27274494960341
1008952 512 0 27274495238665
1009464 512 0 27274495516988
1009976 512 0 27274495795311
1010488 512 0 27274496073635
1011000 512 0 27274496351958
1011512 512 0 27274496630281
1012024 512 0 27274496908605
1012536 512 0 27274497186928
1013048 512 0 27274497465251
1013560 512 0 27274497743574
1014072 512 0 27274498021898
1014584 512 0 27274498300221
1015096 512 0 27274498578544
1015608 512 0 27274498856822
1016120 512 0 27274499135145
1016632 512 0 27274499413468
1017144 512 0 27274499691792
1017656 512 0 27274499970115
1018168 512 0 27274500248438
1018680 512 0 27274500526761
1019192 512 0 27274500805084
1019704 512 0 27274501083407
1020216 512 0 27274501361731
1020728 512 0 27274501640054
1021240 512 0 27274501918377
1021752 512 0 27274502196700
1022264 512 0 27274502475023
1022776 512 0 27274502753346
1023288 512 0 27274503031670
1023800 512 0 27274503309993
1024312 512 0 27274503588316
1024824 512 0 27274503866639
1025336 512 0 27274504144962
1025848 512 0 27274504423285
1026360 512 0 27274504701609
1026872 512 0 27274504979932
1027384 512 0 27274505258255
1027896 512 0 27274505536578
1028408 512 0 27274505814901
1028920 512 0 27274506093224
1029432 512 0 27274506371548
1029944 512 0 27274506649871
1030456 512 0 27274506928194
1030968 512 0 27274507206517
1031480 512 0 27274507484840
1031992 512 0 27274507763120
1032504 512 0 27274508041443
1033016 512 0 27274508319766
1033528 512 0 27274508598089
1034040 512 0 27274508876412
1034552 512 0 27274509154735
1035064 512 0 27274509433059
1035576 512 0 27274509711382
1036088 512 0 27274509989705
1036600 512 0 27274510268028
1037112 512 0 27274510546351
1037624 512 0 27274510824674
1038136 512 0 27274511102997
1038648 512 0 27274511381320
1039160 512 0 27274511659643
1039672 512 0 27274511937966
1040184 512 0 27274512216289
1040696 512 0 27274512494612
1041208 512 0 27274512772935
1041720 512 0 27274513051258
1042232 512 0 27274513329581
1042744 512 0 27274513607904
1043256 512 0 27274513886227
1043768 512 0 27274514164550
1044280 512 0 27274514442873
1044792 512 0 27274514721196
1045304 512 0 27274514999519
1045816 512 0 27274515277842
1046328 512 0 27274515556165
1046840 512 0 27274515834488
1047352 512 0 27274516112811
1047864 512 0 27274516391135
1048376 512 0 27274516669433
1048888 512 0 27274516947756
1049400 512 0 27274517226079
1049912 512 0 27274517504402
1050424 512 0 27274517782725
1050936 512 0 27274518061048
1051448 512 0 27274518339371
1051960 512 0 27274518617694
1052472 512 0 27274518896017
1052984 512 0 27274519174340
1053496 512 0 27274519452663
1054008 512 0 27274519730986
1054520 512 0 27274520009309
1055032 512 0 27274520287632
1055544 512 0 27274520565955
1056056 512 0 27274520844278
1056568 512 0 27274521122601
1057080 512 0 27274521400924
1057592 512 0 27274521679247
1058104 512 0 27274521957570
1058616 512 0 27274522235892
1059128 512 0 27274522514215
1059640 512 0 27274522792538
1060152 512 0 27274523070861
1060664 512 0 27274523349184
1061176 512 0 27274523627507
1061688 512 0 27274523905830
1062200 512 0 27274524184153
1062712 512 0 27274524462476
1063224 512 0 27274524740799
1063736 512 0 27274525019122
1064248 512 0 27274525297445
1064760 512 0 27274525575783
1065272 512 0 27274525854106
1065784 512 0 27274526132430
1066296 512 0 27274526410753
1066808 512 0 27274526689076
1067320 512 0 27274526967399
1067832 512 0 27274527245722
1068344 512 0 27274527524045
1068856 512 0 27274527802368
1069368 512 0 27274528080691
1069880 512 0 27274528359014
1070392 512 0 27274528637337
1070904 512 0 27274528915660
1071416 512 0 27274529193983
1071928 512 0 27274529472306
1072440 512 0 27274529750629
1072952 512 0 27274530028952
1073464 512 0 27274530307275
1073976 512 0 27274530585598
1074488 512 0 27274530863921
1075000 512 0 27274531142244
1075512 512 0 27274531420567
1076024 512 0 27274531698890
1076536 512 0 27274531977213
1077048 512 0 27274532255536
1077560 512 0 27274532533859
1078072 512 0 27274532812182
1078584 512 0 27274533090505
1079096 512 0 27274533368828
1079608 512 0 27274533647151
1080120 512 0 27274533925474
1080632 512 0 27274534203797
1081144 512 0 27274534482111
1081656 512 0 27274534760434
1082168 512 0 27274535038757
1082680 512 0 27274535317080
1083192 512 0 27274535595403
1083704 512 0 27274535873726
1084216 512 0 27274536152049
1084728 512 0 27274536430372
1085240 512 0 27274536708695
1085752 512 0 27274536987018
1086264 512 0 27274537265341
1086776 512 0 27274537543664
1087288 512 0 27274537821986
1087800 512 0 27274538100309
1088312 512 0 27274538378632
1088824 512 0 27274538656955
1089336 512 0 27274538935278
1089848 512 0 27274539213601
1090360 512 0 27274539491924
1090872 512 0 27274539770247
1091384 512 0 27274540048570
1091896 512 0 27274540326893
1092408 512 0 27274540605216
1092920 512 0 27274540883539
1093432 512 0 27274541161862
1093944 512 0 27274541440185
1094456 512 0 27274541718508
1094968 512 0 27274541996831
1095480 512 0 27274542275154
1095992 512 0 27274542553477
1096504 512 0 27274542831800
1097016 512 0 27274543110123
1097528 512 0 27274543388412
1098040 512 0 27274543666734
1098552 512 0 27274543945057
1099064 512 0 27274544223380
1099576 512 0 27274544501703
1100088 512 0 27274544780026
1100600 512 0 27274545058349
1101112 512 0 27274545336672
1101624 512 0 27274545614995
1102136 512 0 27274545893318
1102648 512 0 27274546171640
1103160 512 0 27274546449963
1103672 512 0 27274546728286
1104184 512 0 27274547006609
1104696 512 0 27274547284932
1105208 512 0 27274547563255
1105720 512 0 27274547841578
1106232 512 0 27274548119901
1106744 512 0 27274548398224
1107256 512 0 27274548676546
1107768 512 0 27274548954869
1108280 512 0 27274549233192
1108792 512 0 27274549511515
1109304 512 0 27274549789838
1109816 512 0 27274550068161
1110328 512 0 27274550346484
1110840 512 0 27274550624807
1111352 512 0 27274550903130
1111864 512 0 27274551181452
1112376 512 0 27274551459775
1112888 512 0 27274551738098
1113400 512 0 27274552016421
1113912 512 0 27274552294689
1114424 512 0 27274552573011
1114936 512 0 27274552851334
1115448 512 0 27274553129657
1115960 512 0 27274553407979
1116472 512 0 27274553686302
1116984 512 0 27274553964625
1117496 512 0 27274554242948
1118008 512 0 27274554521270
1118520 512 0 27274554799593
1119032 512 0 27274555077916
1119544 512 0 27274555356239
1120056 512 0 27274555634561
1120568 512 0 27274555912884
1121080 512 0 27274556191207
1121592 512 0 27274556469530
1122104 512 0 27274556747852
1122616 512 0 27274557026175
1123128 512 0 27274557304498
1123640 512 0 27274557582820
1124152 512 0 27274557861143
1124664 512 0 27274558139466
1125176 512 0 27274558417789
1125688 512 0 27274558696111
1126200 512 0 27274558974434
1126712 512 0 27274559252757
1127224 512 0 27274559531080
1127736 512 0 27274559809402
1128248 512 0 27274560087725
1128760 512 0 27274560366048
1129272 512 0 27274560644370
1129784 512 0 27274560922693
1130296 512 0 27274561200955
1130808 512 0 27274561479278
1131320 512 0 27274561757600
1131832 512 0 27274562035923
1132344 512 0 27274562314245
1132856 512 0 27274562592568
1133368 512 0 27274562870890
1133880 512 0 27274563149213
1134392 512 0 27274563427536
1134904 512 0 27274563705858
1135416 512 0 27274563984181
1135928 512 0 27274564262503
1136440 512 0 27274564540826
1136952 512 0 27274564819148
1137464 512 0 27274565097471
1137976 512 0 27274565375793
1138488 512 0 27274565654116
1139000 512 0 27274565932439
1139512 512 0 27274566210761
1140024 512 0 27274566489084
1140536 512 0 27274566767406
1141048 512 0 27274567045729
1141560 512 0 27274567324051
1142072 512 0 27274567602374
1142584 512 0 27274567880696
1143096 512 0 27274568159019
1143608 512 0 27274568437342
1144120 512 0 27274568715664
1144632 512 0 27274568993987
1145144 512 0 27274569272309
1145656 512 0 27274569550632
1146168 512 0 27274569828954
1146680 512 0 27274570107267
1147192 512 0 27274570385590
1147704 512 0 27274570663912
1148216 512 0 27274570942235
1148728 512 0 27274571220557
1149240 512 0 27274571498880
1149752 512 0 27274571777202
1150264 512 0 27274572055525
1150776 512 0 27274572333847
1151288 512 0 27274572612170
1151800 512 0 27274572890493
1152312 512 0 27274573168815
1152824 512 0 27274573447138
1153336 512 0 27274573725460
1153848 512 0 27274574003783
1154360 512 0 27274574282105
1154872 512 0 27274574560428
1155384 512 0 27274574838750
1155896 512 0 27274575117073
1156408 512 0 27274575395395
1156920 512 0 27274575673718
1157432 512 0 27274575952040
1157944 512 0 27274576230363
1158456 512 0 27274576508685
1158968 512 0 27274576787008
1159480 512 0 27274577065330
1159992 512 0 27274577343653
1160504 512 0 27274577621976
1161016 512 0 27274577900298
1161528 512 0 27274578178621
1162040 512 0 27274578456943
1162552 512 0 27274578735266
1163064 512 0 27274579013590
1163576 512 0 27274579291913
1164088 512 0 27274579570235
1164600 512 0 27274579848558
1165112 512 0 27274580126881
1165624 512 0 27274580405203
1166136 512 0 27274580683526
1166648 512 0 27274580961848
1167160 512 0 27274581240171
1167672 512 0 27274581518493
1168184 512 0 27274581796816
1168696 512 0 27274582075138
1169208 512 0 27274582353461
1169720 512 0 27274582631783
1170232 512 0 27274582910106
1170744 512 0 27274583188428
1171256 512 0 27274583466751
1171768 512 0 27274583745074
1172280 512 0 27274584023396
1172792 512 0 27274584301719
1173304 512 0 27274584580041
1173816 512 0 27274584858364
1174328 512 0 27274585136686
1174840 512 0 27274585415009
1175352 512 0 27274585693331
1175864 512 0 27274585971654
1176376 512 0 27274586249976
1176888 512 0 27274586528299
1177400 512 0 27274586806621
1177912 512 0 27274587084944
1178424 512 0 27274587363267
1178936 512 0 27274587641589
1179448 512 0 27274587919915
1179960 512 0 27274588198237
1180472 512 0 27274588476560
1180984 512 0 27274588754882
1181496 512 0 27274589033205
1182008 512 0 27274589311527
1182520 512 0 27274589589850
1183032 512 0 27274589868173
1183544 512 0 27274590146495
1184056 512 0 27274590424818
1184568 512 0 27274590703140
1185080 512 0 27274590981463
1185592 512 0 27274591259785
1186104 512 0 27274591538108
1186616 512 0 27274591816430
1187128 512 0 27274592094753
1187640 512 0 27274592373075
1188152 512 0 27274592651398
1188664 512 0 27274592929721
1189176 512 0 27274593208043
1189688 512 0 27274593486366
1190200 512 0 27274593764688
1190712 512 0 27274594043011
1191224 512 0 27274594321333
1191736 512 0 27274594599656
1192248 512 0 27274594877978
1192760 512 0 27274595156301
1193272 512 0 27274595434623
1193784 512 0 27274595712946
1194296 512 0 27274595991269
1194808 512 0 27274596269591
1195320 512 0 27274596547914
1195832 512 0 27274596826257
1196344 512 0 27274597104579
1196856 512 0 27274597382902
1197368 512 0 27274597661224
1197880 512 0 27274597939547
1198392 512 0 27274598217870
1198904 512 0 27274598496192
1199416 512 0 27274598774515
1199928 512 0 27274599052837
1200440 512 0 27274599331160
1200952 512 0 27274599609483
1201464 512 0 27274599887805
1201976 512 0 27274600166128
1202488 512 0 27274600444450
1203000 512 0 27274600722773
1203512 512 0 27274601001096
1204024 512 0 27274601279418
1204536 512 0 27274601557741
1205048 512 0 27274601836063
1205560 512 0 27274602114386
1206072 512 0 27274602392709
1206584 512 0 27274602671031
1207096 512 0 27274602949354
1207608 512 0 27274603227676
1208120 512 0 27274603505999
1208632 512 0 27274603784322
1209144 512 0 27274604062644
1209656 512 0 27274604340967
1210168 512 0 27274604619289
1210680 512 0 27274604897612
1211192 512 0 27274605175935
1211704 512 0 27274605454257
1212216 512 0 27274605732594
1212728 512 0 27274606010916
1213240 512 0 27274606289239
1213752 512 0 27274606567562
1214264 512 0 27274606845884
1214776 512 0 27274607124207
1215288 512 0 27274607402530
1215800 512 0 27274607680852
1216312 512 0 27274607959175
1216824 512 0 27274608237498
1217336 512 0 27274608515820
1217848 512 0 27274608794143
1218360 512 0 27274609072465
1218872 512 0 27274609350788
1219384 512 0 27274609629111
1219896 512 0 27274609907433
1220408 512 0 27274610185756
1220920 512 0 27274610464079
1221432 512 0 27274610742401
1221944 512 0 27274611020724
1222456 512 0 27274611299047
1222968 512 0 27274611577369
1223480 512 0 27274611855692
1223992 512 0 27274612134015
1224504 512 0 27274612412337
1225016 512 0 27274612690660
1225528 512 0 27274612968982
1226040 512 0 27274613247305
1226552 512 0 27274613525628
1227064 512 0 27274613803950
1227576 512 0 27274614082273
1228088 512 0 27274614360596
1228600 512 0 27274614638928
1229112 512 0 27274614917250
1229624 512 0 27274615195573
1230136 512 0 27274615473896
1230648 512 0 27274615752218
1231160 512 0 27274616030541
1231672 512 0 27274616308864
1232184 512 0 27274616587186
1232696 512 0 27274616865509
1233208 512 0 27274617143832
1233720 512 0 27274617422154
1234232 512 0 27274617700477
1234744 512 0 27274617978800
1235256 512 0 27274618257122
1235768 512 0 27274618535445
1236280 512 0 27274618813768
1236792 512 0 27274619092090
1237304 512 0 27274619370413
1237816 512 0 27274619648736
1238328 512 0 27274619927058
1238840 512 0 27274620205381
1239352 512 0 27274620483704
1239864 512 0 27274620762026
1240376 512 0 27274621040349
1240888 512 0 27274621318672
1241400 512 0 27274621596994
1241912 512 0 27274621875317
1242424 512 0 27274622153640
1242936 512 0 27274622431962
1243448 512 0 27274622710285
1243960 512 0 27274622988608
1244472 512 0 27274623266930
1244984 512 0 27274623545257
1245496 512 0 27274623823580
1246008 512 0 27274624101902
1246520 512 0 27274624380225
1247032 512 0 27274624658548
1247544 512 0 27274624936870
1248056 512 0 27274625215193
1248568 512 0 27274625493516
1249080 512 0 27274625771838
1249592 512 0 27274626050161
1250104 512 0 27274626328484
1250616 512 0 27274626606806
1251128 512 0 27274626885129
1251640 512 0 27274627163452
1252152 512 0 27274627441774
1252664 512 0 27274627720097
1253176 512 0 27274627998420
1253688 512 0 27274628276743
1254200 512 0 27274628555065
1254712 512 0 27274628833388
1255224 512 0 27274629111711
1255736 512 0 27274629390033
1256248 512 0 27274629668356
1256760 512 0 27274629946679
1257272 512 0 27274630225001
1257784 512 0 27274630503324
1258296 512 0 27274630781647
1258808 512 0 27274631059969
1259320 512 0 27274631338292
1259832 512 0 27274631616615
1260344 512 0 27274631894937
1260856 512 0 27274632173260
1261368 512 0 27274632451582
1261880 512 0 27274632729905
1262392 512 0 27274633008227
1262904 512 0 27274633286550
1263416 512 0 27274633564873
1263928 512 0 27274633843195
1264440 512 0 27274634121518
1264952 512 0 27274634399841
1265464 512 0 27274634678163
1265976 512 0 27274634956486
1266488 512 0 27274635234809
1267000 512 0 27274635513131
1267512 512 0 27274635791454
1268024 512 0 27274636069777
1268536 512 0 27274636348099
1269048 512 0 27274636626422
1269560 512 0 27274636904745
1270072 512 0 27274637183067
1270584 512 0 27274637461390
1271096 512 0 27274637739713
1271608 512 0 27274638018035
1272120 512 0 27274638296358
1272632 512 0 27274638574681
1273144 512 0 27274638853003
1273656 512 0 27274639131326
1274168 512 0 27274639409649
1274680 512 0 27274639687972
1275192 512 0 27274639966294
1275704 512 0 27274640244617
1276216 512 0 27274640522940
1276728 512 0 27274640801262
1277240 512 0 27274641079585
1277752 512 0 27274641357900
1278264 512 0 27274641636223
1278776 512 0 27274641914546
1279288 512 0 27274642192868
1279800 512 0 27274642471191
1280312 512 0 27274642749514
1280824 512 0 27274643027836
1281336 512 0 27274643306159
1281848 512 0 27274643584481
1282360 512 0 27274643862804
1282872 512 0 27274644141127
1283384 512 0 27274644419449
1283896 512 0 27274644697772
1284408 512 0 27274644976095
1284920 512 0 27274645254417
1285432 512 0 27274645532740
1285944 512 0 27274645811063
1286456 512 0 27274646089385
1286968 512 0 27274646367708
1287480 512 0 27274646646031
1287992 512 0 27274646924353
1288504 512 0 27274647202676
1289016 512 0 27274647480999
1289528 512 0 27274647759321
1290040 512 0 27274648037644
1290552 512 0 27274648315967
1291064 512 0 27274648594289
1291576 512 0 27274648872612
1292088 512 0 27274649150935
1292600 512 0 27274649429257
1293112 512 0 27274649707580
1293624 512 0 27274649985903
1294136 512 0 27274650264218
1294648 512 0 27274650542540
1295160 512 0 27274650820863
1295672 512 0 27274651099185
1296184 512 0 27274651377508
1296696 512 0 27274651655831
1297208 512 0 27274651934153
1297720 512 0 27274652212476
1298232 512 0 27274652490799
1298744 512 0 27274652769121
1299256 512 0 27274653047444
1299768 512 0 27274653325767
1300280 512 0 27274653604089
1300792 512 0 27274653882412
1301304 512 0 27274654160734
1301816 512 0 27274654439057
1302328 512 0 27274654717380
1302840 512 0 27274654995702
1303352 512 0 27274655274025
1303864 512 0 27274655552348
1304376 512 0 27274655830670
1304888 512 0 27274656108993
1305400 512 0 27274656387316
1305912 512 0 27274656665638
1306424 512 0 27274656943961
1306936 512 0 27274657222283
1307448 512 0 27274657500606
1307960 512 0 27274657778929
1308472 512 0 27274658057251
1308984 512 0 27274658335574
1309496 512 0 27274658613897
1310008 512 0 27274658892219
1310520 512 0 27274659170542
1311032 512 0 27274659448864
1311544 512 0 27274659727187
1312056 512 0 27274660005509
1312568 512 0 27274660283832
1313080 512 0 27274660562155
1313592 512 0 27274660840477
1314104 512 0 27274661118800
1314616 512 0 27274661397123
1315128 512 0 27274661675445
1315640 512 0 27274661953768
1316152 512 0 27274662232090
1316664 512 0 27274662510413
1317176 512 0 27274662788736
1317688 512 0 27274663067058
1318200 512 0 27274663345381
1318712 512 0 27274663623704
1319224 512 0 27274663902026
1319736 512 0 27274664180349
1320248 512 0 27274664458672
1320760 512 0 27274664736994
1321272 512 0 27274665015317
1321784 512 0 27274665293639
1322296 512 0 27274665571962
1322808 512 0 27274665850285
1323320 512 0 27274666128607
1323832 512 0 27274666406930
1324344 512 0 27274666685253
1324856 512 0 27274666963575
1325368 512 0 27274667241898
1325880 512 0 27274667520221
1326392 512 0 27274667798543
1326904 512 0 27274668076858
1327416 512 0 27274668355180
1327928 512 0 27274668633503
1328440 512 0 27274668911826
1328952 512 0 27274669190148
1329464 512 0 27274669468471
1329976 512 0 27274669746793
1330488 512 0 27274670025116
1331000 512 0 27274670303439
1331512 512 0 27274670581761
1332024 512 0 27274670860084
1332536 512 0 27274671138407
1333048 512 0 27274671416729
1333560 512 0 27274671695052
1334072 512 0 27274671973374
1334584 512 0 27274672251697
1335096 512 0 27274672530020
1335608 512 0 27274672808342
1336120 512 0 27274673086665
1336632 512 0 27274673364987
1337144 512 0 27274673643310
1337656 512 0 27274673921633
1338168 512 0 27274674199955
1338680 512 0 27274674478278
1339192 512 0 27274674756600
1339704 512 0 27274675034923
1340216 512 0 27274675313246
1340728 512 0 27274675591568
1341240 512 0 27274675869891
1341752 512 0 27274676148214
1342264 512 0 27274676426536
1342776 512 0 27274676704859
1343288 512 0 27274676983172
1343800 512 0 27274677261495
1344312 512 0 27274677539817
1344824 512 0 27274677818140
1345336 512 0 27274678096462
1345848 512 0 27274678374785
1346360 512 0 27274678653107
1346872 512 0 27274678931430
1347384 512 0 27274679209753
1347896 512 0 27274679488075
1348408 512 0 27274679766398
1348920 512 0 27274680044720
1349432 512 0 27274680323043
1349944 512 0 27274680601366
1350456 512 0 27274680879688
1350968 512 0 27274681158011
1351480 512 0 27274681436333
1351992 512 0 27274681714656
1352504 512 0 27274681992978
1353016 512 0 27274682271301
1353528 512 0 27274682549624
1354040 512 0 27274682827946
1354552 512 0 27274683106269
1355064 512 0 27274683384591
1355576 512 0 27274683662914
1356088 512 0 27274683941237
1356600 512 0 27274684219559
1357112 512 0 27274684497882
1357624 512 0 27274684776204
1358136 512 0 27274685054527
1358648 512 0 27274685332849
1359160 512 0 27274685611172
1359672 512 0 27274685889493
1360184 512 0 27274686167815
1360696 512 0 27274686446138
1361208 512 0 27274686724461
1361720 512 0 27274687002783
1362232 512 0 27274687281106
1362744 512 0 27274687559428
1363256 512 0 27274687837751
1363768 512 0 27274688116073
1364280 512 0 27274688394396
1364792 512 0 27274688672719
1365304 512 0 27274688951041
1365816 512 0 27274689229364
1366328 512 0 27274689507686
1366840 512 0 27274689786009
1367352 512 0 27274690064331
1367864 512 0 27274690342654
1368376 512 0 27274690620977
1368888 512 0 27274690899299
1369400 512 0 27274691177622
1369912 512 0 27274691455944
1370424 512 0 27274691734267
1370936 512 0 27274692012590
1371448 512 0 27274692290912
1371960 512 0 27274692569235
1372472 512 0 27274692847557
1372984 512 0 27274693125880
1373496 512 0 27274693404202
1374008 512 0 27274693682525
1374520 512 0 27274693960848
1375032 512 0 27274694239170
1375544 512 0 27274694517493
1376056 512 0 27274694795856
1376568 512 0 27274695074179
1377080 512 0 27274695352502
1377592 512 0 27274695630825
1378104 512 0 27274695909147
1378616 512 0 27274696187470
1379128 512 0 27274696465793
1379640 512 0 27274696744115
1380152 512 0 27274697022438
1380664 512 0 27274697300761
1381176 512 0 27274697579083
1381688 512 0 27274697857406
1382200 512 0 27274698135729
1382712 512 0 27274698414052
1383224 512 0 27274698692374
1383736 512 0 27274698970697
1384248 512 0 27274699249020
1384760 512 0 27274699527342
1385272 512 0 27274699805665
1385784 512 0 27274700083988
1386296 512 0 27274700362310
1386808 512 0 27274700640633
1387320 512 0 27274700918956
1387832 512 0 27274701197278
1388344 512 0 27274701475601
1388856 512 0 27274701753924
1389368 512 0 27274702032247
1389880 512 0 27274702310569
1390392 512 0 27274702588892
1390904 512 0 27274702867215
1391416 512 0 27274703145537
1391928 512 0 27274703423860
1392440 512 0 27274703702222
1392952 512 0 27274703980545
1393464 512 0 27274704258868
1393976 512 0 27274704537190
1394488 512 0 27274704815513
1395000 512 0 27274705093836
1395512 512 0 27274705372159
1396024 512 0 27274705650482
1396536 512 0 27274705928804
1397048 512 0 27274706207127
1397560 512 0 27274706485450
1398072 512 0 27274706763773
1398584 512 0 27274707042096
1399096 512 0 27274707320419
1399608 512 0 27274707598741
1400120 512 0 27274707877064
1400632 512 0 27274708155387
1401144 512 0 27274708433710
1401656 512 0 27274708712033
1402168 512 0 27274708990355
1402680 512 0 27274709268678
1403192 512 0 27274709547001
1403704 512 0 27274709825324
1404216 512 0 27274710103647
1404728 512 0 27274710381969
1405240 512 0 27274710660292
1405752 512 0 27274710938615
1406264 512 0 27274711216938
1406776 512 0 27274711495261
1407288 512 0 27274711773583
1407800 512 0 27274712051906
1408312 512 0 27274712330229
1408824 512 0 27274712608587
1409336 512 0 27274712886910
1409848 512 0 27274713165233
1410360 512 0 27274713443556
1410872 512 0 27274713721879
1411384 512 0 27274714000202
1411896 512 0 27274714278525
1412408 512 0 27274714556848
1412920 512 0 27274714835170
1413432 512 0 27274715113493
1413944 512 0 27274715391816
1414456 512 0 27274715670139
1414968 512 0 27274715948462
1415480 512 0 27274716226785
1415992 512 0 27274716505108
1416504 512 0 27274716783431
1417016 512 0 27274717061754
1417528 512 0 27274717340077
1418040 512 0 27274717618400
1418552 512 0 27274717896722
1419064 512 0 27274718175045
1419576 512 0 27274718453368
1420088 512 0 27274718731691
1420600 512 0 27274719010014
1421112 512 0 27274719288337
1421624 512 0 27274719566660
1422136 512 0 27274719844983
1422648 512 0 27274720123306
1423160 512 0 27274720401629
1423672 512 0 27274720679952
1424184 512 0 27274720958274
1424696 512 0 27274721236597
1425208 512 0 27274721514951
1425720 512 0 27274721793274
1426232 512 0 27274722071597
1426744 512 0 27274722349920
1427256 512 0 27274722628243
1427768 512 0 27274722906566
1428280 512 0 27274723184889
1428792 512 0 27274723463212
1429304 512 0 27274723741535
1429816 512 0 27274724019858
1430328 512 0 27274724298181
1430840 512 0 27274724576504
1431352 512 0 27274724854827
1431864 512 0 27274725133150
1432376 512 0 27274725411473
1432888 512 0 27274725689796
1433400 512 0 27274725968119
1433912 512 0 27274726246442
1434424 512 0 27274726524765
1434936 512 0 27274726803088
1435448 512 0 27274727081411
1435960 512 0 27274727359734
1436472 512 0 27274727638057
1436984 512 0 27274727916380
1437496 512 0 27274728194703
1438008 512 0 27274728473026
1438520 512 0 27274728751349
1439032 512 0 27274729029672
1439544 512 0 27274729307995
1440056 512 0 27274729586318
1440568 512 0 27274729864641
1441080 512 0 27274730142964
1441592 512 0 27274730421306
1442104 512 0 27274730699629
1442616 512 0 27274730977952
1443128 512 0 27274731256275
1443640 512 0 27274731534598
1444152 512 0 27274731812921
1444664 512 0 27274732091244
1445176 512 0 27274732369567
1445688 512 0 27274732647890
1446200 512 0 27274732926213
1446712 512 0 27274733204536
1447224 512 0 27274733482859
1447736 512 0 27274733761182
1448248 512 0 27274734039505
1448760 512 0 27274734317828
1449272 512 0 27274734596151
1449784 512 0 27274734874474
1450296 512 0 27274735152797
1450808 512 0 27274735431121
1451320 512 0 27274735709444
