1512 384 0 27273954718816
2024 384 0 27273954997456
2536 384 0 27273955276095
3048 384 0 27273955554735
3560 384 0 27273955833374
4072 384 0 27273956112013
4584 384 0 27273956390653
5096 384 0 27273956669292
5608 384 0 27273956947932
6120 384 0 27273957226571
6632 384 0 27273957505211
7144 384 0 27273957783850
7656 384 0 27273958062490
8168 384 0 27273958341129
8680 384 0 27273958619769
9192 384 0 27273958898408
9704 384 0 27273959177047
10216 384 0 27273959455687
10728 384 0 27273959734326
11240 384 0 27273960012966
11752 384 0 27273960291605
12264 384 0 27273960570245
12776 384 0 27273960848884
13288 384 0 27273961127524
13800 384 0 27273961406163
14312 384 0 27273961684803
14824 384 0 27273961963442
15336 384 0 27273962242081
15848 384 0 27273962520721
16360 384 0 27273962799360
16872 384 0 27273963078000
17384 384 0 27273963356639
17896 384 0 27273963635279
18408 384 0 27273963913918
18920 384 0 27273964192558
19432 384 0 27273964471197
19944 384 0 27273964749837
20456 384 0 27273965028476
20968 384 0 27273965307115
21480 384 0 27273965585755
21992 384 0 27273965864394
22504 384 0 27273966143034
23016 384 0 27273966416615
23528 384 0 27273966695157
24040 512 0 27273966973700
24552 512 0 27273967252242
25064 512 0 27273967530784
25576 512 0 27273967809327
26088 512 0 27273968087869
26600 512 0 27273968366412
27112 512 0 27273968644954
27624 512 0 27273968923496
28136 512 0 27273969202039
28648 512 0 27273969480581
29160 512 0 27273969759124
29672 512 0 27273970037666
30184 512 0 27273970316209
30696 512 0 27273970594751
31208 512 0 27273970873293
31720 512 0 27273971151836
32232 512 0 27273971430378
32744 512 0 27273971708921
33256 512 0 27273971987463
33768 512 0 27273972256963
34280 512 0 27273972535330
34792 512 0 27273972813698
35304 512 0 27273973092065
35816 512 0 27273973370432
36328 512 0 27273973648799
36840 512 0 27273973927166
37352 512 0 27273974205533
37864 512 0 27273974483901
38376 512 0 27273974762268
38888 512 0 27273975040635
39400 512 0 27273975319002
39912 512 0 27273975597369
40424 512 0 27273975875736
40936 512 0 27273976154104
41448 512 0 27273976432471
41960 512 0 27273976710838
42472 512 0 27273976989205
42984 512 0 27273977267572
43496 512 0 27273977545939
44008 512 0 27273977824307
44520 512 0 27273978102674
45032 512 0 27273978379903
45544 512 0 27273978658253
46056 512 0 27273978936603
46568 512 0 27273979214953
47080 512 0 27273979493303
47592 512 0 27273979771653
48104 512 0 27273980050003
48616 512 0 27273980328353
49128 512 0 27273980606703
49640 512 0 27273980885053
50152 512 0 27273981163403
50664 512 0 27273981441753
51176 512 0 27273981720103
51688 512 0 27273981998454
52200 512 0 27273982276804
52712 512 0 27273982555154
53224 512 0 27273982833504
53736 512 0 27273983111854
54248 512 0 27273983390204
54760 512 0 27273983668554
55272 512 0 27273983946904
55784 512 0 27273984225254
56296 512 0 27273984502310
56808 512 0 27273984780641
57320 512 0 27273985058972
57832 512 0 27273985337302
58344 512 0 27273985615633
58856 512 0 27273985893964
59368 512 0 27273986172294
59880 512 0 27273986450625
60392 512 0 27273986728956
60904 512 0 27273987007287
61416 512 0 27273987285617
61928 512 0 27273987563948
62440 512 0 27273987842279
62952 512 0 27273988120609
63464 512 0 27273988398940
63976 512 0 27273988677271
64488 512 0 27273988955601
65000 512 0 27273989233932
65512 512 0 27273989512263
66024 512 0 27273989790593
66536 512 0 27273990068924
67048 512 0 27273990347310
67560 512 0 27273990625641
68072 512 0 27273990903973
68584 512 0 27273991182304
69096 512 0 27273991460636
69608 512 0 27273991738967
70120 512 0 27273992017299
70632 512 0 27273992295630
71144 512 0 27273992573962
71656 512 0 27273992852293
72168 512 0 27273993130625
72680 512 0 27273993408956
73192 512 0 27273993687288
73704 512 0 27273993965619
74216 512 0 27273994243951
74728 512 0 27273994522282
75240 512 0 27273994800614
75752 512 0 27273995078946
76264 512 0 27273995357277
76776 512 0 27273995635609
77288 512 0 27273995913940
77800 512 0 27273996192272
78312 512 0 27273996469870
78824 512 0 27273996748191
79336 512 0 27273997026512
79848 512 0 27273997304832
80360 512 0 27273997583153
80872 512 0 27273997861473
81384 512 0 27273998139794
81896 512 0 27273998418114
82408 512 0 27273998696435
82920 512 0 27273998974755
83432 512 0 27273999253076
83944 512 0 27273999531397
84456 512 0 27273999809717
84968 512 0 27274000088038
85480 512 0 27274000366358
85992 512 0 27274000644679
86504 512 0 27274000922999
87016 512 0 27274001201320
87528 512 0 27274001479641
88040 512 0 27274001757961
88552 512 0 27274002036282
89064 512 0 27274002314992
89576 512 0 27274002593316
90088 512 0 27274002871640
90600 512 0 27274003149964
91112 512 0 27274003428288
91624 512 0 27274003706612
92136 512 0 27274003984937
92648 512 0 27274004263261
93160 512 0 27274004541585
93672 512 0 27274004819909
94184 512 0 27274005098233
94696 512 0 27274005376557
95208 512 0 27274005654881
95720 512 0 27274005933205
96232 512 0 27274006211529
96744 512 0 27274006489854
97256 512 0 27274006768178
97768 512 0 27274007046502
98280 512 0 27274007324826
98792 512 0 27274007603150
99304 512 0 27274007881474
99816 512 0 27274008159335
100328 512 0 27274008437655
100840 512 0 27274008715975
101352 512 0 27274008994294
101864 512 0 27274009272614
102376 512 0 27274009550934
102888 512 0 27274009829254
103400 512 0 27274010107574
103912 512 0 27274010385894
104424 512 0 27274010664214
104936 512 0 27274010942533
105448 512 0 27274011220853
105960 512 0 27274011499173
106472 512 0 27274011777493
106984 512 0 27274012055813
107496 512 0 27274012334133
108008 512 0 27274012612453
108520 512 0 27274012890773
109032 512 0 27274013169092
109544 512 0 27274013447412
110056 512 0 27274013725732
110568 512 0 27274014004052
111080 512 0 27274014282782
111592 512 0 27274014561105
112104 512 0 27274014839429
112616 512 0 27274015117752
113128 512 0 27274015396076
113640 512 0 27274015674400
114152 512 0 27274015952723
114664 512 0 27274016231047
115176 512 0 27274016509370
115688 512 0 27274016787694
116200 512 0 27274017066018
116712 512 0 27274017344341
117224 512 0 27274017622665
117736 512 0 27274017900988
118248 512 0 27274018179312
118760 512 0 27274018457636
119272 512 0 27274018735959
119784 512 0 27274019014283
120296 512 0 27274019292607
120808 512 0 27274019570930
121320 512 0 27274019849254
121832 512 0 27274020127577
122344 512 0 27274020405518
122856 512 0 27274020683838
123368 512 0 27274020962158
123880 512 0 27274021240478
124392 512 0 27274021518798
124904 512 0 27274021797118
125416 512 0 27274022075438
125928 512 0 27274022353758
126440 512 0 27274022632079
126952 512 0 27274022910399
127464 512 0 27274023188719
127976 512 0 27274023467039
128488 512 0 27274023745359
129000 512 0 27274024023679
129512 512 0 27274024301999
130024 512 0 27274024580319
130536 512 0 27274024858639
131048 512 0 27274025136960
131560 512 0 27274025415280
132072 512 0 27274025693600
132584 512 0 27274025971920
133096 512 0 27274026250641
133608 512 0 27274026528965
134120 512 0 27274026807289
134632 512 0 27274027085613
135144 512 0 27274027363936
135656 512 0 27274027642260
136168 512 0 27274027920584
136680 512 0 27274028198908
137192 512 0 27274028477232
137704 512 0 27274028755555
138216 512 0 27274029033879
138728 512 0 27274029312203
139240 512 0 27274029590527
139752 512 0 27274029868851
140264 512 0 27274030147174
140776 512 0 27274030425498
141288 512 0 27274030703822
141800 512 0 27274030982146
142312 512 0 27274031260469
142824 512 0 27274031538793
143336 512 0 27274031817117
143848 512 0 27274032095441
144360 512 0 27274032373999
144872 512 0 27274032652325
145384 512 0 27274032930651
145896 512 0 27274033208977
146408 512 0 27274033487303
146920 512 0 27274033765629
147432 512 0 27274034043955
147944 512 0 27274034322281
148456 512 0 27274034600607
148968 512 0 27274034878933
149480 512 0 27274035157259
149992 512 0 27274035435585
150504 512 0 27274035713910
151016 512 0 27274035992236
151528 512 0 27274036270562
152040 512 0 27274036548888
152552 512 0 27274036827214
153064 512 0 27274037105540
153576 512 0 27274037383866
154088 512 0 27274037662192
154600 512 0 27274037940518
155112 512 0 27274038218844
155624 512 0 27274038496737
156136 512 0 27274038775058
156648 512 0 27274039053380
157160 512 0 27274039331702
157672 512 0 27274039610024
158184 512 0 27274039888346
158696 512 0 27274040166668
159208 512 0 27274040444990
159720 512 0 27274040723312
160232 512 0 27274041001634
160744 512 0 27274041279956
161256 512 0 27274041558278
161768 512 0 27274041836600
162280 512 0 27274042114922
162792 512 0 27274042393244
163304 512 0 27274042671566
163816 512 0 27274042949888
164328 512 0 27274043228210
164840 512 0 27274043506532
165352 512 0 27274043784854
165864 512 0 27274044063176
166376 512 0 27274044341851
166888 512 0 27274044620176
167400 512 0 27274044898501
167912 512 0 27274045176826
168424 512 0 27274045455152
168936 512 0 27274045733477
169448 512 0 27274046011802
169960 512 0 27274046290127
170472 512 0 27274046568453
170984 512 0 27274046846778
171496 512 0 27274047125103
172008 512 0 27274047403428
172520 512 0 27274047681753
173032 512 0 27274047960079
173544 512 0 27274048238404
174056 512 0 27274048516729
174568 512 0 27274048795054
175080 512 0 27274049073379
175592 512 0 27274049351705
176104 512 0 27274049630030
176616 512 0 27274049908355
177128 512 0 27274050186248
177640 512 0 27274050464572
178152 512 0 27274050742895
178664 512 0 27274051021219
179176 512 0 27274051299542
179688 512 0 27274051577865
180200 512 0 27274051856189
180712 512 0 27274052134512
181224 512 0 27274052412836
181736 512 0 27274052691159
182248 512 0 27274052969482
182760 512 0 27274053247806
183272 512 0 27274053526129
183784 512 0 27274053804453
184296 512 0 27274054082776
184808 512 0 27274054361099
185320 512 0 27274054639423
185832 512 0 27274054917746
186344 512 0 27274055196070
186856 512 0 27274055474393
187368 512 0 27274055752716
187880 512 0 27274056031040
188392 512 0 27274056309638
188904 512 0 27274056587962
189416 512 0 27274056866287
189928 512 0 27274057144611
190440 512 0 27274057422936
190952 512 0 27274057701261
191464 512 0 27274057979585
191976 512 0 27274058257910
192488 512 0 27274058536234
193000 512 0 27274058814559
193512 512 0 27274059092883
194024 512 0 27274059371208
194536 512 0 27274059649532
195048 512 0 27274059927857
195560 512 0 27274060206182
196072 512 0 27274060484506
196584 512 0 27274060762831
197096 512 0 27274061041155
197608 512 0 27274061319480
198120 512 0 27274061597804
198632 512 0 27274061876129
199144 512 0 27274062154097
199656 512 0 27274062432420
200168 512 0 27274062710743
200680 512 0 27274062989066
201192 512 0 27274063267389
201704 512 0 27274063545712
202216 512 0 27274063824035
202728 512 0 27274064102358
203240 512 0 27274064380681
203752 512 0 27274064659005
204264 512 0 27274064937328
204776 512 0 27274065215651
205288 512 0 27274065493974
205800 512 0 27274065772297
206312 512 0 27274066050620
206824 512 0 27274066328943
207336 512 0 27274066607266
207848 512 0 27274066885589
208360 512 0 27274067163912
208872 512 0 27274067442235
209384 512 0 27274067720558
209896 512 0 27274067998881
210408 512 0 27274068277486
210920 512 0 27274068555810
211432 512 0 27274068834134
211944 512 0 27274069112459
212456 512 0 27274069390783
212968 512 0 27274069669107
213480 512 0 27274069947431
213992 512 0 27274070225756
214504 512 0 27274070504080
215016 512 0 27274070782404
215528 512 0 27274071060728
216040 512 0 27274071339053
216552 512 0 27274071617377
217064 512 0 27274071895701
217576 512 0 27274072174025
218088 512 0 27274072452349
218600 512 0 27274072730674
219112 512 0 27274073008998
219624 512 0 27274073287322
220136 512 0 27274073565646
220648 512 0 27274073843971
221160 512 0 27274074122295
221672 512 0 27274074400209
222184 512 0 27274074678532
222696 512 0 27274074956854
223208 512 0 27274075235177
223720 512 0 27274075513499
224232 512 0 27274075791822
224744 512 0 27274076070144
225256 512 0 27274076348467
225768 512 0 27274076626789
226280 512 0 27274076905112
226792 512 0 27274077183434
227304 512 0 27274077461757
227816 512 0 27274077740079
228328 512 0 27274078018402
228840 512 0 27274078296724
229352 512 0 27274078575047
229864 512 0 27274078853369
230376 512 0 27274079131692
230888 512 0 27274079410014
231400 512 0 27274079688337
231912 512 0 27274079966659
232424 512 0 27274080245276
232936 512 0 27274080523600
233448 512 0 27274080801924
233960 512 0 27274081080248
234472 512 0 27274081358571
234984 512 0 27274081636895
235496 512 0 27274081915219
236008 512 0 27274082193543
236520 512 0 27274082471866
237032 512 0 27274082750190
237544 512 0 27274083028514
238056 512 0 27274083306838
238568 512 0 27274083585161
239080 512 0 27274083863485
239592 512 0 27274084141809
240104 512 0 27274084420133
240616 512 0 27274084698456
241128 512 0 27274084976780
241640 512 0 27274085255104
242152 512 0 27274085533428
242664 512 0 27274085811751
243176 512 0 27274086089738
243688 512 0 27274086368060
244200 512 0 27274086646383
244712 512 0 27274086924705
245224 512 0 27274087203027
245736 512 0 27274087481350
246248 512 0 27274087759672
246760 512 0 27274088037994
247272 512 0 27274088316317
247784 512 0 27274088594639
248296 512 0 27274088872961
248808 512 0 27274089151284
249320 512 0 27274089429606
249832 512 0 27274089707928
250344 512 0 27274089986251
250856 512 0 27274090264573
251368 512 0 27274090542895
251880 512 0 27274090821218
252392 512 0 27274091099540
252904 512 0 27274091377862
253416 512 0 27274091656185
253928 512 0 27274091934507
254440 512 0 27274092213079
254952 512 0 27274092491403
255464 512 0 27274092769726
255976 512 0 27274093048049
256488 512 0 27274093326373
257000 512 0 27274093604696
257512 512 0 27274093883020
258024 512 0 27274094161343
258536 512 0 27274094439666
259048 512 0 27274094717990
259560 512 0 27274094996313
260072 512 0 27274095274637
260584 512 0 27274095552960
261096 512 0 27274095831283
261608 512 0 27274096109607
262120 512 0 27274096387930
262632 512 0 27274096666253
263144 512 0 27274096944577
263656 512 0 27274097222900
264168 512 0 27274097501224
264680 512 0 27274097779547
265192 512 0 27274098057870
265704 512 0 27274098336469
266216 512 0 27274098614794
266728 512 0 27274098893118
267240 512 0 27274099171443
267752 512 0 27274099449767
268264 512 0 27274099728092
268776 512 0 27274100006416
269288 512 0 27274100284741
269800 512 0 27274100563065
270312 512 0 27274100841390
270824 512 0 27274101119714
271336 512 0 27274101398039
271848 512 0 27274101676363
272360 512 0 27274101954688
272872 512 0 27274102233013
273384 512 0 27274102511337
273896 512 0 27274102789662
274408 512 0 27274103067986
274920 512 0 27274103346311
275432 512 0 27274103624635
275944 512 0 27274103902960
276456 512 0 27274104180929
276968 512 0 27274104459252
277480 512 0 27274104737575
277992 512 0 27274105015898
278504 512 0 27274105294221
279016 512 0 27274105572544
279528 512 0 27274105850867
280040 512 0 27274106129190
280552 512 0 27274106407513
281064 512 0 27274106685836
281576 512 0 27274106964160
282088 512 0 27274107242483
282600 512 0 27274107520806
283112 512 0 27274107799129
283624 512 0 27274108077452
284136 512 0 27274108355775
284648 512 0 27274108634098
285160 512 0 27274108912421
285672 512 0 27274109190744
286184 512 0 27274109469067
286696 512 0 27274109747390
287208 512 0 27274110025713
287720 512 0 27274110304318
288232 512 0 27274110582643
288744 512 0 27274110860967
289256 512 0 27274111139291
289768 512 0 27274111417615
290280 512 0 27274111695939
290792 512 0 27274111974264
291304 512 0 27274112252588
291816 512 0 27274112530912
292328 512 0 27274112809236
292840 512 0 27274113087561
293352 512 0 27274113365885
293864 512 0 27274113644209
294376 512 0 27274113922533
294888 512 0 27274114200857
295400 512 0 27274114479182
295912 512 0 27274114757506
296424 512 0 27274115035830
296936 512 0 27274115314154
297448 512 0 27274115592479
297960 512 0 27274115870803
298472 512 0 27274116148718
298984 512 0 27274116427041
299496 512 0 27274116705363
300008 512 0 27274116983686
300520 512 0 27274117262008
301032 512 0 27274117540331
301544 512 0 27274117818653
302056 512 0 27274118096976
302568 512 0 27274118375298
303080 512 0 27274118653621
303592 512 0 27274118931943
304104 512 0 27274119210266
304616 512 0 27274119488589
305128 512 0 27274119766911
305640 512 0 27274120045234
306152 512 0 27274120323556
306664 512 0 27274120601879
307176 512 0 27274120880201
307688 512 0 27274121158524
308200 512 0 27274121436846
308712 512 0 27274121715169
309224 512 0 27274121993491
309736 512 0 27274122272109
310248 512 0 27274122550432
310760 512 0 27274122828756
311272 512 0 27274123107080
311784 512 0 27274123385403
312296 512 0 27274123663727
312808 512 0 27274123942051
313320 512 0 27274124220375
313832 512 0 27274124498698
314344 512 0 27274124777022
314856 512 0 27274125055346
315368 512 0 27274125333670
315880 512 0 27274125611993
316392 512 0 27274125890317
316904 512 0 27274126168641
317416 512 0 27274126446965
317928 512 0 27274126725288
318440 512 0 27274127003612
318952 512 0 27274127281936
319464 512 0 27274127560260
319976 512 0 27274127838583
320488 512 0 27274128116907
321000 512 0 27274128394893
321512 512 0 27274128673216
322024 512 0 27274128951538
322536 512 0 27274129229860
323048 512 0 27274129508183
323560 512 0 27274129786505
324072 512 0 27274130064827
324584 512 0 27274130343150
325096 512 0 27274130621472
325608 512 0 27274130899794
326120 512 0 27274131178117
326632 512 0 27274131456439
327144 512 0 27274131734761
327656 512 0 27274132013084
328168 512 0 27274132291406
328680 512 0 27274132569728
329192 512 0 27274132848051
329704 512 0 27274133126373
330216 512 0 27274133404695
330728 512 0 27274133683018
331240 512 0 27274133961340
331752 512 0 27274134239903
332264 512 0 27274134518226
332776 512 0 27274134796549
333288 512 0 27274135074873
333800 512 0 27274135353196
334312 512 0 27274135631519
334824 512 0 27274135909843
335336 512 0 27274136188166
335848 512 0 27274136466489
336360 512 0 27274136744813
336872 512 0 27274137023136
337384 512 0 27274137301459
337896 512 0 27274137579783
338408 512 0 27274137858106
338920 512 0 27274138136429
339432 512 0 27274138414753
339944 512 0 27274138693076
340456 512 0 27274138971399
340968 512 0 27274139249723
341480 512 0 27274139528046
341992 512 0 27274139806369
342504 512 0 27274140084967
343016 512 0 27274140363292
343528 512 0 27274140641616
344040 512 0 27274140919941
344552 512 0 27274141198265
345064 512 0 27274141476590
345576 512 0 27274141754914
346088 512 0 27274142033239
346600 512 0 27274142311563
347112 512 0 27274142589888
347624 512 0 27274142868212
348136 512 0 27274143146537
348648 512 0 27274143424861
349160 512 0 27274143703186
349672 512 0 27274143981510
350184 512 0 27274144259835
350696 512 0 27274144538159
351208 512 0 27274144816484
351720 512 0 27274145094808
352232 512 0 27274145373132
352744 512 0 27274145651457
353256 512 0 27274145929781
353768 512 0 27274146207766
354280 512 0 27274146486089
354792 512 0 27274146764412
355304 512 0 27274147042735
355816 512 0 27274147321058
356328 512 0 27274147599381
356840 512 0 27274147877704
357352 512 0 27274148156027
357864 512 0 27274148434350
358376 512 0 27274148712673
358888 512 0 27274148990996
359400 512 0 27274149269319
359912 512 0 27274149547643
360424 512 0 27274149825966
360936 512 0 27274150104289
361448 512 0 27274150382612
361960 512 0 27274150660935
362472 512 0 27274150939258
362984 512 0 27274151217581
363496 512 0 27274151495904
364008 512 0 27274151774227
364520 512 0 27274152052550
365032 512 0 27274152331157
365544 512 0 27274152609482
366056 512 0 27274152887806
366568 512 0 27274153166130
367080 512 0 27274153444454
367592 512 0 27274153722779
368104 512 0 27274154001103
368616 512 0 27274154279427
369128 512 0 27274154557752
369640 512 0 27274154836076
370152 512 0 27274155114400
370664 512 0 27274155392724
371176 512 0 27274155671049
371688 512 0 27274155949373
372200 512 0 27274156227697
372712 512 0 27274156506021
373224 512 0 27274156784346
373736 512 0 27274157062670
374248 512 0 27274157340994
374760 512 0 27274157619318
375272 512 0 27274157897643
375784 512 0 27274158175556
376296 512 0 27274158453878
376808 512 0 27274158732201
377320 512 0 27274159010523
377832 512 0 27274159288846
378344 512 0 27274159567169
378856 512 0 27274159845491
379368 512 0 27274160123814
379880 512 0 27274160402136
380392 512 0 27274160680459
380904 512 0 27274160958781
381416 512 0 27274161237104
381928 512 0 27274161515426
382440 512 0 27274161793749
382952 512 0 27274162072071
383464 512 0 27274162350394
383976 512 0 27274162628716
384488 512 0 27274162907039
385000 512 0 27274163185362
385512 512 0 27274163463684
386024 512 0 27274163742007
386536 512 0 27274164020329
387048 512 0 27274164298949
387560 512 0 27274164577272
388072 512 0 27274164855596
388584 512 0 27274165133920
389096 512 0 27274165412244
389608 512 0 27274165690567
390120 512 0 27274165968891
390632 512 0 27274166247215
391144 512 0 27274166525539
391656 512 0 27274166803863
392168 512 0 27274167082186
392680 512 0 27274167360510
393192 512 0 27274167638834
393704 512 0 27274167917158
394216 512 0 27274168195481
394728 512 0 27274168473805
395240 512 0 27274168752129
395752 512 0 27274169030453
396264 512 0 27274169308777
396776 512 0 27274169587100
397288 512 0 27274169865424
397800 512 0 27274170143409
398312 512 0 27274170421732
398824 512 0 27274170700054
399336 512 0 27274170978376
399848 512 0 27274171256699
400360 512 0 27274171535021
400872 512 0 27274171813344
401384 512 0 27274172091666
401896 512 0 27274172369988
402408 512 0 27274172648311
402920 512 0 27274172926633
403432 512 0 27274173204955
403944 512 0 27274173483278
404456 512 0 27274173761600
404968 512 0 27274174039922
405480 512 0 27274174318245
405992 512 0 27274174596567
406504 512 0 27274174874889
407016 512 0 27274175153212
407528 512 0 27274175431534
408040 512 0 27274175709857
408552 512 0 27274175988417
409064 512 0 27274176266740
409576 512 0 27274176545063
410088 512 0 27274176823387
410600 512 0 27274177101710
411112 512 0 27274177380034
411624 512 0 27274177658357
412136 512 0 27274177936680
412648 512 0 27274178215004
413160 512 0 27274178493327
413672 512 0 27274178771650
414184 512 0 27274179049974
414696 512 0 27274179328297
415208 512 0 27274179606620
415720 512 0 27274179884944
416232 512 0 27274180163267
416744 512 0 27274180441590
417256 512 0 27274180719914
417768 512 0 27274180998237
418280 512 0 27274181276561
418792 512 0 27274181554884
419304 512 0 27274181833207
419816 512 0 27274182111203
420328 512 0 27274182389525
420840 512 0 27274182667847
421352 512 0 27274182946169
421864 512 0 27274183224491
422376 512 0 27274183502813
422888 512 0 27274183781135
423400 512 0 27274184059457
423912 512 0 27274184337779
424424 512 0 27274184616101
424936 512 0 27274184894423
425448 512 0 27274185172745
425960 512 0 27274185451067
426472 512 0 27274185729389
426984 512 0 27274186007711
427496 512 0 27274186286033
428008 512 0 27274186564355
428520 512 0 27274186842677
429032 512 0 27274187120999
429544 512 0 27274187399321
430056 512 0 27274187677643
430568 512 0 27274187955965
431080 512 0 27274188234595
431592 512 0 27274188512918
432104 512 0 27274188791241
432616 512 0 27274189069565
433128 512 0 27274189347888
433640 512 0 27274189626211
434152 512 0 27274189904534
434664 512 0 27274190182858
435176 512 0 27274190461181
435688 512 0 27274190739504
436200 512 0 27274191017827
436712 512 0 27274191296151
437224 512 0 27274191574474
437736 512 0 27274191852797
438248 512 0 27274192131121
438760 512 0 27274192409444
439272 512 0 27274192687767
439784 512 0 27274192966090
440296 512 0 27274193244414
440808 512 0 27274193522737
441320 512 0 27274193801060
441832 512 0 27274194079058
442344 512 0 27274194357380
442856 512 0 27274194635702
443368 512 0 27274194914024
443880 512 0 27274195192346
444392 512 0 27274195470668
444904 512 0 27274195748990
445416 512 0 27274196027312
445928 512 0 27274196305634
446440 512 0 27274196583955
446952 512 0 27274196862277
447464 512 0 27274197140599
447976 512 0 27274197418921
448488 512 0 27274197697243
449000 512 0 27274197975565
449512 512 0 27274198253887
450024 512 0 27274198532209
450536 512 0 27274198810531
451048 512 0 27274199088853
451560 512 0 27274199367175
452072 512 0 27274199645496
452584 512 0 27274199923818
453096 512 0 27274200202434
453608 512 0 27274200480757
454120 512 0 27274200759080
454632 512 0 27274201037404
455144 512 0 27274201315727
455656 512 0 27274201594050
456168 512 0 27274201872373
456680 512 0 27274202150696
457192 512 0 27274202429019
457704 512 0 27274202707342
458216 512 0 27274202985666
458728 512 0 27274203263989
459240 512 0 27274203542312
459752 512 0 27274203820635
460264 512 0 27274204098958
460776 512 0 27274204377281
461288 512 0 27274204655604
461800 512 0 27274204933928
462312 512 0 27274205212251
462824 512 0 27274205490574
463336 512 0 27274205768897
463848 512 0 27274206047220
464360 512 0 27274206325824
464872 512 0 27274206604148
465384 512 0 27274206882472
465896 512 0 27274207160797
466408 512 0 27274207439121
466920 512 0 27274207717445
467432 512 0 27274207995770
467944 512 0 27274208274094
468456 512 0 27274208552418
468968 512 0 27274208830743
469480 512 0 27274209109067
469992 512 0 27274209387391
470504 512 0 27274209665715
471016 512 0 27274209944040
471528 512 0 27274210222364
472040 512 0 27274210500688
472552 512 0 27274210779013
473064 512 0 27274211057337
473576 512 0 27274211335661
474088 512 0 27274211613986
474600 512 0 27274211892310
475112 512 0 27274212170284
475624 512 0 27274212448607
476136 512 0 27274212726929
476648 512 0 27274213005252
477160 512 0 27274213283575
477672 512 0 27274213561898
478184 512 0 27274213840221
478696 512 0 27274214118544
479208 512 0 27274214396867
479720 512 0 27274214675189
480232 512 0 27274214953512
480744 512 0 27274215231835
481256 512 0 27274215510158
481768 512 0 27274215788481
482280 512 0 27274216066804
482792 512 0 27274216345126
483304 512 0 27274216623449
483816 512 0 27274216901772
484328 512 0 27274217180095
484840 512 0 27274217458418
485352 512 0 27274217736741
485864 512 0 27274218015291
486376 512 0 27274218293615
486888 512 0 27274218571939
487400 512 0 27274218850263
487912 512 0 27274219128586
488424 512 0 27274219406910
488936 512 0 27274219685234
489448 512 0 27274219963558
489960 512 0 27274220241882
490472 512 0 27274220520205
490984 512 0 27274220798529
491496 512 0 27274221076853
492008 512 0 27274221355177
492520 512 0 27274221633501
493032 512 0 27274221911824
493544 512 0 27274222190148
494056 512 0 27274222468472
494568 512 0 27274222746796
495080 512 0 27274223025120
495592 512 0 27274223303443
496104 512 0 27274223581767
496616 512 0 27274223860091
497128 512 0 27274224138077
497640 512 0 27274224416399
498152 512 0 27274224694721
498664 512 0 27274224973044
499176 512 0 27274225251366
499688 512 0 27274225529689
500200 512 0 27274225808011
500712 512 0 27274226086333
501224 512 0 27274226364656
501736 512 0 27274226642978
502248 512 0 27274226921300
502760 512 0 27274227199623
503272 512 0 27274227477945
503784 512 0 27274227756268
504296 512 0 27274228034590
504808 512 0 27274228312912
505320 512 0 27274228591235
505832 512 0 27274228869557
506344 512 0 27274229147879
506856 512 0 27274229426202
507368 512 0 27274229704524
507880 512 0 27274229983146
508392 512 0 27274230261470
508904 512 0 27274230539793
509416 512 0 27274230818117
509928 512 0 27274231096441
510440 512 0 27274231374764
510952 512 0 27274231653088
511464 512 0 27274231931412
511976 512 0 27274232209735
512488 512 0 27274232488059
513000 512 0 27274232766382
513512 512 0 27274233044706
514024 512 0 27274233323030
514536 512 0 27274233601353
515048 512 0 27274233879677
515560 512 0 27274234158001
516072 512 0 27274234436324
516584 512 0 27274234714648
517096 512 0 27274234992972
517608 512 0 27274235271295
518120 512 0 27274235549619
518632 512 0 27274235827943
519144 512 0 27274236105932
519656 512 0 27274236384254
520168 512 0 27274236662576
520680 512 0 27274236940899
521192 512 0 27274237219221
521704 512 0 27274237497543
522216 512 0 27274237775865
522728 512 0 27274238054188
523240 512 0 27274238332510
523752 512 0 27274238610832
524264 512 0 27274238889154
524776 512 0 27274239167477
525288 512 0 27274239445799
525800 512 0 27274239724121
526312 512 0 27274240002443
526824 512 0 27274240280765
527336 512 0 27274240559088
527848 512 0 27274240837410
528360 512 0 27274241115732
528872 512 0 27274241394054
529384 512 0 27274241672377
529896 512 0 27274241950699
530408 512 0 27274242229264
530920 512 0 27274242507587
531432 512 0 27274242785911
531944 512 0 27274243064234
532456 512 0 27274243342557
532968 512 0 27274243620880
533480 512 0 27274243899204
533992 512 0 27274244177527
534504 512 0 27274244455850
535016 512 0 27274244734173
535528 512 0 27274245012497
536040 512 0 27274245290820
536552 512 0 27274245569143
537064 512 0 27274245847466
537576 512 0 27274246125790
538088 512 0 27274246404113
538600 512 0 27274246682436
539112 512 0 27274246960759
539624 512 0 27274247239083
540136 512 0 27274247517406
540648 512 0 27274247795729
541160 512 0 27274248073726
541672 512 0 27274248352048
542184 512 0 27274248630370
542696 512 0 27274248908692
543208 512 0 27274249187014
543720 512 0 27274249465336
544232 512 0 27274249743658
544744 512 0 27274250021980
545256 512 0 27274250300301
545768 512 0 27274250578623
546280 512 0 27274250856945
546792 512 0 27274251135267
547304 512 0 27274251413589
547816 512 0 27274251691911
548328 512 0 27274251970233
548840 512 0 27274252248555
549352 512 0 27274252526877
549864 512 0 27274252805198
550376 512 0 27274253083520
550888 512 0 27274253361842
551400 512 0 27274253640164
551912 512 0 27274253918831
552424 512 0 27274254197155
552936 512 0 27274254475478
553448 512 0 27274254753801
553960 512 0 27274255032125
554472 512 0 27274255310448
554984 512 0 27274255588771
555496 512 0 27274255867095
556008 512 0 27274256145418
556520 512 0 27274256423741
557032 512 0 27274256702065
557544 512 0 27274256980388
558056 512 0 27274257258711
558568 512 0 27274257537035
559080 512 0 27274257815358
559592 512 0 27274258093681
560104 512 0 27274258372005
560616 512 0 27274258650328
561128 512 0 27274258928651
561640 512 0 27274259206975
562152 512 0 27274259485298
562664 512 0 27274259763621
563176 512 0 27274260042161
563688 512 0 27274260320485
564200 512 0 27274260598809
564712 512 0 27274260877134
565224 512 0 27274261155458
565736 512 0 27274261433782
566248 512 0 27274261712106
566760 512 0 27274261990431
567272 512 0 27274262268755
567784 512 0 27274262547079
568296 512 0 27274262825403
568808 512 0 27274263103728
569320 512 0 27274263382052
569832 512 0 27274263660376
570344 512 0 27274263938700
570856 512 0 27274264217025
571368 512 0 27274264495349
571880 512 0 27274264773673
572392 512 0 27274265051997
572904 512 0 27274265330322
573416 512 0 27274265608646
573928 512 0 27274265886970
574440 512 0 27274266164945
574952 512 0 27274266443268
575464 512 0 27274266721591
575976 512 0 27274266999913
576488 512 0 27274267278236
577000 512 0 27274267556559
577512 512 0 27274267834882
578024 512 0 27274268113205
578536 512 0 27274268391527
579048 512 0 27274268669850
579560 512 0 27274268948173
580072 512 0 27274269226496
580584 512 0 27274269504819
581096 512 0 27274269783141
581608 512 0 27274270061464
582120 512 0 27274270339787
582632 512 0 27274270618110
583144 512 0 27274270896432
583656 512 0 27274271174755
584168 512 0 27274271453078
584680 512 0 27274271731401
585192 512 0 27274272010014
585704 512 0 27274272288338
586216 512 0 27274272566662
586728 512 0 27274272844986
587240 512 0 27274273123310
587752 512 0 27274273401634
588264 512 0 27274273679958
588776 512 0 27274273958282
589288 512 0 27274274236606
589800 512 0 27274274514930
590312 512 0 27274274793254
590824 512 0 27274275071578
591336 512 0 27274275349902
591848 512 0 27274275628226
592360 512 0 27274275906550
592872 512 0 27274276184874
593384 512 0 27274276463198
593896 512 0 27274276741522
594408 512 0 27274277019846
594920 512 0 27274277298170
595432 512 0 27274277576494
595944 512 0 27274277854818
596456 512 0 27274278132799
596968 512 0 27274278411121
597480 512 0 27274278689444
597992 512 0 27274278967766
598504 512 0 27274279246089
599016 512 0 27274279524411
599528 512 0 27274279802734
600040 512 0 27274280081056
600552 512 0 27274280359379
601064 512 0 27274280637702
601576 512 0 27274280916024
602088 512 0 27274281194347
602600 512 0 27274281472669
603112 512 0 27274281750992
603624 512 0 27274282029314
604136 512 0 27274282307637
604648 512 0 27274282585960
605160 512 0 27274282864282
605672 512 0 27274283142605
606184 512 0 27274283420927
606696 512 0 27274283699250
607208 512 0 27274283977808
607720 512 0 27274284256132
608232 512 0 27274284534455
608744 512 0 27274284812779
609256 512 0 27274285091102
609768 512 0 27274285369426
610280 512 0 27274285647749
610792 512 0 27274285926073
611304 512 0 27274286204396
611816 512 0 27274286482720
612328 512 0 27274286761043
612840 512 0 27274287039367
613352 512 0 27274287317691
613864 512 0 27274287596014
614376 512 0 27274287874338
614888 512 0 27274288152661
615400 512 0 27274288430985
615912 512 0 27274288709308
616424 512 0 27274288987632
616936 512 0 27274289265955
617448 512 0 27274289544279
617960 512 0 27274289822603
618472 512 0 27274290100594
618984 512 0 27274290378916
619496 512 0 27274290657238
620008 512 0 27274290935560
620520 512 0 27274291213882
621032 512 0 27274291492204
621544 512 0 27274291770527
622056 512 0 27274292048849
622568 512 0 27274292327171
623080 512 0 27274292605493
623592 512 0 27274292883815
624104 512 0 27274293162137
624616 512 0 27274293440460
625128 512 0 27274293718782
625640 512 0 27274293997104
626152 512 0 27274294275426
626664 512 0 27274294553748
627176 512 0 27274294832070
627688 512 0 27274295110393
628200 512 0 27274295388715
628712 512 0 27274295667037
629224 512 0 27274295945664
629736 512 0 27274296223987
630248 512 0 27274296502311
630760 512 0 27274296780634
631272 512 0 27274297058958
631784 512 0 27274297337281
632296 512 0 27274297615605
632808 512 0 27274297893928
633320 512 0 27274298172251
633832 512 0 27274298450575
634344 512 0 27274298728898
634856 512 0 27274299007222
635368 512 0 27274299285545
635880 512 0 27274299563869
636392 512 0 27274299842192
636904 512 0 27274300120516
637416 512 0 27274300398839
637928 512 0 27274300677162
638440 512 0 27274300955486
638952 512 0 27274301233809
639464 512 0 27274301512133
639976 512 0 27274301790456
640488 512 0 27274302068450
641000 512 0 27274302346772
641512 512 0 27274302625094
642024 512 0 27274302903416
642536 512 0 27274303181738
643048 512 0 27274303460060
643560 512 0 27274303738382
644072 512 0 27274304016704
644584 512 0 27274304295026
645096 512 0 27274304573348
645608 512 0 27274304851671
646120 512 0 27274305129993
646632 512 0 27274305408315
647144 512 0 27274305686637
647656 512 0 27274305964959
648168 512 0 27274306243281
648680 512 0 27274306521603
649192 512 0 27274306799925
649704 512 0 27274307078247
650216 512 0 27274307356569
650728 512 0 27274307634891
651240 512 0 27274307913455
651752 512 0 27274308191778
652264 512 0 27274308470101
652776 512 0 27274308748424
653288 512 0 27274309026747
653800 512 0 27274309305070
654312 512 0 27274309583394
654824 512 0 27274309861717
655336 512 0 27274310140040
655848 512 0 27274310418363
656360 512 0 27274310696686
656872 512 0 27274310975009
657384 512 0 27274311253332
657896 512 0 27274311531655
658408 512 0 27274311809978
658920 512 0 27274312088301
659432 512 0 27274312366624
659944 512 0 27274312644947
660456 512 0 27274312923270
660968 512 0 27274313201594
661480 512 0 27274313479917
661992 512 0 27274313758240
662504 512 0 27274314036242
663016 512 0 27274314314564
663528 512 0 27274314592885
664040 512 0 27274314871207
664552 512 0 27274315149529
665064 512 0 27274315427851
665576 512 0 27274315706172
666088 512 0 27274315984494
666600 512 0 27274316262816
667112 512 0 27274316541137
667624 512 0 27274316819459
668136 512 0 27274317097781
668648 512 0 27274317376103
669160 512 0 27274317654424
669672 512 0 27274317932746
670184 512 0 27274318211068
670696 512 0 27274318489390
671208 512 0 27274318767711
671720 512 0 27274319046033
672232 512 0 27274319324355
672744 512 0 27274319602677
673256 512 0 27274319880998
673768 512 0 27274320159635
674280 512 0 27274320437958
674792 512 0 27274320716281
675304 512 0 27274320994604
675816 512 0 27274321272927
676328 512 0 27274321551250
676840 512 0 27274321829573
677352 512 0 27274322107897
677864 512 0 27274322386220
678376 512 0 27274322664543
678888 512 0 27274322942866
679400 512 0 27274323221189
679912 512 0 27274323499512
680424 512 0 27274323777835
680936 512 0 27274324056158
681448 512 0 27274324334481
681960 512 0 27274324612804
682472 512 0 27274324891127
682984 512 0 27274325169450
683496 512 0 27274325447773
684008 512 0 27274325726096
684520 512 0 27274326004642
685032 512 0 27274326282966
685544 512 0 27274326561290
686056 512 0 27274326839614
686568 512 0 27274327117938
687080 512 0 27274327396262
687592 512 0 27274327674586
688104 512 0 27274327952910
688616 512 0 27274328231234
689128 512 0 27274328509558
689640 512 0 27274328787882
690152 512 0 27274329066206
690664 512 0 27274329344530
691176 512 0 27274329622854
691688 512 0 27274329901178
692200 512 0 27274330179502
692712 512 0 27274330457826
693224 512 0 27274330736150
693736 512 0 27274331014474
694248 512 0 27274331292798
694760 512 0 27274331571122
695272 512 0 27274331849104
695784 512 0 27274332127427
696296 512 0 27274332405749
696808 512 0 27274332684072
697320 512 0 27274332962394
697832 512 0 27274333240717
698344 512 0 27274333519040
698856 512 0 27274333797362
699368 512 0 27274334075685
699880 512 0 27274334354007
700392 512 0 27274334632330
700904 512 0 27274334910652
701416 512 0 27274335188975
701928 512 0 27274335467297
702440 512 0 27274335745620
702952 512 0 27274336023943
703464 512 0 27274336302265
703976 512 0 27274336580588
704488 512 0 27274336858910
705000 512 0 27274337137233
705512 512 0 27274337415555
706024 512 0 27274337693878
706536 512 0 27274337972496
707048 512 0 27274338250820
707560 512 0 27274338529144
708072 512 0 27274338807468
708584 512 0 27274339085792
709096 512 0 27274339364115
709608 512 0 27274339642439
710120 512 0 27274339920763
710632 512 0 27274340199087
711144 512 0 27274340477410
711656 512 0 27274340755734
712168 512 0 27274341034058
712680 512 0 27274341312382
713192 512 0 27274341590706
713704 512 0 27274341869029
714216 512 0 27274342147353
714728 512 0 27274342425677
715240 512 0 27274342704001
715752 512 0 27274342982325
716264 512 0 27274343260648
716776 512 0 27274343538972
717288 512 0 27274343816960
717800 512 0 27274344095282
718312 512 0 27274344373605
718824 512 0 27274344651927
719336 512 0 27274344930250
719848 512 0 27274345208572
720360 512 0 27274345486894
720872 512 0 27274345765217
721384 512 0 27274346043539
721896 512 0 27274346321861
722408 512 0 27274346600184
722920 512 0 27274346878506
723432 512 0 27274347156829
723944 512 0 27274347435151
724456 512 0 27274347713473
724968 512 0 27274347991796
725480 512 0 27274348270118
725992 512 0 27274348548440
726504 512 0 27274348826763
727016 512 0 27274349105085
727528 512 0 27274349383408
728040 512 0 27274349661730
728552 512 0 27274349940291
729064 512 0 27274350218615
729576 512 0 27274350496938
730088 512 0 27274350775262
730600 512 0 27274351053585
731112 512 0 27274351331908
731624 512 0 27274351610232
732136 512 0 27274351888555
732648 512 0 27274352166878
733160 512 0 27274352445202
733672 512 0 27274352723525
734184 512 0 27274353001849
734696 512 0 27274353280172
735208 512 0 27274353558495
735720 512 0 27274353836819
736232 512 0 27274354115142
736744 512 0 27274354393465
737256 512 0 27274354671789
737768 512 0 27274354950112
738280 512 0 27274355228436
738792 512 0 27274355506759
739304 512 0 27274355785082
739816 512 0 27274356063077
740328 512 0 27274356341399
740840 512 0 27274356619721
741352 512 0 27274356898043
741864 512 0 27274357176365
742376 512 0 27274357454687
742888 512 0 27274357733009
743400 512 0 27274358011331
743912 512 0 27274358289653
744424 512 0 27274358567975
744936 512 0 27274358846297
745448 512 0 27274359124619
745960 512 0 27274359402941
746472 512 0 27274359681263
746984 512 0 27274359959585
747496 512 0 27274360237907
748008 512 0 27274360516229
748520 512 0 27274360794551
749032 512 0 27274361072873
749544 512 0 27274361351195
750056 512 0 27274361629517
750568 512 0 27274361908182
751080 512 0 27274362186506
751592 512 0 27274362464829
752104 512 0 27274362743153
752616 512 0 27274363021476
753128 512 0 27274363299800
753640 512 0 27274363578123
754152 512 0 27274363856447
754664 512 0 27274364134770
755176 512 0 27274364413093
755688 512 0 27274364691417
756200 512 0 27274364969740
756712 512 0 27274365248064
757224 512 0 27274365526387
757736 512 0 27274365804711
758248 512 0 27274366083034
758760 512 0 27274366361358
759272 512 0 27274366639681
759784 512 0 27274366918004
760296 512 0 27274367196328
760808 512 0 27274367474651
761320 512 0 27274367753188
761832 512 0 27274368031512
762344 512 0 27274368309837
762856 512 0 27274368588161
763368 512 0 27274368866485
763880 512 0 27274369144810
764392 512 0 27274369423134
764904 512 0 27274369701458
765416 512 0 27274369979783
765928 512 0 27274370258107
766440 512 0 27274370536431
766952 512 0 27274370814756
767464 512 0 27274371093080
767976 512 0 27274371371404
768488 512 0 27274371649729
769000 512 0 27274371928053
769512 512 0 27274372206377
770024 512 0 27274372484702
770536 512 0 27274372763026
771048 512 0 27274373041350
771560 512 0 27274373319675
772072 512 0 27274373597999
772584 512 0 27274373876323
773096 512 0 27274374154298
773608 512 0 27274374432621
774120 512 0 27274374710944
774632 512 0 27274374989266
775144 512 0 27274375267589
775656 512 0 27274375545912
776168 512 0 27274375824235
776680 512 0 27274376102558
777192 512 0 27274376380881
777704 512 0 27274376659204
778216 512 0 27274376937527
778728 512 0 27274377215850
779240 512 0 27274377494172
779752 512 0 27274377772495
780264 512 0 27274378050818
780776 512 0 27274378329141
781288 512 0 27274378607464
781800 512 0 27274378885787
782312 512 0 27274379164110
782824 512 0 27274379442433
783336 512 0 27274379720755
783848 512 0 27274379999366
784360 512 0 27274380277690
784872 512 0 27274380556014
785384 512 0 27274380834338
785896 512 0 27274381112662
786408 512 0 27274381390986
786920 512 0 27274381669310
787432 512 0 27274381947634
787944 512 0 27274382225958
788456 512 0 27274382504282
788968 512 0 27274382782606
789480 512 0 27274383060931
789992 512 0 27274383339255
790504 512 0 27274383617579
791016 512 0 27274383895903
791528 512 0 27274384174227
792040 512 0 27274384452551
792552 512 0 27274384730875
793064 512 0 27274385009199
793576 512 0 27274385287523
794088 512 0 27274385565847
794600 512 0 27274385843828
795112 512 0 27274386122151
795624 512 0 27274386400473
796136 512 0 27274386678796
796648 512 0 27274386957119
797160 512 0 27274387235441
797672 512 0 27274387513764
798184 512 0 27274387792087
798696 512 0 27274388070409
799208 512 0 27274388348732
799720 512 0 27274388627055
800232 512 0 27274388905377
800744 512 0 27274389183700
801256 512 0 27274389462022
801768 512 0 27274389740345
802280 512 0 27274390018668
802792 512 0 27274390296990
803304 512 0 27274390575313
803816 512 0 27274390853636
804328 512 0 27274391131958
804840 512 0 27274391410281
805352 512 0 27274391688604
805864 512 0 27274391967159
806376 512 0 27274392245483
806888 512 0 27274392523806
807400 512 0 27274392802130
807912 512 0 27274393080454
808424 512 0 27274393358777
808936 512 0 27274393637101
809448 512 0 27274393915425
809960 512 0 27274394193748
810472 512 0 27274394472072
810984 512 0 27274394750395
811496 512 0 27274395028719
812008 512 0 27274395307043
812520 512 0 27274395585366
813032 512 0 27274395863690
813544 512 0 27274396142013
814056 512 0 27274396420337
814568 512 0 27274396698661
815080 512 0 27274396976984
815592 512 0 27274397255308
816104 512 0 27274397533632
816616 512 0 27274397811622
817128 512 0 27274398089944
817640 512 0 27274398368266
818152 512 0 27274398646589
818664 512 0 27274398924911
819176 512 0 27274399203233
819688 512 0 27274399481555
820200 512 0 27274399759878
820712 512 0 27274400038200
821224 512 0 27274400316522
821736 512 0 27274400594844
822248 512 0 27274400873166
822760 512 0 27274401151489
823272 512 0 27274401429811
823784 512 0 27274401708133
824296 512 0 27274401986455
824808 512 0 27274402264778
825320 512 0 27274402543100
825832 512 0 27274402821422
826344 512 0 27274403099744
826856 512 0 27274403378066
827368 512 0 27274403656389
827880 512 0 27274403935016
828392 512 0 27274404213339
828904 512 0 27274404491663
829416 512 0 27274404769986
829928 512 0 27274405048310
830440 512 0 27274405326633
830952 512 0 27274405604957
831464 512 0 27274405883280
831976 512 0 27274406161604
832488 512 0 27274406439927
833000 512 0 27274406718251
833512 512 0 27274406996574
834024 512 0 27274407274898
834536 512 0 27274407553221
835048 512 0 27274407831545
835560 512 0 27274408109868
836072 512 0 27274408388192
836584 512 0 27274408666515
837096 512 0 27274408944839
837608 512 0 27274409223162
838120 512 0 27274409501486
838632 512 0 27274409779809
839144 512 0 27274410057740
839656 512 0 27274410336062
840168 512 0 27274410614384
840680 512 0 27274410892706
841192 512 0 27274411171028
841704 512 0 27274411449349
842216 512 0 27274411727671
842728 512 0 27274412005993
843240 512 0 27274412284315
843752 512 0 27274412562637
844264 512 0 27274412840959
844776 512 0 27274413119281
845288 512 0 27274413397602
845800 512 0 27274413675924
846312 512 0 27274413954246
846824 512 0 27274414232568
847336 512 0 27274414510890
847848 512 0 27274414789212
848360 512 0 27274415067534
848872 512 0 27274415345855
849384 512 0 27274415624177
849896 512 0 27274415902843
850408 512 0 27274416181166
850920 512 0 27274416459489
851432 512 0 27274416737813
851944 512 0 27274417016136
852456 512 0 27274417294459
852968 512 0 27274417572783
853480 512 0 27274417851106
853992 512 0 27274418129429
854504 512 0 27274418407752
855016 512 0 27274418686076
855528 512 0 27274418964399
856040 512 0 27274419242722
856552 512 0 27274419521046
857064 512 0 27274419799369
857576 512 0 27274420077692
858088 512 0 27274420356016
858600 512 0 27274420634339
859112 512 0 27274420912662
859624 512 0 27274421190985
860136 512 0 27274421469309
860648 512 0 27274421747308
861160 512 0 27274422025630
861672 512 0 27274422303952
862184 512 0 27274422582274
862696 512 0 27274422860596
863208 512 0 27274423138917
863720 512 0 27274423417239
864232 512 0 27274423695561
864744 512 0 27274423973883
865256 512 0 27274424252205
865768 512 0 27274424530527
866280 512 0 27274424808849
866792 512 0 27274425087171
867304 512 0 27274425365493
867816 512 0 27274425643815
868328 512 0 27274425922137
868840 512 0 27274426200459
869352 512 0 27274426478781
869864 512 0 27274426757103
870376 512 0 27274427035425
870888 512 0 27274427313747
871400 512 0 27274427592068
871912 512 0 27274427870700
872424 512 0 27274428149023
872936 512 0 27274428427346
873448 512 0 27274428705670
873960 512 0 27274428983993
874472 512 0 27274429262316
874984 512 0 27274429540639
875496 512 0 27274429818963
876008 512 0 27274430097286
876520 512 0 27274430375609
877032 512 0 27274430653932
877544 512 0 27274430932255
878056 512 0 27274431210579
878568 512 0 27274431488902
879080 512 0 27274431767225
879592 512 0 27274432045548
880104 512 0 27274432323872
880616 512 0 27274432602195
881128 512 0 27274432880518
881640 512 0 27274433158841
882152 512 0 27274433437165
882664 512 0 27274433715488
883176 512 0 27274433994031
883688 512 0 27274434272355
884200 512 0 27274434550680
884712 512 0 27274434829004
885224 512 0 27274435107328
885736 512 0 27274435385652
886248 512 0 27274435663976
886760 512 0 27274435942300
887272 512 0 27274436220625
887784 512 0 27274436498949
888296 512 0 27274436777273
888808 512 0 27274437055597
889320 512 0 27274437333921
889832 512 0 27274437612245
890344 512 0 27274437890569
890856 512 0 27274438168894
891368 512 0 27274438447218
891880 512 0 27274438725542
892392 512 0 27274439003866
892904 512 0 27274439282190
893416 512 0 27274439560514
893928 512 0 27274439838493
894440 512 0 27274440116816
894952 512 0 27274440395139
895464 512 0 27274440673461
895976 512 0 27274440951784
896488 512 0 27274441230107
897000 512 0 27274441508430
897512 512 0 27274441786752
898024 512 0 27274442065075
898536 512 0 27274442343398
899048 512 0 27274442621720
899560 512 0 27274442900043
900072 512 0 27274443178366
900584 512 0 27274443456688
901096 512 0 27274443735011
901608 512 0 27274444013334
902120 512 0 27274444291657
902632 512 0 27274444569979
903144 512 0 27274444848302
903656 512 0 27274445126625
904168 512 0 27274445404947
904680 512 0 27274445683270
905192 512 0 27274445961886
905704 512 0 27274446240209
906216 512 0 27274446518533
906728 512 0 27274446796857
907240 512 0 27274447075181
907752 512 0 27274447353505
908264 512 0 27274447631829
908776 512 0 27274447910153
909288 512 0 27274448188477
909800 512 0 27274448466801
910312 512 0 27274448745125
910824 512 0 27274449023449
911336 512 0 27274449301773
911848 512 0 27274449580097
912360 512 0 27274449858421
912872 512 0 27274450136744
913384 512 0 27274450415068
913896 512 0 27274450693392
914408 512 0 27274450971716
914920 512 0 27274451250040
915432 512 0 27274451528364
915944 512 0 27274451806288
916456 512 0 27274452084611
916968 512 0 27274452362933
917480 512 0 27274452641255
917992 512 0 27274452919577
918504 512 0 27274453197900
919016 512 0 27274453476222
919528 512 0 27274453754544
920040 512 0 27274454032866
920552 512 0 27274454311189
921064 512 0 27274454589511
921576 512 0 27274454867833
922088 512 0 27274455146155
922600 512 0 27274455424478
923112 512 0 27274455702800
923624 512 0 27274455981122
924136 512 0 27274456259445
924648 512 0 27274456537767
925160 512 0 27274456816089
925672 512 0 27274457094411
926184 512 0 27274457372734
926696 512 0 27274457651056
927208 512 0 27274457929681
927720 512 0 27274458208005
928232 512 0 27274458486329
928744 512 0 27274458764652
929256 512 0 27274459042976
929768 512 0 27274459321299
930280 512 0 27274459599623
930792 512 0 27274459877946
931304 512 0 27274460156270
931816 512 0 27274460434593
932328 512 0 27274460712917
932840 512 0 27274460991240
933352 512 0 27274461269564
933864 512 0 27274461547887
934376 512 0 27274461826211
934888 512 0 27274462104534
935400 512 0 27274462382858
935912 512 0 27274462661181
936424 512 0 27274462939505
936936 512 0 27274463217828
937448 512 0 27274463496152
937960 512 0 27274463774144
938472 512 0 27274464052466
938984 512 0 27274464330789
939496 512 0 27274464609111
940008 512 0 27274464887433
940520 512 0 27274465165755
941032 512 0 27274465444077
941544 512 0 27274465722399
942056 512 0 27274466000721
942568 512 0 27274466279044
943080 512 0 27274466557366
943592 512 0 27274466835688
944104 512 0 27274467114010
944616 512 0 27274467392332
945128 512 0 27274467670654
945640 512 0 27274467948976
946152 512 0 27274468227299
946664 512 0 27274468505621
947176 512 0 27274468783943
947688 512 0 27274469062265
948200 512 0 27274469340587
948712 512 0 27274469618909
949224 512 0 27274469897545
949736 512 0 27274470175869
950248 512 0 27274470454192
950760 512 0 27274470732516
951272 512 0 27274471010839
951784 512 0 27274471289163
952296 512 0 27274471567486
952808 512 0 27274471845809
953320 512 0 27274472124133
953832 512 0 27274472402456
954344 512 0 27274472680780
954856 512 0 27274472959103
955368 512 0 27274473237427
955880 512 0 27274473515750
956392 512 0 27274473794074
956904 512 0 27274474072397
957416 512 0 27274474350720
957928 512 0 27274474629044
958440 512 0 27274474907367
958952 512 0 27274475185691
959464 512 0 27274475464014
959976 512 0 27274475741949
960488 512 0 27274476020270
961000 512 0 27274476298592
961512 512 0 27274476576914
962024 512 0 27274476855236
962536 512 0 27274477133558
963048 512 0 27274477411880
963560 512 0 27274477690201
964072 512 0 27274477968523
964584 512 0 27274478246845
965096 512 0 27274478525167
965608 512 0 27274478803489
966120 512 0 27274479081810
966632 512 0 27274479360132
967144 512 0 27274479638454
967656 512 0 27274479916776
968168 512 0 27274480195098
968680 512 0 27274480473420
969192 512 0 27274480751741
969704 512 0 27274481030063
970216 512 0 27274481308385
970728 512 0 27274481586707
971240 512 0 27274481865342
971752 512 0 27274482143666
972264 512 0 27274482421989
972776 512 0 27274482700312
973288 512 0 27274482978635
973800 512 0 27274483256958
974312 512 0 27274483535281
974824 512 0 27274483813604
975336 512 0 27274484091927
975848 512 0 27274484370251
976360 512 0 27274484648574
976872 512 0 27274484926897
977384 512 0 27274485205220
977896 512 0 27274485483543
978408 512 0 27274485761866
978920 512 0 27274486040189
979432 512 0 27274486318512
979944 512 0 27274486596836
980456 512 0 27274486875159
980968 512 0 27274487153482
981480 512 0 27274487431805
981992 512 0 27274487710128
982504 512 0 27274487988129
983016 512 0 27274488266451
983528 512 0 27274488544773
984040 512 0 27274488823095
984552 512 0 27274489101417
985064 512 0 27274489379738
985576 512 0 27274489658060
986088 512 0 27274489936382
986600 512 0 27274490214704
987112 512 0 27274490493026
987624 512 0 27274490771347
988136 512 0 27274491049669
988648 512 0 27274491327991
989160 512 0 27274491606313
989672 512 0 27274491884634
990184 512 0 27274492162956
990696 512 0 27274492441278
991208 512 0 27274492719600
991720 512 0 27274492997922
992232 512 0 27274493276243
992744 512 0 27274493554565
993256 512 0 27274493833141
993768 512 0 27274494111464
994280 512 0 27274494389787
994792 512 0 27274494668110
995304 512 0 27274494946433
995816 512 0 27274495224756
996328 512 0 27274495503079
996840 512 0 27274495781401
997352 512 0 27274496059724
997864 512 0 27274496338047
998376 512 0 27274496616370
998888 512 0 27274496894693
999400 512 0 27274497173016
999912 512 0 27274497451338
1000424 512 0 27274497729661
1000936 512 0 27274498007984
1001448 512 0 27274498286307
1001960 512 0 27274498564630
1002472 512 0 27274498842953
1002984 512 0 27274499121276
1003496 512 0 27274499399598
1004008 512 0 27274499678210
1004520 512 0 27274499956534
1005032 512 0 27274500234858
1005544 512 0 27274500513182
1006056 512 0 27274500791506
1006568 512 0 27274501069830
1007080 512 0 27274501348154
1007592 512 0 27274501626478
1008104 512 0 27274501904802
1008616 512 0 27274502183126
1009128 512 0 27274502461450
1009640 512 0 27274502739774
1010152 512 0 27274503018098
1010664 512 0 27274503296422
1011176 512 0 27274503574746
1011688 512 0 27274503853071
1012200 512 0 27274504131395
1012712 512 0 27274504409719
1013224 512 0 27274504688043
1013736 512 0 27274504966367
1014248 512 0 27274505244691
1014760 512 0 27274505523015
1015272 512 0 27274505800995
1015784 512 0 27274506079317
1016296 512 0 27274506357640
1016808 512 0 27274506635962
1017320 512 0 27274506914285
1017832 512 0 27274507192608
1018344 512 0 27274507470930
1018856 512 0 27274507749253
1019368 512 0 27274508027576
1019880 512 0 27274508305898
1020392 512 0 27274508584221
1020904 512 0 27274508862543
1021416 512 0 27274509140866
1021928 512 0 27274509419189
1022440 512 0 27274509697511
1022952 512 0 27274509975834
1023464 512 0 27274510254157
1023976 512 0 27274510532479
1024488 512 0 27274510810802
1025000 512 0 27274511089124
1025512 512 0 27274511367447
1026024 512 0 27274511646064
1026536 512 0 27274511924388
1027048 512 0 27274512202712
1027560 512 0 27274512481036
1028072 512 0 27274512759360
1028584 512 0 27274513037684
1029096 512 0 27274513316008
1029608 512 0 27274513594331
1030120 512 0 27274513872655
1030632 512 0 27274514150979
1031144 512 0 27274514429303
1031656 512 0 27274514707627
1032168 512 0 27274514985951
1032680 512 0 27274515264275
1033192 512 0 27274515542598
1033704 512 0 27274515820922
1034216 512 0 27274516099246
1034728 512 0 27274516377570
1035240 512 0 27274516655894
1035752 512 0 27274516934218
1036264 512 0 27274517212542
1036776 512 0 27274517490865
1037288 512 0 27274517768791
1037800 512 0 27274518047113
1038312 512 0 27274518325436
1038824 512 0 27274518603758
1039336 512 0 27274518882080
1039848 512 0 27274519160402
1040360 512 0 27274519438724
1040872 512 0 27274519717047
1041384 512 0 27274519995369
1041896 512 0 27274520273691
1042408 512 0 27274520552013
1042920 512 0 27274520830335
1043432 512 0 27274521108657
1043944 512 0 27274521386980
1044456 512 0 27274521665302
1044968 512 0 27274521943624
1045480 512 0 27274522221946
1045992 512 0 27274522500268
1046504 512 0 27274522778591
1047016 512 0 27274523056913
1047528 512 0 27274523335235
1048040 512 0 27274523613557
1048552 512 0 27274523891815
1049064 512 0 27274524170137
1049576 512 0 27274524448459
1050088 512 0 27274524726780
1050600 512 0 27274525005102
1051112 512 0 27274525283424
1051624 512 0 27274525561746
1052136 512 0 27274525840068
1052648 512 0 27274526118390
1053160 512 0 27274526396712
1053672 512 0 27274526675034
1054184 512 0 27274526953356
1054696 512 0 27274527231678
1055208 512 0 27274527510000
1055720 512 0 27274527788322
1056232 512 0 27274528066643
1056744 512 0 27274528344965
1057256 512 0 27274528623287
1057768 512 0 27274528901609
1058280 512 0 27274529179931
1058792 512 0 27274529458253
1059304 512 0 27274529736280
1059816 512 0 27274530014600
1060328 512 0 27274530292921
1060840 512 0 27274530571242
1061352 512 0 27274530849562
1061864 512 0 27274531127883
1062376 512 0 27274531406204
1062888 512 0 27274531684524
1063400 512 0 27274531962845
1063912 512 0 27274532241166
1064424 512 0 27274532519487
1064936 512 0 27274532797807
1065448 512 0 27274533076128
1065960 512 0 27274533354449
1066472 512 0 27274533632769
1066984 512 0 27274533911090
1067496 512 0 27274534189411
1068008 512 0 27274534467731
1068520 512 0 27274534746052
1069032 512 0 27274535024373
1069544 512 0 27274535302693
1070056 512 0 27274535581291
1070568 512 0 27274535859613
1071080 512 0 27274536137934
1071592 512 0 27274536416256
1072104 512 0 27274536694578
1072616 512 0 27274536972900
1073128 512 0 27274537251222
1073640 512 0 27274537529544
1074152 512 0 27274537807865
1074664 512 0 27274538086187
1075176 512 0 27274538364509
1075688 512 0 27274538642831
1076200 512 0 27274538921153
1076712 512 0 27274539199475
1077224 512 0 27274539477797
1077736 512 0 27274539756118
1078248 512 0 27274540034440
1078760 512 0 27274540312762
1079272 512 0 27274540591084
1079784 512 0 27274540869406
1080296 512 0 27274541147728
1080808 512 0 27274541426049
1081320 512 0 27274541704079
1081832 512 0 27274541982400
1082344 512 0 27274542260720
1082856 512 0 27274542539041
1083368 512 0 27274542817362
1083880 512 0 27274543095682
1084392 512 0 27274543374003
1084904 512 0 27274543652323
1085416 512 0 27274543930644
1085928 512 0 27274544208965
1086440 512 0 27274544487285
1086952 512 0 27274544765606
1087464 512 0 27274545043926
1087976 512 0 27274545322247
1088488 512 0 27274545600568
1089000 512 0 27274545878888
1089512 512 0 27274546157209
1090024 512 0 27274546435530
1090536 512 0 27274546713850
1091048 512 0 27274546992171
1091560 512 0 27274547270491
1092072 512 0 27274547548812
1092584 512 0 27274547827473
1093096 512 0 27274548105795
1093608 512 0 27274548384117
1094120 512 0 27274548662439
1094632 512 0 27274548940761
1095144 512 0 27274549219083
1095656 512 0 27274549497405
1096168 512 0 27274549775727
1096680 512 0 27274550054049
1097192 512 0 27274550332371
1097704 512 0 27274550610693
1098216 512 0 27274550889015
1098728 512 0 27274551167337
1099240 512 0 27274551445660
1099752 512 0 27274551723982
1100264 512 0 27274552002304
1100776 512 0 27274552280626
1101288 512 0 27274552558948
1101800 512 0 27274552837270
1102312 512 0 27274553115592
1102824 512 0 27274553393914
1103336 512 0 27274553672540
1103848 512 0 27274553950864
1104360 512 0 27274554229187
1104872 512 0 27274554507510
1105384 512 0 27274554785834
1105896 512 0 27274555064157
1106408 512 0 27274555342480
1106920 512 0 27274555620804
1107432 512 0 27274555899127
1107944 512 0 27274556177450
1108456 512 0 27274556455774
1108968 512 0 27274556734097
1109480 512 0 27274557012420
1109992 512 0 27274557290744
1110504 512 0 27274557569067
1111016 512 0 27274557847390
1111528 512 0 27274558125713
1112040 512 0 27274558404037
1112552 512 0 27274558682360
1113064 512 0 27274558960683
1113576 512 0 27274559239007
1114088 512 0 27274559517330
1114600 512 0 27274559795264
1115112 512 0 27274560073586
1115624 512 0 27274560351908
1116136 512 0 27274560630229
1116648 512 0 27274560908551
1117160 512 0 27274561186873
1117672 512 0 27274561465194
1118184 512 0 27274561743516
1118696 512 0 27274562021838
1119208 512 0 27274562300160
1119720 512 0 27274562578481
1120232 512 0 27274562856803
1120744 512 0 27274563135125
1121256 512 0 27274563413446
1121768 512 0 27274563691768
1122280 512 0 27274563970090
1122792 512 0 27274564248411
1123304 512 0 27274564526733
1123816 512 0 27274564805055
1124328 512 0 27274565083376
1124840 512 0 27274565361698
1125352 512 0 27274565640334
1125864 512 0 27274565918657
1126376 512 0 27274566196980
1126888 512 0 27274566475303
1127400 512 0 27274566753626
1127912 512 0 27274567031949
1128424 512 0 27274567310272
1128936 512 0 27274567588595
1129448 512 0 27274567866918
1129960 512 0 27274568145241
1130472 512 0 27274568423564
1130984 512 0 27274568701887
1131496 512 0 27274568980210
1132008 512 0 27274569258533
1132520 512 0 27274569536856
1133032 512 0 27274569815179
1133544 512 0 27274570093502
1134056 512 0 27274570371825
1134568 512 0 27274570650148
1135080 512 0 27274570928471
1135592 512 0 27274571206794
1136104 512 0 27274571485117
1136616 512 0 27274571763118
1137128 512 0 27274572041440
1137640 512 0 27274572319762
1138152 512 0 27274572598083
1138664 512 0 27274572876405
1139176 512 0 27274573154727
1139688 512 0 27274573433048
1140200 512 0 27274573711370
1140712 512 0 27274573989692
1141224 512 0 27274574268013
1141736 512 0 27274574546335
1142248 512 0 27274574824657
1142760 512 0 27274575102978
1143272 512 0 27274575381300
1143784 512 0 27274575659622
1144296 512 0 27274575937943
1144808 512 0 27274576216265
1145320 512 0 27274576494587
1145832 512 0 27274576772908
1146344 512 0 27274577051230
1146856 512 0 27274577329552
1147368 512 0 27274577608370
1147880 512 0 27274577886694
1148392 512 0 27274578165018
1148904 512 0 27274578443342
1149416 512 0 27274578721665
1149928 512 0 27274578999989
1150440 512 0 27274579278313
1150952 512 0 27274579556637
1151464 512 0 27274579834960
1151976 512 0 27274580113284
1152488 512 0 27274580391608
1153000 512 0 27274580669932
1153512 512 0 27274580948255
1154024 512 0 27274581226579
1154536 512 0 27274581504903
1155048 512 0 27274581783227
1155560 512 0 27274582061550
1156072 512 0 27274582339874
1156584 512 0 27274582618198
1157096 512 0 27274582896522
1157608 512 0 27274583174845
1158120 512 0 27274583453169
1158632 512 0 27274583731094
1159144 512 0 27274584009416
1159656 512 0 27274584287738
1160168 512 0 27274584566060
1160680 512 0 27274584844382
1161192 512 0 27274585122704
1161704 512 0 27274585401026
1162216 512 0 27274585679348
1162728 512 0 27274585957670
1163240 512 0 27274586235992
1163752 512 0 27274586514315
1164264 512 0 27274586792637
1164776 512 0 27274587070959
1165288 512 0 27274587349281
1165800 512 0 27274587627603
1166312 512 0 27274587905925
1166824 512 0 27274588184247
1167336 512 0 27274588462569
1167848 512 0 27274588740891
1168360 512 0 27274589019213
1168872 512 0 27274589297535
1169384 512 0 27274589576164
1169896 512 0 27274589854488
1170408 512 0 27274590132811
1170920 512 0 27274590411134
1171432 512 0 27274590689458
1171944 512 0 27274590967781
1172456 512 0 27274591246104
1172968 512 0 27274591524428
1173480 512 0 27274591802751
1173992 512 0 27274592081074
1174504 512 0 27274592359398
1175016 512 0 27274592637721
1175528 512 0 27274592916045
1176040 512 0 27274593194368
1176552 512 0 27274593472691
1177064 512 0 27274593751015
1177576 512 0 27274594029338
1178088 512 0 27274594307661
1178600 512 0 27274594585985
1179112 512 0 27274594864308
1179624 512 0 27274595142631
1180136 512 0 27274595420955
1180648 512 0 27274595698949
1181160 512 0 27274595977271
1181672 512 0 27274596255593
1182184 512 0 27274596533915
1182696 512 0 27274596812237
1183208 512 0 27274597090559
1183720 512 0 27274597368881
1184232 512 0 27274597647203
1184744 512 0 27274597925525
1185256 512 0 27274598203847
1185768 512 0 27274598482169
1186280 512 0 27274598760491
1186792 512 0 27274599038813
1187304 512 0 27274599317135
1187816 512 0 27274599595457
1188328 512 0 27274599873779
1188840 512 0 27274600152101
1189352 512 0 27274600430423
1189864 512 0 27274600708745
1190376 512 0 27274600987067
1190888 512 0 27274601265389
1191400 512 0 27274601543711
1191912 512 0 27274601822282
1192424 512 0 27274602100605
1192936 512 0 27274602378928
1193448 512 0 27274602657251
1193960 512 0 27274602935574
1194472 512 0 27274603213897
1194984 512 0 27274603492220
1195496 512 0 27274603770543
1196008 512 0 27274604048866
1196520 512 0 27274604327189
1197032 512 0 27274604605512
1197544 512 0 27274604883835
1198056 512 0 27274605162158
1198568 512 0 27274605440481
1199080 512 0 27274605718804
1199592 512 0 27274605997127
1200104 512 0 27274606275451
1200616 512 0 27274606553774
1201128 512 0 27274606832097
1201640 512 0 27274607110420
1202152 512 0 27274607388743
1202664 512 0 27274607667348
1203176 512 0 27274607945672
1203688 512 0 27274608223996
1204200 512 0 27274608502321
1204712 512 0 27274608780645
1205224 512 0 27274609058969
1205736 512 0 27274609337293
1206248 512 0 27274609615617
1206760 512 0 27274609893942
1207272 512 0 27274610172266
1207784 512 0 27274610450590
1208296 512 0 27274610728914
1208808 512 0 27274611007239
1209320 512 0 27274611285563
1209832 512 0 27274611563887
1210344 512 0 27274611842211
1210856 512 0 27274612120535
1211368 512 0 27274612398860
1211880 512 0 27274612677184
1212392 512 0 27274612955508
1212904 512 0 27274613233832
1213416 512 0 27274613511809
1213928 512 0 27274613790132
1214440 512 0 27274614068455
1214952 512 0 27274614346778
1215464 512 0 27274614625100
1215976 512 0 27274614903423
1216488 512 0 27274615181746
1217000 512 0 27274615460069
1217512 512 0 27274615738391
1218024 512 0 27274616016714
1218536 512 0 27274616295037
1219048 512 0 27274616573360
1219560 512 0 27274616851682
1220072 512 0 27274617130005
1220584 512 0 27274617408328
1221096 512 0 27274617686651
1221608 512 0 27274617964973
1222120 512 0 27274618243296
1222632 512 0 27274618521619
1223144 512 0 27274618799942
1223656 512 0 27274619078264
1224168 512 0 27274619356587
1224680 512 0 27274619635200
1225192 512 0 27274619913524
1225704 512 0 27274620191848
1226216 512 0 27274620470172
1226728 512 0 27274620748496
1227240 512 0 27274621026820
1227752 512 0 27274621305144
1228264 512 0 27274621583468
1228776 512 0 27274621861792
1229288 512 0 27274622140116
1229800 512 0 27274622418440
1230312 512 0 27274622696764
1230824 512 0 27274622975088
1231336 512 0 27274623253411
1231848 512 0 27274623531735
1232360 512 0 27274623810059
1232872 512 0 27274624088383
1233384 512 0 27274624366707
1233896 512 0 27274624645031
1234408 512 0 27274624923355
1234920 512 0 27274625201679
1235432 512 0 27274625480003
1235944 512 0 27274625757924
1236456 512 0 27274626036246
1236968 512 0 27274626314568
1237480 512 0 27274626592890
1237992 512 0 27274626871213
1238504 512 0 27274627149535
1239016 512 0 27274627427857
1239528 512 0 27274627706179
1240040 512 0 27274627984502
1240552 512 0 27274628262824
1241064 512 0 27274628541146
1241576 512 0 27274628819469
1242088 512 0 27274629097791
1242600 512 0 27274629376113
1243112 512 0 27274629654435
1243624 512 0 27274629932758
1244136 512 0 27274630211080
1244648 512 0 27274630489402
1245160 512 0 27274630767725
1245672 512 0 27274631046047
1246184 512 0 27274631324369
1246696 512 0 27274631603133
1247208 512 0 27274631881457
1247720 512 0 27274632159782
1248232 512 0 27274632438106
1248744 512 0 27274632716430
1249256 512 0 27274632994754
1249768 512 0 27274633273078
1250280 512 0 27274633551402
1250792 512 0 27274633829726
1251304 512 0 27274634108050
1251816 512 0 27274634386375
1252328 512 0 27274634664699
1252840 512 0 27274634943023
1253352 512 0 27274635221347
1253864 512 0 27274635499671
1254376 512 0 27274635777995
1254888 512 0 27274636056319
1255400 512 0 27274636334644
1255912 512 0 27274636612968
1256424 512 0 27274636891292
1256936 512 0 27274637169616
1257448 512 0 27274637447940
1257960 512 0 27274637725917
1258472 512 0 27274638004239
1258984 512 0 27274638282562
1259496 512 0 27274638560885
1260008 512 0 27274638839207
1260520 512 0 27274639117530
1261032 512 0 27274639395853
1261544 512 0 27274639674175
1262056 512 0 27274639952498
1262568 512 0 27274640230821
1263080 512 0 27274640509143
1263592 512 0 27274640787466
1264104 512 0 27274641065789
1264616 512 0 27274641344111
1265128 512 0 27274641622434
1265640 512 0 27274641900757
1266152 512 0 27274642179079
1266664 512 0 27274642457402
1267176 512 0 27274642735725
1267688 512 0 27274643014048
1268200 512 0 27274643292370
1268712 512 0 27274643570924
1269224 512 0 27274643849247
1269736 512 0 27274644127571
1270248 512 0 27274644405894
1270760 512 0 27274644684218
1271272 512 0 27274644962542
1271784 512 0 27274645240865
1272296 512 0 27274645519189
1272808 512 0 27274645797513
1273320 512 0 27274646075836
1273832 512 0 27274646354160
1274344 512 0 27274646632484
1274856 512 0 27274646910807
1275368 512 0 27274647189131
1275880 512 0 27274647467455
1276392 512 0 27274647745778
1276904 512 0 27274648024102
1277416 512 0 27274648302425
1277928 512 0 27274648580749
1278440 512 0 27274648859073
1278952 512 0 27274649137396
1279464 512 0 27274649415386
1279976 512 0 27274649693708
1280488 512 0 27274649972030
1281000 512 0 27274650250352
1281512 512 0 27274650528675
1282024 512 0 27274650806997
1282536 512 0 27274651085319
1283048 512 0 27274651363641
1283560 512 0 27274651641964
1284072 512 0 27274651920286
1284584 512 0 27274652198608
1285096 512 0 27274652476930
1285608 512 0 27274652755253
1286120 512 0 27274653033575
1286632 512 0 27274653311897
1287144 512 0 27274653590219
1287656 512 0 27274653868542
1288168 512 0 27274654146864
1288680 512 0 27274654425186
1289192 512 0 27274654703508
1289704 512 0 27274654981830
1290216 512 0 27274655260153
1290728 512 0 27274655538475
1291240 512 0 27274655817100
1291752 512 0 27274656095424
1292264 512 0 27274656373747
1292776 512 0 27274656652071
1293288 512 0 27274656930394
1293800 512 0 27274657208718
1294312 512 0 27274657487041
1294824 512 0 27274657765365
1295336 512 0 27274658043688
1295848 512 0 27274658322012
1296360 512 0 27274658600335
1296872 512 0 27274658878659
1297384 512 0 27274659156982
1297896 512 0 27274659435306
1298408 512 0 27274659713629
1298920 512 0 27274659991953
1299432 512 0 27274660270276
1299944 512 0 27274660548600
1300456 512 0 27274660826923
1300968 512 0 27274661105247
1301480 512 0 27274661383571
1301992 512 0 27274661661563
1302504 512 0 27274661939885
1303016 512 0 27274662218207
1303528 512 0 27274662496529
1304040 512 0 27274662774851
1304552 512 0 27274663053173
1305064 512 0 27274663331495
1305576 512 0 27274663609818
1306088 512 0 27274663888140
1306600 512 0 27274664166462
1307112 512 0 27274664444784
1307624 512 0 27274664723106
1308136 512 0 27274665001428
1308648 512 0 27274665279750
1309160 512 0 27274665558072
1309672 512 0 27274665836395
1310184 512 0 27274666114717
1310696 512 0 27274666393039
1311208 512 0 27274666671361
1311720 512 0 27274666949683
1312232 512 0 27274667228005
1312744 512 0 27274667506571
1313256 512 0 27274667784894
1313768 512 0 27274668063217
1314280 512 0 27274668341541
1314792 512 0 27274668619864
1315304 512 0 27274668898187
1315816 512 0 27274669176510
1316328 512 0 27274669454833
1316840 512 0 27274669733156
1317352 512 0 27274670011479
1317864 512 0 27274670289803
1318376 512 0 27274670568126
1318888 512 0 27274670846449
1319400 512 0 27274671124772
1319912 512 0 27274671403095
1320424 512 0 27274671681418
1320936 512 0 27274671959741
1321448 512 0 27274672238064
1321960 512 0 27274672516388
1322472 512 0 27274672794711
1322984 512 0 27274673073034
1323496 512 0 27274673351357
1324008 512 0 27274673629960
1324520 512 0 27274673908284
1325032 512 0 27274674186609
1325544 512 0 27274674464933
1326056 512 0 27274674743257
1326568 512 0 27274675021582
1327080 512 0 27274675299906
1327592 512 0 27274675578230
1328104 512 0 27274675856554
1328616 512 0 27274676134879
1329128 512 0 27274676413203
1329640 512 0 27274676691527
1330152 512 0 27274676969852
1330664 512 0 27274677248176
1331176 512 0 27274677526500
1331688 512 0 27274677804825
1332200 512 0 27274678083149
1332712 512 0 27274678361473
1333224 512 0 27274678639798
1333736 512 0 27274678918122
1334248 512 0 27274679196446
1334760 512 0 27274679474420
1335272 512 0 27274679752743
1335784 512 0 27274680031065
1336296 512 0 27274680309388
1336808 512 0 27274680587711
1337320 512 0 27274680866034
1337832 512 0 27274681144357
1338344 512 0 27274681422680
1338856 512 0 27274681701003
1339368 512 0 27274681979325
1339880 512 0 27274682257648
1340392 512 0 27274682535971
1340904 512 0 27274682814294
1341416 512 0 27274683092617
1341928 512 0 27274683370940
1342440 512 0 27274683649262
1342952 512 0 27274683927585
1343464 512 0 27274684205908
1343976 512 0 27274684484231
1344488 512 0 27274684762554
1345000 512 0 27274685040877
1345512 512 0 27274685319199
1346024 512 0 27274685597806
1346536 512 0 27274685876130
1347048 512 0 27274686154454
1347560 512 0 27274686432778
1348072 512 0 27274686711102
1348584 512 0 27274686989426
1349096 512 0 27274687267750
1349608 512 0 27274687546074
1350120 512 0 27274687824398
1350632 512 0 27274688102722
1351144 512 0 27274688381046
1351656 512 0 27274688659370
1352168 512 0 27274688937694
1352680 512 0 27274689216018
1353192 512 0 27274689494342
1353704 512 0 27274689772666
1354216 512 0 27274690050990
1354728 512 0 27274690329314
1355240 512 0 27274690607638
1355752 512 0 27274690885962
1356264 512 0 27274691164286
1356776 512 0 27274691442610
1357288 512 0 27274691720592
1357800 512 0 27274691998915
1358312 512 0 27274692277238
1358824 512 0 27274692555560
1359336 512 0 27274692833883
1359848 512 0 27274693112205
1360360 512 0 27274693390528
1360872 512 0 27274693668851
1361384 512 0 27274693947173
1361896 512 0 27274694225496
1362408 512 0 27274694503818
1362920 512 0 27274694782141
1363432 512 0 27274695060464
1363944 512 0 27274695338786
1364456 512 0 27274695617109
1364968 512 0 27274695895431
1365480 512 0 27274696173754
1365992 512 0 27274696452077
1366504 512 0 27274696730399
1367016 512 0 27274697008722
1367528 512 0 27274697287044
1368040 512 0 27274697565661
1368552 512 0 27274697843985
1369064 512 0 27274698122308
1369576 512 0 27274698400632
1370088 512 0 27274698678956
1370600 512 0 27274698957280
1371112 512 0 27274699235604
1371624 512 0 27274699513928
1372136 512 0 27274699792251
1372648 512 0 27274700070575
1373160 512 0 27274700348899
1373672 512 0 27274700627223
1374184 512 0 27274700905547
1374696 512 0 27274701183871
1375208 512 0 27274701462194
1375720 512 0 27274701740518
1376232 512 0 27274702018842
1376744 512 0 27274702297166
1377256 512 0 27274702575490
1377768 512 0 27274702853813
1378280 512 0 27274703132137
1378792 512 0 27274703410124
1379304 512 0 27274703688447
1379816 512 0 27274703966769
1380328 512 0 27274704245092
1380840 512 0 27274704523414
1381352 512 0 27274704801736
1381864 512 0 27274705080059
1382376 512 0 27274705358381
1382888 512 0 27274705636704
1383400 512 0 27274705915026
1383912 512 0 27274706193348
1384424 512 0 27274706471671
1384936 512 0 27274706749993
1385448 512 0 27274707028316
1385960 512 0 27274707306638
1386472 512 0 27274707584961
1386984 512 0 27274707863283
1387496 512 0 27274708141605
1388008 512 0 27274708419928
1388520 512 0 27274708698250
1389032 512 0 27274708976573
1389544 512 0 27274709254895
1390056 512 0 27274709533456
1390568 512 0 27274709811779
1391080 512 0 27274710090102
1391592 512 0 27274710368426
1392104 512 0 27274710646749
1392616 512 0 27274710925073
1393128 512 0 27274711203396
1393640 512 0 27274711481719
1394152 512 0 27274711760043
1394664 512 0 27274712038366
1395176 512 0 27274712316690
1395688 512 0 27274712595013
1396200 512 0 27274712873337
1396712 512 0 27274713151660
1397224 512 0 27274713429983
1397736 512 0 27274713708307
1398248 512 0 27274713986630
1398760 512 0 27274714264954
1399272 512 0 27274714543277
1399784 512 0 27274714821600
1400296 512 0 27274715099924
1400808 512 0 27274715378247
1401320 512 0 27274715656241
1401832 512 0 27274715934563
1402344 512 0 27274716212885
1402856 512 0 27274716491207
1403368 512 0 27274716769529
1403880 512 0 27274717047852
1404392 512 0 27274717326174
1404904 512 0 27274717604496
1405416 512 0 27274717882818
1405928 512 0 27274718161140
1406440 512 0 27274718439462
1406952 512 0 27274718717784
1407464 512 0 27274718996106
1407976 512 0 27274719274428
1408488 512 0 27274719552750
1409000 512 0 27274719831072
1409512 512 0 27274720109394
1410024 512 0 27274720387716
1410536 512 0 27274720666038
1411048 512 0 27274720944360
1411560 512 0 27274721222682
1412072 512 0 27274721501298
1412584 512 0 27274721779621
1413096 512 0 27274722057944
1413608 512 0 27274722336266
1414120 512 0 27274722614589
1414632 512 0 27274722892912
1415144 512 0 27274723171234
1415656 512 0 27274723449557
1416168 512 0 27274723727880
1416680 512 0 27274724006202
1417192 512 0 27274724284525
1417704 512 0 27274724562848
1418216 512 0 27274724841170
1418728 512 0 27274725119493
1419240 512 0 27274725397816
1419752 512 0 27274725676138
1420264 512 0 27274725954461
1420776 512 0 27274726232784
1421288 512 0 27274726511107
1421800 512 0 27274726789429
1422312 512 0 27274727067752
1422824 512 0 27274727346075
1423336 512 0 27274727624618
1423848 512 0 27274727902941
1424360 512 0 27274728181264
1424872 512 0 27274728459587
1425384 512 0 27274728737911
1425896 512 0 27274729016234
1426408 512 0 27274729294557
1426920 512 0 27274729572880
1427432 512 0 27274729851203
1427944 512 0 27274730129526
1428456 512 0 27274730407850
1428968 512 0 27274730686173
1429480 512 0 27274730964496
1429992 512 0 27274731242819
1430504 512 0 27274731521142
1431016 512 0 27274731799465
1431528 512 0 27274732077789
1432040 512 0 27274732356112
1432552 512 0 27274732634435
1433064 512 0 27274732912758
1433576 512 0 27274733191081
1434088 512 0 27274733469098
1434600 512 0 27274733747421
1435112 512 0 27274734025743
1435624 512 0 27274734304066
1436136 512 0 27274734582388
1436648 512 0 27274734860711
1437160 512 0 27274735139033
1437672 512 0 27274735417356
1438184 512 0 27274735695678
1438696 512 0 27274735974001
1439208 512 0 27274736252323
1439720 512 0 27274736530646
1440232 512 0 27274736808968
