124 512 0 27276117206924
636 512 0 27276117485563
1148 512 0 27276117764203
1660 512 0 27276118042842
2172 512 0 27276118321482
2684 512 0 27276118600121
3196 512 0 27276118878761
3708 512 0 27276119157400
4220 512 0 27276119436040
4732 512 0 27276119714679
5244 512 0 27276119993319
5756 512 0 27276120271958
6268 512 0 27276120550598
6780 512 0 27276120829237
7292 512 0 27276121107877
7804 512 0 27276121386516
8316 512 0 27276121665155
8828 512 0 27276121943795
9340 512 0 27276122222434
9852 512 0 27276122501074
10364 512 0 27276122779713
10876 512 0 27276123058353
11388 512 0 27276123336992
11900 512 0 27276123615632
12412 512 0 27276123894271
12924 512 0 27276124172911
13436 512 0 27276124451550
13948 512 0 27276124730190
14460 512 0 27276125008829
14972 512 0 27276125287469
15484 512 0 27276125566108
15996 512 0 27276125844748
16508 512 0 27276126123387
17020 512 0 27276126402026
17532 512 0 27276126680666
18044 512 0 27276126959305
18556 512 0 27276127237945
19068 512 0 27276127516584
19580 512 0 27276127795224
20092 512 0 27276128073863
20604 512 0 27276128352503
21116 512 0 27276128631142
21628 512 0 27276128909782
22140 512 0 27276129188421
22652 512 0 27276129467061
23164 512 0 27276129745700
23676 512 0 27276130024340
24188 512 0 27276130302979
24700 512 0 27276130581618
25212 512 0 27276130860258
25724 512 0 27276131138897
26236 512 0 27276131417537
26748 512 0 27276131696176
27260 512 0 27276131974816
27772 512 0 27276132253455
28284 512 0 27276132532095
28796 512 0 27276132810734
29308 512 0 27276133089374
29820 512 0 27276133368013
30332 512 0 27276133646653
30844 512 0 27276133925292
31356 512 0 27276134203932
31868 512 0 27276134482571
32380 512 0 27276134761209
32892 512 0 27276135039848
33404 512 0 27276135318488
33916 512 0 27276135597127
34428 512 0 27276135875767
34940 512 0 27276136154406
35452 512 0 27276136433045
35964 512 0 27276136711685
36476 512 0 27276136990324
36988 512 0 27276137268964
37500 512 0 27276137547603
38012 512 0 27276137826243
38524 512 0 27276138104882
39036 512 0 27276138383522
39548 512 0 27276138662161
40060 512 0 27276138940800
40572 512 0 27276139219440
41084 512 0 27276139498079
41596 512 0 27276139776719
42108 512 0 27276140055358
42620 512 0 27276140333998
43132 512 0 27276140612637
43644 512 0 27276140891277
44156 512 0 27276141169916
44668 512 0 27276141448555
45180 512 0 27276141727195
45692 512 0 27276142005834
46204 512 0 27276142284474
46716 512 0 27276142563113
47228 512 0 27276142841753
47740 512 0 27276143120392
48252 512 0 27276143399032
48764 512 0 27276143677672
49276 512 0 27276143956312
49788 512 0 27276144234951
50300 512 0 27276144513591
50812 512 0 27276144792230
51324 512 0 27276145070870
51836 512 0 27276145349509
52348 512 0 27276145628149
52860 512 0 27276145906788
53372 512 0 27276146185428
53884 512 0 27276146464067
54396 512 0 27276146742706
54908 512 0 27276147021346
55420 512 0 27276147299985
55932 512 0 27276147578625
56444 512 0 27276147857264
56956 512 0 27276148135904
57468 512 0 27276148414543
57980 512 0 27276148693183
58492 512 0 27276148971822
59004 512 0 27276149250462
59516 512 0 27276149529101
60028 512 0 27276149807741
60540 512 0 27276150086380
61052 512 0 27276150365019
61564 512 0 27276150643659
62076 512 0 27276150922298
62588 512 0 27276151200938
63100 512 0 27276151479577
63612 512 0 27276151758217
64124 512 0 27276152036856
64636 512 0 27276152315496
65148 512 0 27276152594134
65660 512 0 27276152872773
66172 512 0 27276153151413
66684 512 0 27276153430052
67196 512 0 27276153708692
67708 512 0 27276153987331
68220 512 0 27276154265971
68732 512 0 27276154544610
69244 512 0 27276154823250
69756 512 0 27276155101889
70268 512 0 27276155380528
70780 512 0 27276155659168
71292 512 0 27276155937807
71804 512 0 27276156216447
72316 512 0 27276156495086
72828 512 0 27276156773726
73340 512 0 27276157052365
73852 512 0 27276157331005
74364 512 0 27276157609644
74876 512 0 27276157888284
75388 512 0 27276158166923
75900 512 0 27276158445562
76412 512 0 27276158724202
76924 512 0 27276159002841
77436 512 0 27276159281481
77948 512 0 27276159560120
78460 512 0 27276159838760
78972 512 0 27276160117399
79484 512 0 27276160396039
79996 512 0 27276160674678
80508 512 0 27276160953317
81020 512 0 27276161231957
81532 512 0 27276161510597
82044 512 0 27276161789237
82556 512 0 27276162067876
83068 512 0 27276162346516
83580 512 0 27276162625155
84092 512 0 27276162903795
84604 512 0 27276163182434
85116 512 0 27276163461073
85628 512 0 27276163739713
86140 512 0 27276164018352
86652 512 0 27276164296992
87164 512 0 27276164575631
87676 512 0 27276164854271
88188 512 0 27276165132910
88700 512 0 27276165411550
89212 512 0 27276165690189
89724 512 0 27276165968829
90236 512 0 27276166247468
90748 512 0 27276166526108
91260 512 0 27276166804747
91772 512 0 27276167083386
92284 512 0 27276167362026
92796 512 0 27276167640665
93308 512 0 27276167919305
93820 512 0 27276168197944
94332 512 0 27276168476584
94844 512 0 27276168755223
95356 512 0 27276169033863
95868 512 0 27276169312502
96380 512 0 27276169591142
96892 512 0 27276169869781
97404 512 0 27276170148420
97916 512 0 27276170415410
98428 512 0 27276170693927
98940 512 0 27276170972444
99452 512 0 27276171250961
99964 512 0 27276171529478
100476 512 0 27276171807995
100988 512 0 27276172086512
101500 512 0 27276172365030
102012 512 0 27276172643547
102524 512 0 27276172922064
103036 512 0 27276173200581
103548 512 0 27276173479098
104060 512 0 27276173757615
104572 512 0 27276174036132
105084 512 0 27276174314649
105596 512 0 27276174593167
106108 512 0 27276174871684
106620 512 0 27276175150201
107132 512 0 27276175428718
107644 512 0 27276175707235
108156 512 0 27276175985752
108668 512 0 27276176264269
109180 512 0 27276176542787
109692 512 0 27276176821304
110204 512 0 27276177099821
110716 512 0 27276177378338
111228 512 0 27276177656855
111740 512 0 27276177935372
112252 512 0 27276178213889
112764 512 0 27276178492407
113276 512 0 27276178770924
113788 512 0 27276179049441
114300 512 0 27276179319604
114812 512 0 27276179598034
115324 512 0 27276179876463
115836 512 0 27276180154893
116348 512 0 27276180433322
116860 512 0 27276180711752
117372 512 0 27276180990181
117884 512 0 27276181268610
118396 512 0 27276181547040
118908 512 0 27276181825469
119420 512 0 27276182103899
119932 512 0 27276182382328
120444 512 0 27276182660758
120956 512 0 27276182939187
121468 512 0 27276183217616
121980 512 0 27276183496046
122492 512 0 27276183774475
123004 512 0 27276184052905
123516 512 0 27276184331334
124028 512 0 27276184609763
124540 512 0 27276184888193
125052 512 0 27276185166622
125564 512 0 27276185445052
126076 512 0 27276185723481
126588 512 0 27276186001911
127100 512 0 27276186280340
127612 512 0 27276186558769
128124 512 0 27276186837199
128636 512 0 27276187115628
129148 512 0 27276187394058
129660 512 0 27276187672487
130172 512 0 27276187950917
130684 512 0 27276188225389
131196 512 0 27276188503794
131708 512 0 27276188782198
132220 512 0 27276189060603
132732 512 0 27276189339007
133244 512 0 27276189617412
133756 512 0 27276189895817
134268 512 0 27276190174221
134780 512 0 27276190452626
135292 512 0 27276190731030
135804 512 0 27276191009435
136316 512 0 27276191287839
136828 512 0 27276191566244
137340 512 0 27276191844649
137852 512 0 27276192123053
138364 512 0 27276192401458
138876 512 0 27276192679862
139388 512 0 27276192958267
139900 512 0 27276193236671
140412 512 0 27276193515076
140924 512 0 27276193793481
141436 512 0 27276194071885
141948 512 0 27276194350290
142460 512 0 27276194628694
142972 512 0 27276194907099
143484 512 0 27276195185503
143996 512 0 27276195463908
144508 512 0 27276195742313
145020 512 0 27276196020717
145532 512 0 27276196299122
146044 512 0 27276196577526
146556 512 0 27276196855931
147068 512 0 27276197131098
147580 512 0 27276197409482
148092 512 0 27276197687866
148604 512 0 27276197966251
149116 512 0 27276198244635
149628 512 0 27276198523019
150140 512 0 27276198801403
150652 512 0 27276199079788
151164 512 0 27276199358172
151676 512 0 27276199636556
152188 512 0 27276199914940
152700 512 0 27276200193325
153212 512 0 27276200471709
153724 512 0 27276200750093
154236 512 0 27276201028477
154748 512 0 27276201306862
155260 512 0 27276201585246
155772 512 0 27276201863630
156284 512 0 27276202142014
156796 512 0 27276202420398
157308 512 0 27276202698783
157820 512 0 27276202977167
158332 512 0 27276203255551
158844 512 0 27276203533935
159356 512 0 27276203812320
159868 512 0 27276204090704
160380 512 0 27276204369088
160892 512 0 27276204647472
161404 512 0 27276204925857
161916 512 0 27276205204241
162428 512 0 27276205482625
162940 512 0 27276205761009
163452 512 0 27276206036944
163964 512 0 27276206315313
164476 512 0 27276206593682
164988 512 0 27276206872051
165500 512 0 27276207150420
166012 512 0 27276207428789
166524 512 0 27276207707157
167036 512 0 27276207985526
167548 512 0 27276208263895
168060 512 0 27276208542264
168572 512 0 27276208820633
169084 512 0 27276209099002
169596 512 0 27276209377371
170108 512 0 27276209655739
170620 512 0 27276209934108
171132 512 0 27276210212477
171644 512 0 27276210490846
172156 512 0 27276210769215
172668 512 0 27276211047584
173180 512 0 27276211325953
173692 512 0 27276211604322
174204 512 0 27276211882690
174716 512 0 27276212161059
175228 512 0 27276212439428
175740 512 0 27276212717797
176252 512 0 27276212996166
176764 512 0 27276213274535
177276 512 0 27276213552904
177788 512 0 27276213831272
178300 512 0 27276214109641
178812 512 0 27276214388010
179324 512 0 27276214666379
179836 512 0 27276214942907
180348 512 0 27276215221264
180860 512 0 27276215499622
181372 512 0 27276215777979
181884 512 0 27276216056336
182396 512 0 27276216334694
182908 512 0 27276216613051
183420 512 0 27276216891408
183932 512 0 27276217169766
184444 512 0 27276217448123
184956 512 0 27276217726480
185468 512 0 27276218004837
185980 512 0 27276218283195
186492 512 0 27276218561552
187004 512 0 27276218839909
187516 512 0 27276219118267
188028 512 0 27276219396624
188540 512 0 27276219674981
189052 512 0 27276219953339
189564 512 0 27276220231696
190076 512 0 27276220510053
190588 512 0 27276220788410
191100 512 0 27276221066768
191612 512 0 27276221345125
192124 512 0 27276221623482
192636 512 0 27276221901840
193148 512 0 27276222180197
193660 512 0 27276222458554
194172 512 0 27276222736912
194684 512 0 27276223015269
195196 512 0 27276223293626
195708 512 0 27276223571984
196220 512 0 27276223848964
196732 512 0 27276224127313
197244 512 0 27276224405661
197756 512 0 27276224684010
198268 512 0 27276224962359
198780 512 0 27276225240707
199292 512 0 27276225519056
199804 512 0 27276225797405
200316 512 0 27276226075753
200828 512 0 27276226354102
201340 512 0 27276226632451
201852 512 0 27276226910799
202364 512 0 27276227189148
202876 512 0 27276227467497
203388 512 0 27276227745845
203900 512 0 27276228024194
204412 512 0 27276228302542
204924 512 0 27276228580891
205436 512 0 27276228859240
205948 512 0 27276229137588
206460 512 0 27276229415937
206972 512 0 27276229694286
207484 512 0 27276229972634
207996 512 0 27276230250983
208508 512 0 27276230529332
209020 512 0 27276230807680
209532 512 0 27276231086029
210044 512 0 27276231364378
210556 512 0 27276231642726
211068 512 0 27276231921075
211580 512 0 27276232199424
212092 512 0 27276232477772
212604 512 0 27276232755108
213116 512 0 27276233033451
213628 512 0 27276233311793
214140 512 0 27276233590135
214652 512 0 27276233868477
215164 512 0 27276234146820
215676 512 0 27276234425162
216188 512 0 27276234703504
216700 512 0 27276234981847
217212 512 0 27276235260189
217724 512 0 27276235538531
218236 512 0 27276235816874
218748 512 0 27276236095216
219260 512 0 27276236373558
219772 512 0 27276236651900
220284 512 0 27276236930243
220796 512 0 27276237208585
221308 512 0 27276237486927
221820 512 0 27276237765270
222332 512 0 27276238043612
222844 512 0 27276238321954
223356 512 0 27276238600297
223868 512 0 27276238878639
224380 512 0 27276239156981
224892 512 0 27276239435323
225404 512 0 27276239713666
225916 512 0 27276239992008
226428 512 0 27276240270350
226940 512 0 27276240548693
227452 512 0 27276240827035
227964 512 0 27276241105377
228476 512 0 27276241383720
228988 512 0 27276241661320
229500 512 0 27276241939657
230012 512 0 27276242217995
230524 512 0 27276242496333
231036 512 0 27276242774670
231548 512 0 27276243053008
232060 512 0 27276243331345
232572 512 0 27276243609683
233084 512 0 27276243888021
233596 512 0 27276244166358
234108 512 0 27276244444696
234620 512 0 27276244723034
235132 512 0 27276245001371
235644 512 0 27276245279709
236156 512 0 27276245558047
236668 512 0 27276245836384
237180 512 0 27276246114722
237692 512 0 27276246393060
238204 512 0 27276246671397
238716 512 0 27276246949735
239228 512 0 27276247228072
239740 512 0 27276247506410
240252 512 0 27276247784748
240764 512 0 27276248063085
241276 512 0 27276248341423
241788 512 0 27276248619761
242300 512 0 27276248898098
242812 512 0 27276249176436
243324 512 0 27276249454774
243836 512 0 27276249733111
244348 512 0 27276250011449
244860 512 0 27276250289786
245372 512 0 27276250567570
245884 512 0 27276250845904
246396 512 0 27276251124238
246908 512 0 27276251402572
247420 512 0 27276251680907
247932 512 0 27276251959241
248444 512 0 27276252237575
248956 512 0 27276252515909
249468 512 0 27276252794243
249980 512 0 27276253072577
250492 512 0 27276253350912
251004 512 0 27276253629246
251516 512 0 27276253907580
252028 512 0 27276254185914
252540 512 0 27276254464248
253052 512 0 27276254742582
253564 512 0 27276255020916
254076 512 0 27276255299251
254588 512 0 27276255577585
255100 512 0 27276255855919
255612 512 0 27276256134253
256124 512 0 27276256412587
256636 512 0 27276256690921
257148 512 0 27276256969256
257660 512 0 27276257247590
258172 512 0 27276257525924
258684 512 0 27276257804258
259196 512 0 27276258082592
259708 512 0 27276258360926
260220 512 0 27276258639261
260732 512 0 27276258917595
261244 512 0 27276259195929
261756 512 0 27276259473880
262268 512 0 27276259752213
262780 512 0 27276260030546
263292 512 0 27276260308879
263804 512 0 27276260587212
264316 512 0 27276260865545
264828 512 0 27276261143878
265340 512 0 27276261422211
265852 512 0 27276261700544
266364 512 0 27276261978877
266876 512 0 27276262257211
267388 512 0 27276262535544
267900 512 0 27276262813877
268412 512 0 27276263092210
268924 512 0 27276263370543
269436 512 0 27276263648876
269948 512 0 27276263927209
270460 512 0 27276264205542
270972 512 0 27276264483875
271484 512 0 27276264762208
271996 512 0 27276265040541
272508 512 0 27276265318874
273020 512 0 27276265597207
273532 512 0 27276265875540
274044 512 0 27276266153873
274556 512 0 27276266432207
275068 512 0 27276266710540
275580 512 0 27276266988873
276092 512 0 27276267267206
276604 512 0 27276267545539
277116 512 0 27276267823872
277628 512 0 27276268102205
278140 512 0 27276268380190
278652 512 0 27276268658522
279164 512 0 27276268936854
279676 512 0 27276269215186
280188 512 0 27276269493518
280700 512 0 27276269771850
281212 512 0 27276270050182
281724 512 0 27276270328514
282236 512 0 27276270606847
282748 512 0 27276270885179
283260 512 0 27276271163511
283772 512 0 27276271441843
284284 512 0 27276271720175
284796 512 0 27276271998507
285308 512 0 27276272276839
285820 512 0 27276272555171
286332 512 0 27276272833503
286844 512 0 27276273111835
287356 512 0 27276273390167
287868 512 0 27276273668499
288380 512 0 27276273946831
288892 512 0 27276274225164
289404 512 0 27276274503496
289916 512 0 27276274781828
290428 512 0 27276275060160
290940 512 0 27276275338492
291452 512 0 27276275616824
291964 512 0 27276275895156
292476 512 0 27276276173488
292988 512 0 27276276451820
293500 512 0 27276276730152
294012 512 0 27276277008484
294524 512 0 27276277286491
295036 512 0 27276277564822
295548 512 0 27276277843153
296060 512 0 27276278121484
296572 512 0 27276278399816
297084 512 0 27276278678147
297596 512 0 27276278956478
298108 512 0 27276279234809
298620 512 0 27276279513140
299132 512 0 27276279791471
299644 512 0 27276280069802
300156 512 0 27276280348134
300668 512 0 27276280626465
301180 512 0 27276280904796
301692 512 0 27276281183127
302204 512 0 27276281461458
302716 512 0 27276281739789
303228 512 0 27276282018121
303740 512 0 27276282296452
304252 512 0 27276282574783
304764 512 0 27276282853114
305276 512 0 27276283131445
305788 512 0 27276283409776
306300 512 0 27276283688107
306812 512 0 27276283966439
307324 512 0 27276284244770
307836 512 0 27276284523101
308348 512 0 27276284801432
308860 512 0 27276285079763
309372 512 0 27276285358094
309884 512 0 27276285636425
310396 512 0 27276285914757
310908 512 0 27276286192800
311420 512 0 27276286471131
311932 512 0 27276286749461
312444 512 0 27276287027791
312956 512 0 27276287306122
313468 512 0 27276287584452
313980 512 0 27276287862782
314492 512 0 27276288141113
315004 512 0 27276288419443
315516 512 0 27276288697773
316028 512 0 27276288976104
316540 512 0 27276289254434
317052 512 0 27276289532764
317564 512 0 27276289811095
318076 512 0 27276290089425
318588 512 0 27276290367755
319100 512 0 27276290646086
319612 512 0 27276290924416
320124 512 0 27276291202746
320636 512 0 27276291481077
321148 512 0 27276291759407
321660 512 0 27276292037737
322172 512 0 27276292316068
322684 512 0 27276292594398
323196 512 0 27276292872728
323708 512 0 27276293151059
324220 512 0 27276293429389
324732 512 0 27276293707719
325244 512 0 27276293986050
325756 512 0 27276294264380
326268 512 0 27276294542710
326780 512 0 27276294821041
327292 512 0 27276295099163
327804 512 0 27276295377493
328316 512 0 27276295655822
328828 512 0 27276295934152
329340 512 0 27276296212482
329852 512 0 27276296490812
330364 512 0 27276296769141
330876 512 0 27276297047471
331388 512 0 27276297325801
331900 512 0 27276297604131
332412 512 0 27276297882460
332924 512 0 27276298160790
333436 512 0 27276298439120
333948 512 0 27276298717450
334460 512 0 27276298995779
334972 512 0 27276299274109
335484 512 0 27276299552439
335996 512 0 27276299830768
336508 512 0 27276300109098
337020 512 0 27276300387428
337532 512 0 27276300665758
338044 512 0 27276300944087
338556 512 0 27276301222417
339068 512 0 27276301500747
339580 512 0 27276301779077
340092 512 0 27276302057406
340604 512 0 27276302335736
341116 512 0 27276302614066
341628 512 0 27276302892396
342140 512 0 27276303170725
342652 512 0 27276303449055
343164 512 0 27276303727385
343676 512 0 27276304005544
344188 512 0 27276304283873
344700 512 0 27276304562202
345212 512 0 27276304840531
345724 512 0 27276305118861
346236 512 0 27276305397190
346748 512 0 27276305675519
347260 512 0 27276305953848
347772 512 0 27276306232178
348284 512 0 27276306510507
348796 512 0 27276306788836
349308 512 0 27276307067165
349820 512 0 27276307345495
350332 512 0 27276307623824
350844 512 0 27276307902153
351356 512 0 27276308180482
351868 512 0 27276308458812
352380 512 0 27276308737141
352892 512 0 27276309015470
353404 512 0 27276309293800
353916 512 0 27276309572129
354428 512 0 27276309850458
354940 512 0 27276310128787
355452 512 0 27276310407117
355964 512 0 27276310685446
356476 512 0 27276310963775
356988 512 0 27276311242104
357500 512 0 27276311520434
358012 512 0 27276311798763
358524 512 0 27276312077092
359036 512 0 27276312355421
359548 512 0 27276312633751
360060 512 0 27276312911921
360572 512 0 27276313190249
361084 512 0 27276313468578
361596 512 0 27276313746907
362108 512 0 27276314025236
362620 512 0 27276314303565
363132 512 0 27276314581893
363644 512 0 27276314860222
364156 512 0 27276315138551
364668 512 0 27276315416880
365180 512 0 27276315695209
365692 512 0 27276315973537
366204 512 0 27276316251866
366716 512 0 27276316530195
367228 512 0 27276316808524
367740 512 0 27276317086853
368252 512 0 27276317365181
368764 512 0 27276317643510
369276 512 0 27276317921839
369788 512 0 27276318200168
370300 512 0 27276318478497
370812 512 0 27276318756825
371324 512 0 27276319035154
371836 512 0 27276319313483
372348 512 0 27276319591812
372860 512 0 27276319870141
373372 512 0 27276320148469
373884 512 0 27276320426798
374396 512 0 27276320705127
374908 512 0 27276320983456
375420 512 0 27276321261785
375932 512 0 27276321540113
376444 512 0 27276321818287
376956 512 0 27276322096615
377468 512 0 27276322374943
377980 512 0 27276322653272
378492 512 0 27276322931600
379004 512 0 27276323209928
379516 512 0 27276323488257
380028 512 0 27276323766585
380540 512 0 27276324044914
381052 512 0 27276324323242
381564 512 0 27276324601570
382076 512 0 27276324879899
382588 512 0 27276325158227
383100 512 0 27276325436555
383612 512 0 27276325714884
384124 512 0 27276325993212
384636 512 0 27276326271540
385148 512 0 27276326549869
385660 512 0 27276326828197
386172 512 0 27276327106525
386684 512 0 27276327384854
387196 512 0 27276327663182
387708 512 0 27276327941511
388220 512 0 27276328219839
388732 512 0 27276328498167
389244 512 0 27276328776496
389756 512 0 27276329054824
390268 512 0 27276329333152
390780 512 0 27276329611481
391292 512 0 27276329889809
391804 512 0 27276330168137
392316 512 0 27276330446466
392828 512 0 27276330724635
393340 512 0 27276331002962
393852 512 0 27276331281290
394364 512 0 27276331559618
394876 512 0 27276331837946
395388 512 0 27276332116274
395900 512 0 27276332394602
396412 512 0 27276332672930
396924 512 0 27276332951258
397436 512 0 27276333229586
397948 512 0 27276333507914
398460 512 0 27276333786241
398972 512 0 27276334064569
399484 512 0 27276334342897
399996 512 0 27276334621225
400508 512 0 27276334899553
401020 512 0 27276335177881
401532 512 0 27276335456209
402044 512 0 27276335734537
402556 512 0 27276336012865
403068 512 0 27276336291193
403580 512 0 27276336569520
404092 512 0 27276336847848
404604 512 0 27276337126176
405116 512 0 27276337404504
405628 512 0 27276337682832
406140 512 0 27276337961160
406652 512 0 27276338239488
407164 512 0 27276338517816
407676 512 0 27276338796144
408188 512 0 27276339074472
408700 512 0 27276339352799
409212 512 0 27276339630998
409724 512 0 27276339909326
410236 512 0 27276340187653
410748 512 0 27276340465981
411260 512 0 27276340744308
411772 512 0 27276341022636
412284 512 0 27276341300963
412796 512 0 27276341579291
413308 512 0 27276341857618
413820 512 0 27276342135946
414332 512 0 27276342414273
414844 512 0 27276342692601
415356 512 0 27276342970928
415868 512 0 27276343249256
416380 512 0 27276343527583
416892 512 0 27276343805911
417404 512 0 27276344084239
417916 512 0 27276344362566
418428 512 0 27276344640894
418940 512 0 27276344919221
419452 512 0 27276345197549
419964 512 0 27276345475876
420476 512 0 27276345754204
420988 512 0 27276346032531
421500 512 0 27276346310859
422012 512 0 27276346589186
422524 512 0 27276346867514
423036 512 0 27276347145841
423548 512 0 27276347424169
424060 512 0 27276347702496
424572 512 0 27276347980824
425084 512 0 27276348259152
425596 512 0 27276348537359
426108 512 0 27276348815687
426620 512 0 27276349094014
427132 512 0 27276349372341
427644 512 0 27276349650668
428156 512 0 27276349928995
428668 512 0 27276350207323
429180 512 0 27276350485650
429692 512 0 27276350763977
430204 512 0 27276351042304
430716 512 0 27276351320631
431228 512 0 27276351598958
431740 512 0 27276351877286
432252 512 0 27276352155613
432764 512 0 27276352433940
433276 512 0 27276352712267
433788 512 0 27276352990594
434300 512 0 27276353268922
434812 512 0 27276353547249
435324 512 0 27276353825576
435836 512 0 27276354103903
436348 512 0 27276354382230
436860 512 0 27276354660558
437372 512 0 27276354938885
437884 512 0 27276355217212
438396 512 0 27276355495539
438908 512 0 27276355773866
439420 512 0 27276356052194
439932 512 0 27276356330521
440444 512 0 27276356608848
440956 512 0 27276356887175
441468 512 0 27276357165502
441980 512 0 27276357443710
442492 512 0 27276357722037
443004 512 0 27276358000363
443516 512 0 27276358278690
444028 512 0 27276358557017
444540 512 0 27276358835344
445052 512 0 27276359113671
445564 512 0 27276359391998
446076 512 0 27276359670325
446588 512 0 27276359948651
447100 512 0 27276360226978
447612 512 0 27276360505305
448124 512 0 27276360783632
448636 512 0 27276361061959
449148 512 0 27276361340286
449660 512 0 27276361618612
450172 512 0 27276361896939
450684 512 0 27276362175266
451196 512 0 27276362453593
451708 512 0 27276362731920
452220 512 0 27276363010247
452732 512 0 27276363288574
453244 512 0 27276363566900
453756 512 0 27276363845227
454268 512 0 27276364123554
454780 512 0 27276364401881
455292 512 0 27276364680208
455804 512 0 27276364958535
456316 512 0 27276365236862
456828 512 0 27276365515188
457340 512 0 27276365793515
457852 512 0 27276366071842
458364 512 0 27276366350063
458876 512 0 27276366628390
459388 512 0 27276366906716
459900 512 0 27276367185043
460412 512 0 27276367463370
460924 512 0 27276367741696
461436 512 0 27276368020023
461948 512 0 27276368298349
462460 512 0 27276368576676
462972 512 0 27276368855002
463484 512 0 27276369133329
463996 512 0 27276369411655
464508 512 0 27276369689982
465020 512 0 27276369968308
465532 512 0 27276370246635
466044 512 0 27276370524962
466556 512 0 27276370803288
467068 512 0 27276371081615
467580 512 0 27276371359941
468092 512 0 27276371638268
468604 512 0 27276371916594
469116 512 0 27276372194921
469628 512 0 27276372473247
470140 512 0 27276372751574
470652 512 0 27276373029901
471164 512 0 27276373308227
471676 512 0 27276373586554
472188 512 0 27276373864880
472700 512 0 27276374143207
473212 512 0 27276374421533
473724 512 0 27276374699860
474236 512 0 27276374978186
474748 512 0 27276375256416
475260 512 0 27276375534742
475772 512 0 27276375813068
476284 512 0 27276376091394
476796 512 0 27276376369721
477308 512 0 27276376648047
477820 512 0 27276376926373
478332 512 0 27276377204700
478844 512 0 27276377483026
479356 512 0 27276377761352
479868 512 0 27276378039678
480380 512 0 27276378318005
480892 512 0 27276378596331
481404 512 0 27276378874657
481916 512 0 27276379152983
482428 512 0 27276379431310
482940 512 0 27276379709636
483452 512 0 27276379987962
483964 512 0 27276380266289
484476 512 0 27276380544615
484988 512 0 27276380822941
485500 512 0 27276381101267
486012 512 0 27276381379594
486524 512 0 27276381657920
487036 512 0 27276381936246
487548 512 0 27276382214572
488060 512 0 27276382492899
488572 512 0 27276382771225
489084 512 0 27276383049551
489596 512 0 27276383327878
490108 512 0 27276383606204
490620 512 0 27276383884530
491132 512 0 27276384162767
491644 512 0 27276384441093
492156 512 0 27276384719419
492668 512 0 27276384997745
493180 512 0 27276385276071
493692 512 0 27276385554397
494204 512 0 27276385832723
494716 512 0 27276386111049
495228 512 0 27276386389375
495740 512 0 27276386667701
496252 512 0 27276386946027
496764 512 0 27276387224353
497276 512 0 27276387502679
497788 512 0 27276387781005
498300 512 0 27276388059331
498812 512 0 27276388337657
499324 512 0 27276388615983
499836 512 0 27276388894309
500348 512 0 27276389172635
500860 512 0 27276389450961
501372 512 0 27276389729287
501884 512 0 27276390007613
502396 512 0 27276390285939
502908 512 0 27276390564265
503420 512 0 27276390842591
503932 512 0 27276391120917
504444 512 0 27276391399243
504956 512 0 27276391677569
505468 512 0 27276391955895
505980 512 0 27276392234221
506492 512 0 27276392512547
507004 512 0 27276392790873
507516 512 0 27276393069121
508028 512 0 27276393347446
508540 512 0 27276393625772
509052 512 0 27276393904098
509564 512 0 27276394182424
510076 512 0 27276394460750
510588 512 0 27276394739075
511100 512 0 27276395017401
511612 512 0 27276395295727
512124 512 0 27276395574053
512636 512 0 27276395852379
513148 512 0 27276396130704
513660 512 0 27276396409030
514172 512 0 27276396687356
514684 512 0 27276396965682
515196 512 0 27276397244008
515708 512 0 27276397522333
516220 512 0 27276397800659
516732 512 0 27276398078985
517244 512 0 27276398357311
517756 512 0 27276398635637
518268 512 0 27276398913962
518780 512 0 27276399192288
519292 512 0 27276399470614
519804 512 0 27276399748940
520316 512 0 27276400027266
520828 512 0 27276400305591
521340 512 0 27276400583917
521852 512 0 27276400862243
522364 512 0 27276401140569
522876 512 0 27276401418895
523388 512 0 27276401697220
523900 512 0 27276401975473
524412 512 0 27276402253799
524924 512 0 27276402532124
525436 512 0 27276402810450
525948 512 0 27276403088776
526460 512 0 27276403367101
526972 512 0 27276403645427
527484 512 0 27276403923752
527996 512 0 27276404202078
528508 512 0 27276404480403
529020 512 0 27276404758729
529532 512 0 27276405037055
530044 512 0 27276405315380
530556 512 0 27276405593706
531068 512 0 27276405872031
531580 512 0 27276406150357
532092 512 0 27276406428683
532604 512 0 27276406707008
533116 512 0 27276406985334
533628 512 0 27276407263659
534140 512 0 27276407541985
534652 512 0 27276407820311
535164 512 0 27276408098636
535676 512 0 27276408376962
536188 512 0 27276408655287
536700 512 0 27276408933613
537212 512 0 27276409211938
537724 512 0 27276409490264
538236 512 0 27276409768590
538748 512 0 27276410046915
539260 512 0 27276410325241
539772 512 0 27276410603566
540284 512 0 27276410881816
540796 512 0 27276411160142
541308 512 0 27276411438467
541820 512 0 27276411716793
542332 512 0 27276411995118
542844 512 0 27276412273443
543356 512 0 27276412551769
543868 512 0 27276412830094
544380 512 0 27276413108419
544892 512 0 27276413386745
545404 512 0 27276413665070
545916 512 0 27276413943396
546428 512 0 27276414221721
546940 512 0 27276414500046
547452 512 0 27276414778372
547964 512 0 27276415056697
548476 512 0 27276415335022
548988 512 0 27276415613348
549500 512 0 27276415891673
550012 512 0 27276416169999
550524 512 0 27276416448324
551036 512 0 27276416726649
551548 512 0 27276417004975
552060 512 0 27276417283300
552572 512 0 27276417561625
553084 512 0 27276417839951
553596 512 0 27276418118276
554108 512 0 27276418396602
554620 512 0 27276418674927
555132 512 0 27276418953252
555644 512 0 27276419231578
556156 512 0 27276419509903
556668 512 0 27276419788151
557180 512 0 27276420066476
557692 512 0 27276420344801
558204 512 0 27276420623126
558716 512 0 27276420901451
559228 512 0 27276421179776
559740 512 0 27276421458101
560252 512 0 27276421736427
560764 512 0 27276422014752
561276 512 0 27276422293077
561788 512 0 27276422571402
562300 512 0 27276422849727
562812 512 0 27276423128052
563324 512 0 27276423406378
563836 512 0 27276423684703
564348 512 0 27276423963028
564860 512 0 27276424241353
565372 512 0 27276424519678
565884 512 0 27276424798003
566396 512 0 27276425076328
566908 512 0 27276425354654
567420 512 0 27276425632979
567932 512 0 27276425911304
568444 512 0 27276426189629
568956 512 0 27276426467954
569468 512 0 27276426746279
569980 512 0 27276427024604
570492 512 0 27276427302930
571004 512 0 27276427581255
571516 512 0 27276427859580
572028 512 0 27276428137905
572540 512 0 27276428416230
573052 512 0 27276428694474
573564 512 0 27276428972799
574076 512 0 27276429251124
574588 512 0 27276429529449
575100 512 0 27276429807774
575612 512 0 27276430086099
576124 512 0 27276430364424
576636 512 0 27276430642749
577148 512 0 27276430921074
577660 512 0 27276431199399
578172 512 0 27276431477724
578684 512 0 27276431756048
579196 512 0 27276432034373
579708 512 0 27276432312698
580220 512 0 27276432591023
580732 512 0 27276432869348
581244 512 0 27276433147673
581756 512 0 27276433425998
582268 512 0 27276433704323
582780 512 0 27276433982648
583292 512 0 27276434260973
583804 512 0 27276434539298
584316 512 0 27276434817623
584828 512 0 27276435095947
585340 512 0 27276435374272
585852 512 0 27276435652597
586364 512 0 27276435930922
586876 512 0 27276436209247
587388 512 0 27276436487572
587900 512 0 27276436765897
588412 512 0 27276437044222
588924 512 0 27276437322547
589436 512 0 27276437600790
589948 512 0 27276437879115
590460 512 0 27276438157439
590972 512 0 27276438435764
591484 512 0 27276438714089
591996 512 0 27276438992414
592508 512 0 27276439270738
593020 512 0 27276439549063
593532 512 0 27276439827388
594044 512 0 27276440105712
594556 512 0 27276440384037
595068 512 0 27276440662362
595580 512 0 27276440940686
596092 512 0 27276441219011
596604 512 0 27276441497336
597116 512 0 27276441775660
597628 512 0 27276442053985
598140 512 0 27276442332310
598652 512 0 27276442610634
599164 512 0 27276442888959
599676 512 0 27276443167284
600188 512 0 27276443445609
600700 512 0 27276443723933
601212 512 0 27276444002258
601724 512 0 27276444280583
602236 512 0 27276444558907
602748 512 0 27276444837232
603260 512 0 27276445115557
603772 512 0 27276445393881
604284 512 0 27276445672206
604796 512 0 27276445950531
605308 512 0 27276446228855
605820 512 0 27276446507132
606332 512 0 27276446785456
606844 512 0 27276447063781
607356 512 0 27276447342105
607868 512 0 27276447620430
608380 512 0 27276447898755
608892 512 0 27276448177079
609404 512 0 27276448455404
609916 512 0 27276448733728
610428 512 0 27276449012053
610940 512 0 27276449290377
611452 512 0 27276449568702
611964 512 0 27276449847026
612476 512 0 27276450125351
612988 512 0 27276450403675
613500 512 0 27276450682000
614012 512 0 27276450960325
614524 512 0 27276451238649
615036 512 0 27276451516974
615548 512 0 27276451795298
616060 512 0 27276452073623
616572 512 0 27276452351947
617084 512 0 27276452630272
617596 512 0 27276452908596
618108 512 0 27276453186921
618620 512 0 27276453465246
619132 512 0 27276453743570
619644 512 0 27276454021895
620156 512 0 27276454300219
620668 512 0 27276454578544
621180 512 0 27276454856868
621692 512 0 27276455135193
622204 512 0 27276455413509
622716 512 0 27276455691834
623228 512 0 27276455970158
623740 512 0 27276456248483
624252 512 0 27276456526807
624764 512 0 27276456805132
625276 512 0 27276457083456
625788 512 0 27276457361781
626300 512 0 27276457640105
626812 512 0 27276457918430
627324 512 0 27276458196754
627836 512 0 27276458475079
628348 512 0 27276458753403
628860 512 0 27276459031728
629372 512 0 27276459310052
629884 512 0 27276459588377
630396 512 0 27276459866701
630908 512 0 27276460145026
631420 512 0 27276460423351
631932 512 0 27276460701675
632444 512 0 27276460980000
632956 512 0 27276461258324
633468 512 0 27276461536649
633980 512 0 27276461814973
634492 512 0 27276462093298
635004 512 0 27276462371622
635516 512 0 27276462649947
636028 512 0 27276462928271
636540 512 0 27276463206596
637052 512 0 27276463484920
637564 512 0 27276463763245
638076 512 0 27276464041569
638588 512 0 27276464319885
639100 512 0 27276464598210
639612 512 0 27276464876534
640124 512 0 27276465154859
640636 512 0 27276465433183
641148 512 0 27276465711508
641660 512 0 27276465989832
642172 512 0 27276466268157
642684 512 0 27276466546481
643196 512 0 27276466824806
643708 512 0 27276467103130
644220 512 0 27276467381455
644732 512 0 27276467659779
645244 512 0 27276467938104
645756 512 0 27276468216428
646268 512 0 27276468494753
646780 512 0 27276468773077
647292 512 0 27276469051402
647804 512 0 27276469329726
648316 512 0 27276469608051
648828 512 0 27276469886375
649340 512 0 27276470164700
649852 512 0 27276470443024
650364 512 0 27276470721349
650876 512 0 27276470999673
651388 512 0 27276471277998
651900 512 0 27276471556322
652412 512 0 27276471834647
652924 512 0 27276472112971
653436 512 0 27276472391296
653948 512 0 27276472669620
654460 512 0 27276472947945
654972 512 0 27276473226255
655484 512 0 27276473504579
655996 512 0 27276473782904
656508 512 0 27276474061228
657020 512 0 27276474339553
657532 512 0 27276474617877
658044 512 0 27276474896202
658556 512 0 27276475174526
659068 512 0 27276475452851
659580 512 0 27276475731175
660092 512 0 27276476009500
660604 512 0 27276476287824
661116 512 0 27276476566149
661628 512 0 27276476844473
662140 512 0 27276477122797
662652 512 0 27276477401122
663164 512 0 27276477679446
663676 512 0 27276477957771
664188 512 0 27276478236095
664700 512 0 27276478514420
665212 512 0 27276478792744
665724 512 0 27276479071069
666236 512 0 27276479349393
666748 512 0 27276479627718
667260 512 0 27276479906042
667772 512 0 27276480184367
668284 512 0 27276480462691
668796 512 0 27276480741015
669308 512 0 27276481019340
669820 512 0 27276481297664
670332 512 0 27276481575989
670844 512 0 27276481854313
671356 512 0 27276482132618
671868 512 0 27276482410943
672380 512 0 27276482689267
672892 512 0 27276482967591
673404 512 0 27276483245916
673916 512 0 27276483524240
674428 512 0 27276483802565
674940 512 0 27276484080889
675452 512 0 27276484359214
675964 512 0 27276484637538
676476 512 0 27276484915862
676988 512 0 27276485194187
677500 512 0 27276485472511
678012 512 0 27276485750836
678524 512 0 27276486029160
679036 512 0 27276486307484
679548 512 0 27276486585809
680060 512 0 27276486864133
680572 512 0 27276487142458
681084 512 0 27276487420782
681596 512 0 27276487699106
682108 512 0 27276487977431
682620 512 0 27276488255755
683132 512 0 27276488534080
683644 512 0 27276488812404
684156 512 0 27276489090728
684668 512 0 27276489369053
685180 512 0 27276489647377
685692 512 0 27276489925702
686204 512 0 27276490204026
686716 512 0 27276490482350
687228 512 0 27276490760675
687740 512 0 27276491038977
688252 512 0 27276491317302
688764 512 0 27276491595626
689276 512 0 27276491873950
689788 512 0 27276492152275
690300 512 0 27276492430599
690812 512 0 27276492708923
691324 512 0 27276492987248
691836 512 0 27276493265572
692348 512 0 27276493543896
692860 512 0 27276493822221
693372 512 0 27276494100545
693884 512 0 27276494378869
694396 512 0 27276494657194
694908 512 0 27276494935518
695420 512 0 27276495213842
695932 512 0 27276495492167
696444 512 0 27276495770491
696956 512 0 27276496048815
697468 512 0 27276496327140
697980 512 0 27276496605464
698492 512 0 27276496883789
699004 512 0 27276497162113
699516 512 0 27276497440437
700028 512 0 27276497718762
700540 512 0 27276497997086
701052 512 0 27276498275410
701564 512 0 27276498553735
702076 512 0 27276498832059
702588 512 0 27276499110383
703100 512 0 27276499388708
703612 512 0 27276499667032
704124 512 0 27276499945333
704636 512 0 27276500223658
705148 512 0 27276500501982
705660 512 0 27276500780306
706172 512 0 27276501058630
706684 512 0 27276501336955
707196 512 0 27276501615279
707708 512 0 27276501893603
708220 512 0 27276502171927
708732 512 0 27276502450252
709244 512 0 27276502728576
709756 512 0 27276503006900
710268 512 0 27276503285225
710780 512 0 27276503563549
711292 512 0 27276503841873
711804 512 0 27276504120197
712316 512 0 27276504398522
712828 512 0 27276504676846
713340 512 0 27276504955170
713852 512 0 27276505233495
714364 512 0 27276505511819
714876 512 0 27276505790143
715388 512 0 27276506068467
715900 512 0 27276506346792
716412 512 0 27276506625116
716924 512 0 27276506903440
717436 512 0 27276507181764
717948 512 0 27276507460089
718460 512 0 27276507738413
718972 512 0 27276508016737
719484 512 0 27276508295062
719996 512 0 27276508573386
720508 512 0 27276508851685
721020 512 0 27276509130009
721532 512 0 27276509408333
722044 512 0 27276509686658
722556 512 0 27276509964982
723068 512 0 27276510243306
723580 512 0 27276510521630
724092 512 0 27276510799954
724604 512 0 27276511078279
725116 512 0 27276511356603
725628 512 0 27276511634927
726140 512 0 27276511913251
726652 512 0 27276512191575
727164 512 0 27276512469900
727676 512 0 27276512748224
728188 512 0 27276513026548
728700 512 0 27276513304872
729212 512 0 27276513583197
729724 512 0 27276513861521
730236 512 0 27276514139845
730748 512 0 27276514418169
731260 512 0 27276514696493
731772 512 0 27276514974818
732284 512 0 27276515253142
732796 512 0 27276515531466
733308 512 0 27276515809790
733820 512 0 27276516088114
734332 512 0 27276516366439
734844 512 0 27276516644763
735356 512 0 27276516923087
735868 512 0 27276517201411
736380 512 0 27276517479735
736892 512 0 27276517758032
737404 512 0 27276518036356
737916 512 0 27276518314680
738428 512 0 27276518593004
738940 512 0 27276518871328
739452 512 0 27276519149652
739964 512 0 27276519427976
740476 512 0 27276519706300
740988 512 0 27276519984625
741500 512 0 27276520262949
742012 512 0 27276520541273
742524 512 0 27276520819597
743036 512 0 27276521097921
743548 512 0 27276521376245
744060 512 0 27276521654569
744572 512 0 27276521932893
745084 512 0 27276522211218
745596 512 0 27276522489542
746108 512 0 27276522767866
746620 512 0 27276523046190
747132 512 0 27276523324514
747644 512 0 27276523602838
748156 512 0 27276523881162
748668 512 0 27276524159486
749180 512 0 27276524437811
749692 512 0 27276524716135
750204 512 0 27276524994459
750716 512 0 27276525272783
751228 512 0 27276525551107
751740 512 0 27276525829431
752252 512 0 27276526107755
752764 512 0 27276526386079
753276 512 0 27276526664366
753788 512 0 27276526942690
754300 512 0 27276527221014
754812 512 0 27276527499338
755324 512 0 27276527777662
755836 512 0 27276528055986
756348 512 0 27276528334310
756860 512 0 27276528612634
757372 512 0 27276528890958
757884 512 0 27276529169282
758396 512 0 27276529447606
758908 512 0 27276529725930
759420 512 0 27276530004254
759932 512 0 27276530282578
760444 512 0 27276530560902
760956 512 0 27276530839227
761468 512 0 27276531117551
761980 512 0 27276531395875
762492 512 0 27276531674199
763004 512 0 27276531952523
763516 512 0 27276532230847
764028 512 0 27276532509171
764540 512 0 27276532787495
765052 512 0 27276533065819
765564 512 0 27276533344143
766076 512 0 27276533622467
766588 512 0 27276533900791
767100 512 0 27276534179115
767612 512 0 27276534457439
768124 512 0 27276534735763
768636 512 0 27276535014087
769148 512 0 27276535292411
769660 512 0 27276535570694
770172 512 0 27276535849017
770684 512 0 27276536127341
771196 512 0 27276536405665
771708 512 0 27276536683989
772220 512 0 27276536962313
772732 512 0 27276537240637
773244 512 0 27276537518961
773756 512 0 27276537797285
774268 512 0 27276538075609
774780 512 0 27276538353933
775292 512 0 27276538632256
775804 512 0 27276538910580
776316 512 0 27276539188904
776828 512 0 27276539467228
777340 512 0 27276539745552
777852 512 0 27276540023876
778364 512 0 27276540302200
778876 512 0 27276540580524
779388 512 0 27276540858848
779900 512 0 27276541137172
780412 512 0 27276541415495
780924 512 0 27276541693819
781436 512 0 27276541972143
781948 512 0 27276542250467
782460 512 0 27276542528791
782972 512 0 27276542807115
783484 512 0 27276543085439
783996 512 0 27276543363763
784508 512 0 27276543642087
785020 512 0 27276543920411
785532 512 0 27276544198734
786044 512 0 27276544477012
786556 512 0 27276544755336
787068 512 0 27276545033660
787580 512 0 27276545311984
788092 512 0 27276545590308
788604 512 0 27276545868631
789116 512 0 27276546146955
789628 512 0 27276546425279
790140 512 0 27276546703603
790652 512 0 27276546981926
791164 512 0 27276547260250
791676 512 0 27276547538574
792188 512 0 27276547816898
792700 512 0 27276548095221
793212 512 0 27276548373545
793724 512 0 27276548651869
794236 512 0 27276548930193
794748 512 0 27276549208517
795260 512 0 27276549486840
795772 512 0 27276549765164
796284 512 0 27276550043488
796796 512 0 27276550321812
797308 512 0 27276550600135
797820 512 0 27276550878459
798332 512 0 27276551156783
798844 512 0 27276551435107
799356 512 0 27276551713430
799868 512 0 27276551991754
800380 512 0 27276552270078
800892 512 0 27276552548402
801404 512 0 27276552826726
801916 512 0 27276553105049
802428 512 0 27276553383335
802940 512 0 27276553661659
803452 512 0 27276553939982
803964 512 0 27276554218306
804476 512 0 27276554496630
804988 512 0 27276554774953
805500 512 0 27276555053277
806012 512 0 27276555331601
806524 512 0 27276555609924
807036 512 0 27276555888248
807548 512 0 27276556166572
808060 512 0 27276556444895
808572 512 0 27276556723219
809084 512 0 27276557001543
809596 512 0 27276557279866
810108 512 0 27276557558190
810620 512 0 27276557836514
811132 512 0 27276558114837
811644 512 0 27276558393161
812156 512 0 27276558671485
812668 512 0 27276558949808
813180 512 0 27276559228132
813692 512 0 27276559506456
814204 512 0 27276559784779
814716 512 0 27276560063103
815228 512 0 27276560341427
815740 512 0 27276560619750
816252 512 0 27276560898074
816764 512 0 27276561176398
817276 512 0 27276561454721
817788 512 0 27276561733045
818300 512 0 27276562011369
818812 512 0 27276562289710
819324 512 0 27276562568033
819836 512 0 27276562846357
820348 512 0 27276563124681
820860 512 0 27276563403004
821372 512 0 27276563681328
821884 512 0 27276563959652
822396 512 0 27276564237976
822908 512 0 27276564516299
823420 512 0 27276564794623
823932 512 0 27276565072947
824444 512 0 27276565351270
824956 512 0 27276565629594
825468 512 0 27276565907918
825980 512 0 27276566186242
826492 512 0 27276566464565
827004 512 0 27276566742889
827516 512 0 27276567021213
828028 512 0 27276567299536
828540 512 0 27276567577860
829052 512 0 27276567856184
829564 512 0 27276568134508
830076 512 0 27276568412831
830588 512 0 27276568691155
831100 512 0 27276568969479
831612 512 0 27276569247802
832124 512 0 27276569526126
832636 512 0 27276569804450
833148 512 0 27276570082774
833660 512 0 27276570361097
834172 512 0 27276570639421
834684 512 0 27276570917745
835196 512 0 27276571196087
835708 512 0 27276571474411
836220 512 0 27276571752735
836732 512 0 27276572031059
837244 512 0 27276572309382
837756 512 0 27276572587706
838268 512 0 27276572866030
838780 512 0 27276573144354
839292 512 0 27276573422677
839804 512 0 27276573701001
840316 512 0 27276573979325
840828 512 0 27276574257649
841340 512 0 27276574535972
841852 512 0 27276574814296
842364 512 0 27276575092620
842876 512 0 27276575370944
843388 512 0 27276575649268
843900 512 0 27276575927591
844412 512 0 27276576205915
844924 512 0 27276576484239
845436 512 0 27276576762563
845948 512 0 27276577040886
846460 512 0 27276577319210
846972 512 0 27276577597534
847484 512 0 27276577875858
847996 512 0 27276578154181
848508 512 0 27276578432505
849020 512 0 27276578710829
849532 512 0 27276578989153
850044 512 0 27276579267476
850556 512 0 27276579545800
851068 512 0 27276579824124
851580 512 0 27276580102459
852092 512 0 27276580380783
852604 512 0 27276580659107
853116 512 0 27276580937431
853628 512 0 27276581215755
854140 512 0 27276581494078
854652 512 0 27276581772402
855164 512 0 27276582050726
855676 512 0 27276582329050
856188 512 0 27276582607373
856700 512 0 27276582885697
857212 512 0 27276583164021
857724 512 0 27276583442345
858236 512 0 27276583720669
858748 512 0 27276583998992
859260 512 0 27276584277316
859772 512 0 27276584555640
860284 512 0 27276584833964
860796 512 0 27276585112288
861308 512 0 27276585390611
861820 512 0 27276585668935
862332 512 0 27276585947259
862844 512 0 27276586225583
863356 512 0 27276586503907
863868 512 0 27276586782230
864380 512 0 27276587060554
864892 512 0 27276587338878
865404 512 0 27276587617202
865916 512 0 27276587895526
866428 512 0 27276588173849
866940 512 0 27276588452173
867452 512 0 27276588730497
867964 512 0 27276589008825
868476 512 0 27276589287148
868988 512 0 27276589565472
869500 512 0 27276589843796
870012 512 0 27276590122120
870524 512 0 27276590400444
871036 512 0 27276590678767
871548 512 0 27276590957091
872060 512 0 27276591235415
872572 512 0 27276591513739
873084 512 0 27276591792063
873596 512 0 27276592070387
874108 512 0 27276592348710
874620 512 0 27276592627034
875132 512 0 27276592905358
875644 512 0 27276593183682
876156 512 0 27276593462006
876668 512 0 27276593740329
877180 512 0 27276594018653
877692 512 0 27276594296977
878204 512 0 27276594575301
878716 512 0 27276594853625
879228 512 0 27276595131948
879740 512 0 27276595410272
880252 512 0 27276595688596
880764 512 0 27276595966920
881276 512 0 27276596245244
881788 512 0 27276596523567
882300 512 0 27276596801891
882812 512 0 27276597080215
883324 512 0 27276597358539
883836 512 0 27276597636863
884348 512 0 27276597915181
884860 512 0 27276598193505
885372 512 0 27276598471829
885884 512 0 27276598750153
886396 512 0 27276599028476
886908 512 0 27276599306800
887420 512 0 27276599585124
887932 512 0 27276599863448
888444 512 0 27276600141772
888956 512 0 27276600420095
889468 512 0 27276600698419
889980 512 0 27276600976743
890492 512 0 27276601255067
891004 512 0 27276601533390
891516 512 0 27276601811714
892028 512 0 27276602090038
892540 512 0 27276602368362
893052 512 0 27276602646686
893564 512 0 27276602925009
894076 512 0 27276603203333
894588 512 0 27276603481657
895100 512 0 27276603759981
895612 512 0 27276604038305
896124 512 0 27276604316628
896636 512 0 27276604594952
897148 512 0 27276604873276
897660 512 0 27276605151600
898172 512 0 27276605429924
898684 512 0 27276605708247
899196 512 0 27276605986571
899708 512 0 27276606264895
900220 512 0 27276606543219
900732 512 0 27276606821540
901244 512 0 27276607099864
901756 512 0 27276607378188
902268 512 0 27276607656511
902780 512 0 27276607934835
903292 512 0 27276608213159
903804 512 0 27276608491483
904316 512 0 27276608769806
904828 512 0 27276609048130
905340 512 0 27276609326454
905852 512 0 27276609604778
906364 512 0 27276609883102
906876 512 0 27276610161425
907388 512 0 27276610439749
907900 512 0 27276610718073
908412 512 0 27276610996397
908924 512 0 27276611274721
909436 512 0 27276611553044
909948 512 0 27276611831368
910460 512 0 27276612109692
910972 512 0 27276612388016
911484 512 0 27276612666339
911996 512 0 27276612944663
912508 512 0 27276613222987
913020 512 0 27276613501311
913532 512 0 27276613779635
914044 512 0 27276614057958
914556 512 0 27276614336282
915068 512 0 27276614614606
915580 512 0 27276614892930
916092 512 0 27276615171254
916604 512 0 27276615449577
917116 512 0 27276615727897
917628 512 0 27276616006220
918140 512 0 27276616284544
918652 512 0 27276616562868
919164 512 0 27276616841192
919676 512 0 27276617119515
920188 512 0 27276617397839
920700 512 0 27276617676163
921212 512 0 27276617954487
921724 512 0 27276618232810
922236 512 0 27276618511134
922748 512 0 27276618789458
923260 512 0 27276619067782
923772 512 0 27276619346106
924284 512 0 27276619624429
924796 512 0 27276619902753
925308 512 0 27276620181077
925820 512 0 27276620459401
926332 512 0 27276620737724
926844 512 0 27276621016048
927356 512 0 27276621294372
927868 512 0 27276621572696
928380 512 0 27276621851020
928892 512 0 27276622129343
929404 512 0 27276622407667
929916 512 0 27276622685991
930428 512 0 27276622964315
930940 512 0 27276623242638
931452 512 0 27276623520962
931964 512 0 27276623799286
932476 512 0 27276624077610
932988 512 0 27276624355934
933500 512 0 27276624634249
934012 512 0 27276624912573
934524 512 0 27276625190896
935036 512 0 27276625469220
935548 512 0 27276625747544
936060 512 0 27276626025868
936572 512 0 27276626304191
937084 512 0 27276626582515
937596 512 0 27276626860839
938108 512 0 27276627139163
938620 512 0 27276627417486
939132 512 0 27276627695810
939644 512 0 27276627974134
940156 512 0 27276628252458
940668 512 0 27276628530781
941180 512 0 27276628809105
941692 512 0 27276629087429
942204 512 0 27276629365753
942716 512 0 27276629644076
943228 512 0 27276629922400
943740 512 0 27276630200724
944252 512 0 27276630479047
944764 512 0 27276630757371
945276 512 0 27276631035695
945788 512 0 27276631314019
946300 512 0 27276631592342
946812 512 0 27276631870666
947324 512 0 27276632148990
947836 512 0 27276632427314
948348 512 0 27276632705637
948860 512 0 27276632983961
949372 512 0 27276633262285
949884 512 0 27276633540587
950396 512 0 27276633818910
950908 512 0 27276634097234
951420 512 0 27276634375558
951932 512 0 27276634653882
952444 512 0 27276634932205
952956 512 0 27276635210529
953468 512 0 27276635488853
953980 512 0 27276635767176
954492 512 0 27276636045500
955004 512 0 27276636323824
955516 512 0 27276636602147
956028 512 0 27276636880471
956540 512 0 27276637158795
957052 512 0 27276637437118
957564 512 0 27276637715442
958076 512 0 27276637993766
958588 512 0 27276638272089
959100 512 0 27276638550413
959612 512 0 27276638828737
960124 512 0 27276639107061
960636 512 0 27276639385384
961148 512 0 27276639663708
961660 512 0 27276639942032
962172 512 0 27276640220355
962684 512 0 27276640498679
963196 512 0 27276640777003
963708 512 0 27276641055326
964220 512 0 27276641333650
964732 512 0 27276641611974
965244 512 0 27276641890297
965756 512 0 27276642168621
966268 512 0 27276642446915
966780 512 0 27276642725239
967292 512 0 27276643003562
967804 512 0 27276643281886
968316 512 0 27276643560210
968828 512 0 27276643838533
969340 512 0 27276644116857
969852 512 0 27276644395180
970364 512 0 27276644673504
970876 512 0 27276644951828
971388 512 0 27276645230151
971900 512 0 27276645508475
972412 512 0 27276645786798
972924 512 0 27276646065122
973436 512 0 27276646343446
973948 512 0 27276646621769
974460 512 0 27276646900093
974972 512 0 27276647178416
975484 512 0 27276647456740
975996 512 0 27276647735064
976508 512 0 27276648013387
977020 512 0 27276648291711
977532 512 0 27276648570034
978044 512 0 27276648848358
978556 512 0 27276649126682
979068 512 0 27276649405005
979580 512 0 27276649683329
980092 512 0 27276649961652
980604 512 0 27276650239976
981116 512 0 27276650518300
981628 512 0 27276650796623
982140 512 0 27276651074947
982652 512 0 27276651353235
983164 512 0 27276651631559
983676 512 0 27276651909882
984188 512 0 27276652188206
984700 512 0 27276652466529
985212 512 0 27276652744853
985724 512 0 27276653023176
986236 512 0 27276653301500
986748 512 0 27276653579823
987260 512 0 27276653858147
987772 512 0 27276654136470
988284 512 0 27276654414794
988796 512 0 27276654693117
989308 512 0 27276654971441
989820 512 0 27276655249764
990332 512 0 27276655528088
990844 512 0 27276655806411
991356 512 0 27276656084735
991868 512 0 27276656363058
992380 512 0 27276656641382
992892 512 0 27276656919705
993404 512 0 27276657198029
993916 512 0 27276657476352
994428 512 0 27276657754676
994940 512 0 27276658032999
995452 512 0 27276658311323
995964 512 0 27276658589646
996476 512 0 27276658867970
996988 512 0 27276659146293
997500 512 0 27276659424617
998012 512 0 27276659702940
998524 512 0 27276659981264
999036 512 0 27276660259546
999548 512 0 27276660537870
1000060 512 0 27276660816193
1000572 512 0 27276661094517
1001084 512 0 27276661372840
1001596 512 0 27276661651163
1002108 512 0 27276661929487
1002620 512 0 27276662207810
1003132 512 0 27276662486133
1003644 512 0 27276662764457
1004156 512 0 27276663042780
1004668 512 0 27276663321104
1005180 512 0 27276663599427
1005692 512 0 27276663877750
1006204 512 0 27276664156074
1006716 512 0 27276664434397
1007228 512 0 27276664712721
1007740 512 0 27276664991044
1008252 512 0 27276665269367
1008764 512 0 27276665547691
1009276 512 0 27276665826014
1009788 512 0 27276666104338
1010300 512 0 27276666382661
1010812 512 0 27276666660984
1011324 512 0 27276666939308
1011836 512 0 27276667217631
1012348 512 0 27276667495954
1012860 512 0 27276667774278
1013372 512 0 27276668052601
1013884 512 0 27276668330925
1014396 512 0 27276668609248
1014908 512 0 27276668887571
1015420 512 0 27276669165854
1015932 512 0 27276669444177
1016444 512 0 27276669722500
1016956 512 0 27276670000824
1017468 512 0 27276670279147
1017980 512 0 27276670557470
1018492 512 0 27276670835793
1019004 512 0 27276671114117
1019516 512 0 27276671392440
1020028 512 0 27276671670763
1020540 512 0 27276671949086
1021052 512 0 27276672227410
1021564 512 0 27276672505733
1022076 512 0 27276672784056
1022588 512 0 27276673062380
1023100 512 0 27276673340703
1023612 512 0 27276673619026
1024124 512 0 27276673897349
1024636 512 0 27276674175673
1025148 512 0 27276674453996
1025660 512 0 27276674732319
1026172 512 0 27276675010642
1026684 512 0 27276675288966
1027196 512 0 27276675567289
1027708 512 0 27276675845612
1028220 512 0 27276676123935
1028732 512 0 27276676402259
1029244 512 0 27276676680582
1029756 512 0 27276676958905
1030268 512 0 27276677237229
1030780 512 0 27276677515552
1031292 512 0 27276677793875
1031804 512 0 27276678072157
1032316 512 0 27276678350480
1032828 512 0 27276678628803
1033340 512 0 27276678907127
1033852 512 0 27276679185450
1034364 512 0 27276679463773
1034876 512 0 27276679742096
1035388 512 0 27276680020419
1035900 512 0 27276680298742
1036412 512 0 27276680577065
1036924 512 0 27276680855389
1037436 512 0 27276681133712
1037948 512 0 27276681412035
1038460 512 0 27276681690358
1038972 512 0 27276681968681
1039484 512 0 27276682247004
1039996 512 0 27276682525328
1040508 512 0 27276682803651
1041020 512 0 27276683081974
1041532 512 0 27276683360297
1042044 512 0 27276683638620
1042556 512 0 27276683916943
1043068 512 0 27276684195266
1043580 512 0 27276684473590
1044092 512 0 27276684751913
1044604 512 0 27276685030236
1045116 512 0 27276685308559
1045628 512 0 27276685586882
1046140 512 0 27276685865205
1046652 512 0 27276686143528
1047164 512 0 27276686421852
1047676 512 0 27276686700175
1048188 512 0 27276686978463
1048700 512 0 27276687256786
1049212 512 0 27276687535109
1049724 512 0 27276687813432
1050236 512 0 27276688091755
1050748 512 0 27276688370078
1051260 512 0 27276688648401
1051772 512 0 27276688926724
1052284 512 0 27276689205047
1052796 512 0 27276689483370
1053308 512 0 27276689761694
1053820 512 0 27276690040017
1054332 512 0 27276690318340
1054844 512 0 27276690596663
1055356 512 0 27276690874986
1055868 512 0 27276691153309
1056380 512 0 27276691431632
1056892 512 0 27276691709955
1057404 512 0 27276691988278
1057916 512 0 27276692266601
1058428 512 0 27276692544924
1058940 512 0 27276692823247
1059452 512 0 27276693101570
1059964 512 0 27276693379893
1060476 512 0 27276693658216
1060988 512 0 27276693936539
1061500 512 0 27276694214862
1062012 512 0 27276694493185
1062524 512 0 27276694771508
1063036 512 0 27276695049831
1063548 512 0 27276695328155
1064060 512 0 27276695606478
1064572 512 0 27276695884812
1065084 512 0 27276696163135
1065596 512 0 27276696441458
1066108 512 0 27276696719781
1066620 512 0 27276696998104
1067132 512 0 27276697276427
1067644 512 0 27276697554750
1068156 512 0 27276697833074
1068668 512 0 27276698111397
1069180 512 0 27276698389720
1069692 512 0 27276698668043
1070204 512 0 27276698946366
1070716 512 0 27276699224689
1071228 512 0 27276699503012
1071740 512 0 27276699781335
1072252 512 0 27276700059658
1072764 512 0 27276700337981
1073276 512 0 27276700616304
1073788 512 0 27276700894628
1074300 512 0 27276701172951
1074812 512 0 27276701451274
1075324 512 0 27276701729597
1075836 512 0 27276702007920
1076348 512 0 27276702286243
1076860 512 0 27276702564566
1077372 512 0 27276702842889
1077884 512 0 27276703121212
1078396 512 0 27276703399535
1078908 512 0 27276703677858
1079420 512 0 27276703956181
1079932 512 0 27276704234505
1080444 512 0 27276704512828
1080956 512 0 27276704791164
1081468 512 0 27276705069487
1081980 512 0 27276705347810
1082492 512 0 27276705626134
1083004 512 0 27276705904457
1083516 512 0 27276706182780
1084028 512 0 27276706461103
1084540 512 0 27276706739426
1085052 512 0 27276707017749
1085564 512 0 27276707296072
1086076 512 0 27276707574395
1086588 512 0 27276707852719
1087100 512 0 27276708131042
1087612 512 0 27276708409365
1088124 512 0 27276708687688
1088636 512 0 27276708966011
1089148 512 0 27276709244334
1089660 512 0 27276709522657
1090172 512 0 27276709800980
1090684 512 0 27276710079304
1091196 512 0 27276710357627
1091708 512 0 27276710635950
1092220 512 0 27276710914273
1092732 512 0 27276711192596
1093244 512 0 27276711470919
1093756 512 0 27276711749242
1094268 512 0 27276712027565
1094780 512 0 27276712305889
1095292 512 0 27276712584212
1095804 512 0 27276712862535
1096316 512 0 27276713140858
1096828 512 0 27276713419181
1097340 512 0 27276713697520
1097852 512 0 27276713975843
1098364 512 0 27276714254166
1098876 512 0 27276714532489
1099388 512 0 27276714810812
1099900 512 0 27276715089135
1100412 512 0 27276715367459
1100924 512 0 27276715645782
1101436 512 0 27276715924105
1101948 512 0 27276716202428
1102460 512 0 27276716480751
1102972 512 0 27276716759074
1103484 512 0 27276717037398
1103996 512 0 27276717315721
1104508 512 0 27276717594044
1105020 512 0 27276717872367
1105532 512 0 27276718150690
1106044 512 0 27276718429013
1106556 512 0 27276718707337
1107068 512 0 27276718985660
1107580 512 0 27276719263983
1108092 512 0 27276719542306
1108604 512 0 27276719820629
1109116 512 0 27276720098952
1109628 512 0 27276720377276
1110140 512 0 27276720655599
1110652 512 0 27276720933922
1111164 512 0 27276721212245
1111676 512 0 27276721490568
1112188 512 0 27276721768891
1112700 512 0 27276722047215
1113212 512 0 27276722325538
1113724 512 0 27276722603878
1114236 512 0 27276722882201
1114748 512 0 27276723160525
1115260 512 0 27276723438848
1115772 512 0 27276723717171
1116284 512 0 27276723995494
1116796 512 0 27276724273817
1117308 512 0 27276724552141
1117820 512 0 27276724830464
1118332 512 0 27276725108787
1118844 512 0 27276725387110
1119356 512 0 27276725665433
1119868 512 0 27276725943757
1120380 512 0 27276726222080
1120892 512 0 27276726500403
1121404 512 0 27276726778726
1121916 512 0 27276727057050
1122428 512 0 27276727335373
1122940 512 0 27276727613696
1123452 512 0 27276727892019
1123964 512 0 27276728170342
1124476 512 0 27276728448666
1124988 512 0 27276728726989
1125500 512 0 27276729005312
1126012 512 0 27276729283635
1126524 512 0 27276729561958
1127036 512 0 27276729840282
1127548 512 0 27276730118605
1128060 512 0 27276730396928
1128572 512 0 27276730675251
1129084 512 0 27276730953575
1129596 512 0 27276731231898
1130108 512 0 27276731510225
1130620 512 0 27276731788549
1131132 512 0 27276732066872
1131644 512 0 27276732345195
1132156 512 0 27276732623518
1132668 512 0 27276732901842
1133180 512 0 27276733180165
1133692 512 0 27276733458488
1134204 512 0 27276733736811
1134716 512 0 27276734015135
1135228 512 0 27276734293458
1135740 512 0 27276734571781
1136252 512 0 27276734850104
1136764 512 0 27276735128427
1137276 512 0 27276735406751
1137788 512 0 27276735685074
1138300 512 0 27276735963397
1138812 512 0 27276736241720
1139324 512 0 27276736520044
1139836 512 0 27276736798367
1140348 512 0 27276737076690
1140860 512 0 27276737355013
1141372 512 0 27276737633337
1141884 512 0 27276737911660
1142396 512 0 27276738189983
1142908 512 0 27276738468306
1143420 512 0 27276738746629
1143932 512 0 27276739024953
1144444 512 0 27276739303276
1144956 512 0 27276739581599
1145468 512 0 27276739859922
1145980 512 0 27276740138246
1146492 512 0 27276740416568
1147004 512 0 27276740694892
1147516 512 0 27276740973215
1148028 512 0 27276741251538
1148540 512 0 27276741529861
1149052 512 0 27276741808185
1149564 512 0 27276742086508
1150076 512 0 27276742364831
1150588 512 0 27276742643154
1151100 512 0 27276742921478
1151612 512 0 27276743199801
1152124 512 0 27276743478124
1152636 512 0 27276743756447
1153148 512 0 27276744034770
1153660 512 0 27276744313094
1154172 512 0 27276744591417
1154684 512 0 27276744869740
1155196 512 0 27276745148063
1155708 512 0 27276745426387
1156220 512 0 27276745704710
1156732 512 0 27276745983033
1157244 512 0 27276746261356
1157756 512 0 27276746539679
1158268 512 0 27276746818003
1158780 512 0 27276747096326
1159292 512 0 27276747374649
1159804 512 0 27276747652972
1160316 512 0 27276747931296
1160828 512 0 27276748209619
1161340 512 0 27276748487942
1161852 512 0 27276748766265
1162364 512 0 27276749044589
1162876 512 0 27276749322911
1163388 512 0 27276749601235
1163900 512 0 27276749879558
1164412 512 0 27276750157881
1164924 512 0 27276750436204
1165436 512 0 27276750714528
1165948 512 0 27276750992851
1166460 512 0 27276751271174
1166972 512 0 27276751549497
1167484 512 0 27276751827820
1167996 512 0 27276752106144
1168508 512 0 27276752384467
1169020 512 0 27276752662790
1169532 512 0 27276752941113
1170044 512 0 27276753219437
1170556 512 0 27276753497760
1171068 512 0 27276753776083
1171580 512 0 27276754054406
1172092 512 0 27276754332730
1172604 512 0 27276754611053
1173116 512 0 27276754889376
1173628 512 0 27276755167699
1174140 512 0 27276755446022
1174652 512 0 27276755724346
1175164 512 0 27276756002669
1175676 512 0 27276756280992
1176188 512 0 27276756559315
1176700 512 0 27276756837639
1177212 512 0 27276757115962
1177724 512 0 27276757394285
1178236 512 0 27276757672608
1178748 512 0 27276757950931
1179260 512 0 27276758229262
1179772 512 0 27276758507585
1180284 512 0 27276758785909
1180796 512 0 27276759064232
1181308 512 0 27276759342555
1181820 512 0 27276759620878
1182332 512 0 27276759899202
1182844 512 0 27276760177525
1183356 512 0 27276760455848
1183868 512 0 27276760734171
1184380 512 0 27276761012495
1184892 512 0 27276761290818
1185404 512 0 27276761569141
1185916 512 0 27276761847464
1186428 512 0 27276762125788
1186940 512 0 27276762404111
1187452 512 0 27276762682434
1187964 512 0 27276762960757
1188476 512 0 27276763239081
1188988 512 0 27276763517404
1189500 512 0 27276763795727
1190012 512 0 27276764074050
1190524 512 0 27276764352374
1191036 512 0 27276764630697
1191548 512 0 27276764909020
1192060 512 0 27276765187343
1192572 512 0 27276765465667
1193084 512 0 27276765743990
1193596 512 0 27276766022313
1194108 512 0 27276766300636
1194620 512 0 27276766578960
1195132 512 0 27276766857283
1195644 512 0 27276767135583
1196156 512 0 27276767413906
1196668 512 0 27276767692229
1197180 512 0 27276767970553
1197692 512 0 27276768248876
1198204 512 0 27276768527199
1198716 512 0 27276768805522
1199228 512 0 27276769083845
1199740 512 0 27276769362169
1200252 512 0 27276769640492
1200764 512 0 27276769918815
1201276 512 0 27276770197138
1201788 512 0 27276770475461
1202300 512 0 27276770753784
1202812 512 0 27276771032108
1203324 512 0 27276771310431
1203836 512 0 27276771588754
1204348 512 0 27276771867077
1204860 512 0 27276772145400
1205372 512 0 27276772423724
1205884 512 0 27276772702047
1206396 512 0 27276772980370
1206908 512 0 27276773258693
1207420 512 0 27276773537016
1207932 512 0 27276773815339
1208444 512 0 27276774093663
1208956 512 0 27276774371986
1209468 512 0 27276774650309
1209980 512 0 27276774928632
1210492 512 0 27276775206955
1211004 512 0 27276775485279
1211516 512 0 27276775763602
1212028 512 0 27276776041912
1212540 512 0 27276776320235
1213052 512 0 27276776598558
1213564 512 0 27276776876881
1214076 512 0 27276777155204
1214588 512 0 27276777433528
1215100 512 0 27276777711851
1215612 512 0 27276777990174
1216124 512 0 27276778268497
1216636 512 0 27276778546820
1217148 512 0 27276778825143
1217660 512 0 27276779103466
1218172 512 0 27276779381790
1218684 512 0 27276779660113
1219196 512 0 27276779938436
1219708 512 0 27276780216759
1220220 512 0 27276780495082
1220732 512 0 27276780773405
1221244 512 0 27276781051729
1221756 512 0 27276781330052
1222268 512 0 27276781608375
1222780 512 0 27276781886698
1223292 512 0 27276782165021
1223804 512 0 27276782443344
1224316 512 0 27276782721667
1224828 512 0 27276782999991
1225340 512 0 27276783278314
1225852 512 0 27276783556637
1226364 512 0 27276783834960
1226876 512 0 27276784113283
1227388 512 0 27276784391606
1227900 512 0 27276784669929
1228412 512 0 27276784948247
1228924 512 0 27276785226571
1229436 512 0 27276785504894
1229948 512 0 27276785783217
1230460 512 0 27276786061540
1230972 512 0 27276786339863
1231484 512 0 27276786618186
1231996 512 0 27276786896509
1232508 512 0 27276787174832
1233020 512 0 27276787453156
1233532 512 0 27276787731479
1234044 512 0 27276788009802
1234556 512 0 27276788288125
1235068 512 0 27276788566448
1235580 512 0 27276788844771
1236092 512 0 27276789123094
1236604 512 0 27276789401418
1237116 512 0 27276789679741
1237628 512 0 27276789958064
1238140 512 0 27276790236387
1238652 512 0 27276790514710
1239164 512 0 27276790793033
1239676 512 0 27276791071356
1240188 512 0 27276791349679
1240700 512 0 27276791628003
1241212 512 0 27276791906326
1241724 512 0 27276792184649
1242236 512 0 27276792462972
1242748 512 0 27276792741295
1243260 512 0 27276793019618
1243772 512 0 27276793297941
1244284 512 0 27276793576264
1244796 512 0 27276793854573
1245308 512 0 27276794132896
1245820 512 0 27276794411219
1246332 512 0 27276794689542
1246844 512 0 27276794967866
1247356 512 0 27276795246189
1247868 512 0 27276795524512
1248380 512 0 27276795802835
1248892 512 0 27276796081158
1249404 512 0 27276796359481
1249916 512 0 27276796637804
1250428 512 0 27276796916127
1250940 512 0 27276797194450
1251452 512 0 27276797472773
1251964 512 0 27276797751096
1252476 512 0 27276798029419
1252988 512 0 27276798307743
1253500 512 0 27276798586066
1254012 512 0 27276798864389
1254524 512 0 27276799142712
1255036 512 0 27276799421035
1255548 512 0 27276799699358
1256060 512 0 27276799977681
1256572 512 0 27276800256004
1257084 512 0 27276800534327
1257596 512 0 27276800812650
1258108 512 0 27276801090973
1258620 512 0 27276801369297
1259132 512 0 27276801647620
1259644 512 0 27276801925943
1260156 512 0 27276802204266
1260668 512 0 27276802482589
1261180 512 0 27276802760896
1261692 512 0 27276803039219
1262204 512 0 27276803317542
1262716 512 0 27276803595865
1263228 512 0 27276803874188
1263740 512 0 27276804152511
1264252 512 0 27276804430834
1264764 512 0 27276804709157
1265276 512 0 27276804987480
1265788 512 0 27276805265803
1266300 512 0 27276805544126
1266812 512 0 27276805822449
1267324 512 0 27276806100772
1267836 512 0 27276806379095
1268348 512 0 27276806657418
1268860 512 0 27276806935741
1269372 512 0 27276807214064
1269884 512 0 27276807492387
1270396 512 0 27276807770710
1270908 512 0 27276808049034
1271420 512 0 27276808327357
1271932 512 0 27276808605680
1272444 512 0 27276808884003
1272956 512 0 27276809162326
1273468 512 0 27276809440649
1273980 512 0 27276809718972
1274492 512 0 27276809997295
1275004 512 0 27276810275618
1275516 512 0 27276810553941
1276028 512 0 27276810832264
1276540 512 0 27276811110587
1277052 512 0 27276811388910
1277564 512 0 27276811667212
1278076 512 0 27276811945535
1278588 512 0 27276812223858
1279100 512 0 27276812502181
1279612 512 0 27276812780504
1280124 512 0 27276813058827
1280636 512 0 27276813337150
1281148 512 0 27276813615473
1281660 512 0 27276813893796
1282172 512 0 27276814172119
1282684 512 0 27276814450442
1283196 512 0 27276814728765
1283708 512 0 27276815007088
1284220 512 0 27276815285411
1284732 512 0 27276815563734
1285244 512 0 27276815842057
1285756 512 0 27276816120380
1286268 512 0 27276816398703
1286780 512 0 27276816677025
1287292 512 0 27276816955348
1287804 512 0 27276817233671
1288316 512 0 27276817511994
1288828 512 0 27276817790317
1289340 512 0 27276818068640
1289852 512 0 27276818346963
1290364 512 0 27276818625286
1290876 512 0 27276818903609
1291388 512 0 27276819181932
1291900 512 0 27276819460255
1292412 512 0 27276819738578
1292924 512 0 27276820016901
1293436 512 0 27276820295224
1293948 512 0 27276820573522
1294460 512 0 27276820851844
1294972 512 0 27276821130167
1295484 512 0 27276821408490
1295996 512 0 27276821686813
1296508 512 0 27276821965136
1297020 512 0 27276822243459
1297532 512 0 27276822521782
1298044 512 0 27276822800105
1298556 512 0 27276823078428
1299068 512 0 27276823356751
1299580 512 0 27276823635074
1300092 512 0 27276823913396
1300604 512 0 27276824191719
1301116 512 0 27276824470042
1301628 512 0 27276824748365
1302140 512 0 27276825026688
1302652 512 0 27276825305011
1303164 512 0 27276825583334
1303676 512 0 27276825861657
1304188 512 0 27276826139980
1304700 512 0 27276826418303
1305212 512 0 27276826696626
1305724 512 0 27276826974948
1306236 512 0 27276827253271
1306748 512 0 27276827531594
1307260 512 0 27276827809917
1307772 512 0 27276828088240
1308284 512 0 27276828366563
1308796 512 0 27276828644886
1309308 512 0 27276828923209
1309820 512 0 27276829201532
1310332 512 0 27276829479834
1310844 512 0 27276829758157
1311356 512 0 27276830036479
1311868 512 0 27276830314802
1312380 512 0 27276830593125
1312892 512 0 27276830871448
1313404 512 0 27276831149771
1313916 512 0 27276831428094
1314428 512 0 27276831706416
1314940 512 0 27276831984739
1315452 512 0 27276832263062
1315964 512 0 27276832541385
1316476 512 0 27276832819708
1316988 512 0 27276833098031
1317500 512 0 27276833376354
1318012 512 0 27276833654676
1318524 512 0 27276833932999
1319036 512 0 27276834211322
1319548 512 0 27276834489645
1320060 512 0 27276834767968
1320572 512 0 27276835046291
1321084 512 0 27276835324613
1321596 512 0 27276835602936
1322108 512 0 27276835881259
1322620 512 0 27276836159582
1323132 512 0 27276836437905
1323644 512 0 27276836716228
1324156 512 0 27276836994551
1324668 512 0 27276837272873
1325180 512 0 27276837551196
1325692 512 0 27276837829519
1326204 512 0 27276838107842
1326716 512 0 27276838386139
1327228 512 0 27276838664462
1327740 512 0 27276838942785
1328252 512 0 27276839221108
1328764 512 0 27276839499430
1329276 512 0 27276839777753
1329788 512 0 27276840056076
1330300 512 0 27276840334399
1330812 512 0 27276840612722
1331324 512 0 27276840891044
1331836 512 0 27276841169367
1332348 512 0 27276841447690
1332860 512 0 27276841726013
1333372 512 0 27276842004335
1333884 512 0 27276842282658
1334396 512 0 27276842560981
1334908 512 0 27276842839304
1335420 512 0 27276843117627
1335932 512 0 27276843395949
1336444 512 0 27276843674272
1336956 512 0 27276843952595
1337468 512 0 27276844230918
1337980 512 0 27276844509240
1338492 512 0 27276844787563
1339004 512 0 27276845065886
1339516 512 0 27276845344209
1340028 512 0 27276845622532
1340540 512 0 27276845900854
1341052 512 0 27276846179177
1341564 512 0 27276846457500
1342076 512 0 27276846735823
1342588 512 0 27276847014145
1343100 512 0 27276847292443
1343612 512 0 27276847570766
1344124 512 0 27276847849089
1344636 512 0 27276848127411
1345148 512 0 27276848405734
1345660 512 0 27276848684057
1346172 512 0 27276848962379
1346684 512 0 27276849240702
1347196 512 0 27276849519025
1347708 512 0 27276849797348
1348220 512 0 27276850075670
1348732 512 0 27276850353993
1349244 512 0 27276850632316
1349756 512 0 27276850910638
1350268 512 0 27276851188961
1350780 512 0 27276851467284
1351292 512 0 27276851745606
1351804 512 0 27276852023929
1352316 512 0 27276852302252
1352828 512 0 27276852580575
1353340 512 0 27276852858897
1353852 512 0 27276853137220
1354364 512 0 27276853415543
1354876 512 0 27276853693865
1355388 512 0 27276853972188
1355900 512 0 27276854250511
1356412 512 0 27276854528834
1356924 512 0 27276854807156
1357436 512 0 27276855085479
1357948 512 0 27276855363802
1358460 512 0 27276855642124
1358972 512 0 27276855920447
1359484 512 0 27276856198749
1359996 512 0 27276856477072
1360508 512 0 27276856755395
1361020 512 0 27276857033717
1361532 512 0 27276857312040
1362044 512 0 27276857590363
1362556 512 0 27276857868685
1363068 512 0 27276858147008
1363580 512 0 27276858425331
1364092 512 0 27276858703653
1364604 512 0 27276858981976
1365116 512 0 27276859260298
1365628 512 0 27276859538621
1366140 512 0 27276859816944
1366652 512 0 27276860095266
1367164 512 0 27276860373589
1367676 512 0 27276860651912
1368188 512 0 27276860930234
1368700 512 0 27276861208557
1369212 512 0 27276861486880
1369724 512 0 27276861765202
1370236 512 0 27276862043525
1370748 512 0 27276862321848
1371260 512 0 27276862600170
1371772 512 0 27276862878493
1372284 512 0 27276863156816
1372796 512 0 27276863435138
1373308 512 0 27276863713461
1373820 512 0 27276863991783
1374332 512 0 27276864270106
1374844 512 0 27276864548429
1375356 512 0 27276864826751
1375868 512 0 27276865105103
1376380 512 0 27276865383426
1376892 512 0 27276865661748
1377404 512 0 27276865940071
1377916 512 0 27276866218394
1378428 512 0 27276866496717
1378940 512 0 27276866775039
1379452 512 0 27276867053362
1379964 512 0 27276867331685
1380476 512 0 27276867610007
1380988 512 0 27276867888330
1381500 512 0 27276868166653
1382012 512 0 27276868444976
1382524 512 0 27276868723298
1383036 512 0 27276869001621
1383548 512 0 27276869279944
1384060 512 0 27276869558267
1384572 512 0 27276869836589
1385084 512 0 27276870114912
1385596 512 0 27276870393235
1386108 512 0 27276870671558
1386620 512 0 27276870949880
1387132 512 0 27276871228203
1387644 512 0 27276871506526
1388156 512 0 27276871784848
1388668 512 0 27276872063171
1389180 512 0 27276872341494
1389692 512 0 27276872619817
1390204 512 0 27276872898139
1390716 512 0 27276873176462
1391228 512 0 27276873454785
1391740 512 0 27276873733108
1392252 512 0 27276874011464
1392764 512 0 27276874289787
1393276 512 0 27276874568110
1393788 512 0 27276874846432
1394300 512 0 27276875124755
1394812 512 0 27276875403078
1395324 512 0 27276875681401
1395836 512 0 27276875959724
1396348 512 0 27276876238047
1396860 512 0 27276876516369
1397372 512 0 27276876794692
1397884 512 0 27276877073015
1398396 512 0 27276877351338
1398908 512 0 27276877629661
1399420 512 0 27276877907983
1399932 512 0 27276878186306
1400444 512 0 27276878464629
1400956 512 0 27276878742952
1401468 512 0 27276879021275
1401980 512 0 27276879299598
1402492 512 0 27276879577920
1403004 512 0 27276879856243
1403516 512 0 27276880134566
1404028 512 0 27276880412889
1404540 512 0 27276880691212
1405052 512 0 27276880969535
1405564 512 0 27276881247857
1406076 512 0 27276881526180
1406588 512 0 27276881804503
1407100 512 0 27276882082826
1407612 512 0 27276882361149
1408124 512 0 27276882639471
1408636 512 0 27276882917827
1409148 512 0 27276883196150
1409660 512 0 27276883474473
1410172 512 0 27276883752796
1410684 512 0 27276884031118
1411196 512 0 27276884309441
1411708 512 0 27276884587764
1412220 512 0 27276884866087
1412732 512 0 27276885144410
1413244 512 0 27276885422733
1413756 512 0 27276885701056
1414268 512 0 27276885979379
1414780 512 0 27276886257702
1415292 512 0 27276886536025
1415804 512 0 27276886814348
1416316 512 0 27276887092671
1416828 512 0 27276887370993
1417340 512 0 27276887649316
1417852 512 0 27276887927639
1418364 512 0 27276888205962
1418876 512 0 27276888484285
1419388 512 0 27276888762608
1419900 512 0 27276889040931
1420412 512 0 27276889319254
1420924 512 0 27276889597577
1421436 512 0 27276889875900
1421948 512 0 27276890154223
1422460 512 0 27276890432546
1422972 512 0 27276890710868
1423484 512 0 27276890989191
1423996 512 0 27276891267514
1424508 512 0 27276891545837
1425020 512 0 27276891824190
1425532 512 0 27276892102513
1426044 512 0 27276892380836
1426556 512 0 27276892659159
1427068 512 0 27276892937483
1427580 512 0 27276893215806
1428092 512 0 27276893494129
1428604 512 0 27276893772452
1429116 512 0 27276894050775
1429628 512 0 27276894329098
1430140 512 0 27276894607421
1430652 512 0 27276894885744
1431164 512 0 27276895164067
1431676 512 0 27276895442390
1432188 512 0 27276895720713
1432700 512 0 27276895999036
1433212 512 0 27276896277359
1433724 512 0 27276896555682
1434236 512 0 27276896834005
1434748 512 0 27276897112328
1435260 512 0 27276897390651
1435772 512 0 27276897668974
1436284 512 0 27276897947297
1436796 512 0 27276898225620
1437308 512 0 27276898503943
1437820 512 0 27276898782266
1438332 512 0 27276899060589
1438844 512 0 27276899338912
1439356 512 0 27276899617235
1439868 512 0 27276899895558
1440380 512 0 27276900173881
1440892 512 0 27276900452204
1441404 512 0 27276900730544
1441916 512 0 27276901008867
1442428 512 0 27276901287190
1442940 512 0 27276901565513
1443452 512 0 27276901843836
1443964 512 0 27276902122159
1444476 512 0 27276902400482
1444988 512 0 27276902678805
1445500 512 0 27276902957128
1446012 512 0 27276903235452
1446524 512 0 27276903513775
1447036 512 0 27276903792098
1447548 512 0 27276904070421
1448060 512 0 27276904348744
1448572 512 0 27276904627067
1449084 512 0 27276904905390
1449596 512 0 27276905183713
1450108 512 0 27276905462036
1450620 512 0 27276905740359
1451132 512 0 27276906018682
1451644 512 0 27276906297005
1452156 512 0 27276906575328
1452668 512 0 27276906853651
1453180 512 0 27276907131974
1453692 512 0 27276907410297
1454204 512 0 27276907688620
1454716 512 0 27276907966943
1455228 512 0 27276908245266
1455740 512 0 27276908523590
1456252 512 0 27276908801913
1456764 512 0 27276909080236
1457276 512 0 27276909358559
1457788 512 0 27276909636894
1458300 512 0 27276909915217
1458812 512 0 27276910193540
1459324 512 0 27276910471863
1459836 512 0 27276910750186
1460348 512 0 27276911028510
1460860 512 0 27276911306833
1461372 512 0 27276911585156
1461884 512 0 27276911863479
1462396 512 0 27276912141802
1462908 512 0 27276912420125
1463420 512 0 27276912698448
1463932 512 0 27276912976771
1464444 512 0 27276913255094
1464956 512 0 27276913533417
1465468 512 0 27276913811740
1465980 512 0 27276914090064
1466492 512 0 27276914368387
1467004 512 0 27276914646710
1467516 512 0 27276914925033
1468028 512 0 27276915203356
1468540 512 0 27276915481679
1469052 512 0 27276915760002
1469564 512 0 27276916038325
1470076 512 0 27276916316648
1470588 512 0 27276916594971
1471100 512 0 27276916873294
1471612 512 0 27276917151618
1472124 512 0 27276917429941
1472636 512 0 27276917708264
1473148 512 0 27276917986587
1473660 512 0 27276918264910
1474172 512 0 27276918543240
1474684 512 0 27276918821563
1475196 512 0 27276919099886
1475708 512 0 27276919378209
1476220 512 0 27276919656532
1476732 512 0 27276919934855
1477244 512 0 27276920213178
1477756 512 0 27276920491501
1478268 512 0 27276920769825
1478780 512 0 27276921048148
1479292 512 0 27276921326471
1479804 512 0 27276921604794
1480316 512 0 27276921883117
1480828 512 0 27276922161440
1481340 512 0 27276922439763
1481852 512 0 27276922718086
1482364 512 0 27276922996409
1482876 512 0 27276923274733
1483388 512 0 27276923553056
1483900 512 0 27276923831379
1484412 512 0 27276924109702
1484924 512 0 27276924388025
1485436 512 0 27276924666348
1485948 512 0 27276924944671
1486460 512 0 27276925222994
1486972 512 0 27276925501317
1487484 512 0 27276925779641
1487996 512 0 27276926057964
1488508 512 0 27276926336287
1489020 512 0 27276926614610
1489532 512 0 27276926892933
1490044 512 0 27276927171256
1490556 512 0 27276927449576
1491068 512 0 27276927727900
1491580 512 0 27276928006223
1492092 512 0 27276928284546
1492604 512 0 27276928562869
1493116 512 0 27276928841192
1493628 512 0 27276929119515
1494140 512 0 27276929397838
1494652 512 0 27276929676161
1495164 512 0 27276929954484
1495676 512 0 27276930232808
1496188 512 0 27276930511131
1496700 512 0 27276930789454
1497212 512 0 27276931067777
1497724 512 0 27276931346100
1498236 512 0 27276931624423
1498748 512 0 27276931902746
1499260 512 0 27276932181069
1499772 512 0 27276932459392
1500284 512 0 27276932737715
1500796 512 0 27276933016039
1501308 512 0 27276933294362
1501820 512 0 27276933572685
1502332 512 0 27276933851008
1502844 512 0 27276934129331
1503356 512 0 27276934407654
1503868 512 0 27276934685977
1504380 512 0 27276934964300
1504892 512 0 27276935242623
1505404 512 0 27276935520946
1505916 512 0 27276935799270
1506428 512 0 27276936077593
1506940 512 0 27276936355907
1507452 512 0 27276936634230
1507964 512 0 27276936912553
1508476 512 0 27276937190876
1508988 512 0 27276937469199
1509500 512 0 27276937747522
1510012 512 0 27276938025845
1510524 512 0 27276938304168
1511036 512 0 27276938582491
1511548 512 0 27276938860814
1512060 512 0 27276939139137
1512572 512 0 27276939417461
1513084 512 0 27276939695784
1513596 512 0 27276939974107
1514108 512 0 27276940252430
1514620 512 0 27276940530753
1515132 512 0 27276940809076
1515644 512 0 27276941087399
1516156 512 0 27276941365722
1516668 512 0 27276941644045
1517180 512 0 27276941922368
1517692 512 0 27276942200691
1518204 512 0 27276942479014
1518716 512 0 27276942757337
1519228 512 0 27276943035660
1519740 512 0 27276943313984
1520252 512 0 27276943592307
1520764 512 0 27276943870630
1521276 512 0 27276944148953
1521788 512 0 27276944427276
1522300 512 0 27276944705599
1522812 512 0 27276944983922
1523324 512 0 27276945262230
1523836 512 0 27276945540553
1524348 512 0 27276945818876
1524860 512 0 27276946097199
1525372 512 0 27276946375523
1525884 512 0 27276946653846
1526396 512 0 27276946932169
1526908 512 0 27276947210492
1527420 512 0 27276947488815
1527932 512 0 27276947767138
1528444 512 0 27276948045461
1528956 512 0 27276948323784
1529468 512 0 27276948602107
1529980 512 0 27276948880430
1530492 512 0 27276949158753
1531004 512 0 27276949437076
1531516 512 0 27276949715399
1532028 512 0 27276949993722
1532540 512 0 27276950272045
1533052 512 0 27276950550368
1533564 512 0 27276950828691
1534076 512 0 27276951107014
1534588 512 0 27276951385337
1535100 512 0 27276951663660
1535612 512 0 27276951941983
1536124 512 0 27276952220306
1536636 512 0 27276952498629
1537148 512 0 27276952776952
1537660 512 0 27276953055275
1538172 512 0 27276953333598
1538684 512 0 27276953611921
1539196 512 0 27276953890244
1539708 512 0 27276954168548
1540220 512 0 27276954446871
1540732 512 0 27276954725194
1541244 512 0 27276955003517
1541756 512 0 27276955281840
1542268 512 0 27276955560163
1542780 512 0 27276955838485
1543292 512 0 27276956116808
1543804 512 0 27276956395131
1544316 512 0 27276956673454
1544828 512 0 27276956951777
1545340 512 0 27276957230100
1545852 512 0 27276957508423
1546364 512 0 27276957786746
1546876 512 0 27276958065069
1547388 512 0 27276958343392
1547900 512 0 27276958621715
1548412 512 0 27276958900038
1548924 512 0 27276959178361
1549436 512 0 27276959456684
1549948 512 0 27276959735007
1550460 512 0 27276960013330
1550972 512 0 27276960291653
1551484 512 0 27276960569976
1551996 512 0 27276960848299
1552508 512 0 27276961126622
1553020 512 0 27276961404945
1553532 512 0 27276961683268
1554044 512 0 27276961961591
1554556 512 0 27276962239914
1555068 512 0 27276962518237
1555580 512 0 27276962796560
1556092 512 0 27276963074857
1556604 512 0 27276963353180
1557116 512 0 27276963631503
1557628 512 0 27276963909826
1558140 512 0 27276964188149
1558652 512 0 27276964466472
1559164 512 0 27276964744795
1559676 512 0 27276965023118
1560188 512 0 27276965301441
1560700 512 0 27276965579763
1561212 512 0 27276965858086
1561724 512 0 27276966136409
1562236 512 0 27276966414732
1562748 512 0 27276966693055
1563260 512 0 27276966971378
1563772 512 0 27276967249701
1564284 512 0 27276967528024
1564796 512 0 27276967806347
1565308 512 0 27276968084670
1565820 512 0 27276968362993
1566332 512 0 27276968641315
1566844 512 0 27276968919638
1567356 512 0 27276969197961
1567868 512 0 27276969476284
1568380 512 0 27276969754607
1568892 512 0 27276970032930
1569404 512 0 27276970311253
1569916 512 0 27276970589576
1570428 512 0 27276970867899
1570940 512 0 27276971146222
1571452 512 0 27276971424544
1571964 512 0 27276971702867
1572476 512 0 27276971981207
1572988 512 0 27276972259530
1573500 512 0 27276972537853
1574012 512 0 27276972816176
1574524 512 0 27276973094499
1575036 512 0 27276973372822
1575548 512 0 27276973651145
1576060 512 0 27276973929467
1576572 512 0 27276974207790
1577084 512 0 27276974486113
1577596 512 0 27276974764436
1578108 512 0 27276975042759
1578620 512 0 27276975321082
1579132 512 0 27276975599405
1579644 512 0 27276975877728
1580156 512 0 27276976156051
1580668 512 0 27276976434374
1581180 512 0 27276976712697
1581692 512 0 27276976991020
1582204 512 0 27276977269343
1582716 512 0 27276977547666
1583228 512 0 27276977825989
1583740 512 0 27276978104312
1584252 512 0 27276978382635
1584764 512 0 27276978660958
1585276 512 0 27276978939281
1585788 512 0 27276979217604
1586300 512 0 27276979495927
1586812 512 0 27276979774249
1587324 512 0 27276980052572
1587836 512 0 27276980330895
1588348 512 0 27276980609218
1588860 512 0 27276980887567
1589372 512 0 27276981165890
1589884 512 0 27276981444213
1590396 512 0 27276981722536
1590908 512 0 27276982000859
1591420 512 0 27276982279182
1591932 512 0 27276982557505
1592444 512 0 27276982835828
1592956 512 0 27276983114151
1593468 512 0 27276983392474
1593980 512 0 27276983670797
1594492 512 0 27276983949120
1595004 512 0 27276984227443
1595516 512 0 27276984505766
1596028 512 0 27276984784089
1596540 512 0 27276985062412
1597052 512 0 27276985340736
1597564 512 0 27276985619059
1598076 512 0 27276985897382
1598588 512 0 27276986175705
1599100 512 0 27276986454028
1599612 512 0 27276986732351
1600124 512 0 27276987010674
1600636 512 0 27276987288997
1601148 512 0 27276987567320
1601660 512 0 27276987845643
1602172 512 0 27276988123966
1602684 512 0 27276988402289
1603196 512 0 27276988680612
1603708 512 0 27276988958935
1604220 512 0 27276989237258
1604732 512 0 27276989515581
1605244 512 0 27276989793928
1605756 512 0 27276990072251
1606268 512 0 27276990350574
1606780 512 0 27276990628898
1607292 512 0 27276990907221
1607804 512 0 27276991185544
1608316 512 0 27276991463867
1608828 512 0 27276991742190
1609340 512 0 27276992020513
1609852 512 0 27276992298836
1610364 512 0 27276992577159
1610876 512 0 27276992855482
1611388 512 0 27276993133805
1611900 512 0 27276993412129
1612412 512 0 27276993690452
1612924 512 0 27276993968775
1613436 512 0 27276994247098
1613948 512 0 27276994525421
1614460 512 0 27276994803744
1614972 512 0 27276995082067
1615484 512 0 27276995360390
1615996 512 0 27276995638713
1616508 512 0 27276995917036
1617020 512 0 27276996195359
1617532 512 0 27276996473683
1618044 512 0 27276996752006
1618556 512 0 27276997030329
1619068 512 0 27276997308652
1619580 512 0 27276997586975
1620092 512 0 27276997865298
1620604 512 0 27276998143621
1621116 512 0 27276998421944
1621628 512 0 27276998700288
1622140 512 0 27276998978611
1622652 512 0 27276999256934
1623164 512 0 27276999535258
1623676 512 0 27276999813581
1624188 512 0 27277000091904
1624700 512 0 27277000370227
1625212 512 0 27277000648550
1625724 512 0 27277000926873
1626236 512 0 27277001205197
1626748 512 0 27277001483520
1627260 512 0 27277001761843
1627772 512 0 27277002040166
1628284 512 0 27277002318489
1628796 512 0 27277002596812
1629308 512 0 27277002875135
1629820 512 0 27277003153459
1630332 512 0 27277003431782
1630844 512 0 27277003710105
1631356 512 0 27277003988428
1631868 512 0 27277004266751
1632380 512 0 27277004545074
1632892 512 0 27277004823398
1633404 512 0 27277005101721
1633916 512 0 27277005380044
1634428 512 0 27277005658367
1634940 512 0 27277005936690
1635452 512 0 27277006215013
1635964 512 0 27277006493336
1636476 512 0 27277006771660
1636988 512 0 27277007049983
1637500 512 0 27277007328306
1638012 512 0 27277007606640
1638524 512 0 27277007884963
1639036 512 0 27277008163287
1639548 512 0 27277008441610
1640060 512 0 27277008719933
1640572 512 0 27277008998256
1641084 512 0 27277009276579
1641596 512 0 27277009554902
1642108 512 0 27277009833226
1642620 512 0 27277010111549
1643132 512 0 27277010389872
1643644 512 0 27277010668195
1644156 512 0 27277010946518
1644668 512 0 27277011224842
1645180 512 0 27277011503165
1645692 512 0 27277011781488
1646204 512 0 27277012059811
1646716 512 0 27277012338134
1647228 512 0 27277012616457
1647740 512 0 27277012894781
1648252 512 0 27277013173104
1648764 512 0 27277013451427
1649276 512 0 27277013729750
1649788 512 0 27277014008073
1650300 512 0 27277014286397
1650812 512 0 27277014564720
1651324 512 0 27277014843043
1651836 512 0 27277015121366
1652348 512 0 27277015399689
1652860 512 0 27277015678012
1653372 512 0 27277015956336
1653884 512 0 27277016234659
1654396 512 0 27277016512989
1654908 512 0 27277016791312
1655420 512 0 27277017069635
1655932 512 0 27277017347958
1656444 512 0 27277017626282
1656956 512 0 27277017904605
1657468 512 0 27277018182928
1657980 512 0 27277018461251
1658492 512 0 27277018739574
1659004 512 0 27277019017898
1659516 512 0 27277019296221
1660028 512 0 27277019574544
1660540 512 0 27277019852867
1661052 512 0 27277020131190
1661564 512 0 27277020409514
1662076 512 0 27277020687837
1662588 512 0 27277020966160
1663100 512 0 27277021244483
1663612 512 0 27277021522806
1664124 512 0 27277021801130
1664636 512 0 27277022079453
1665148 512 0 27277022357776
1665660 512 0 27277022636099
1666172 512 0 27277022914422
1666684 512 0 27277023192746
1667196 512 0 27277023471069
1667708 512 0 27277023749392
1668220 512 0 27277024027715
1668732 512 0 27277024306038
1669244 512 0 27277024584362
1669756 512 0 27277024862685
1670268 512 0 27277025141008
1670780 512 0 27277025419334
1671292 512 0 27277025697657
1671804 512 0 27277025975980
1672316 512 0 27277026254304
1672828 512 0 27277026532627
1673340 512 0 27277026810950
1673852 512 0 27277027089273
1674364 512 0 27277027367596
1674876 512 0 27277027645920
1675388 512 0 27277027924243
1675900 512 0 27277028202566
1676412 512 0 27277028480889
1676924 512 0 27277028759213
1677436 512 0 27277029037536
1677948 512 0 27277029315859
1678460 512 0 27277029594182
1678972 512 0 27277029872505
1679484 512 0 27277030150829
1679996 512 0 27277030429152
1680508 512 0 27277030707475
1681020 512 0 27277030985798
1681532 512 0 27277031264121
1682044 512 0 27277031542445
1682556 512 0 27277031820768
1683068 512 0 27277032099091
1683580 512 0 27277032377414
1684092 512 0 27277032655737
1684604 512 0 27277032934061
1685116 512 0 27277033212384
1685628 512 0 27277033490707
1686140 512 0 27277033769030
1686652 512 0 27277034047354
1687164 512 0 27277034325670
1687676 512 0 27277034603994
1688188 512 0 27277034882317
1688700 512 0 27277035160640
1689212 512 0 27277035438963
1689724 512 0 27277035717286
1690236 512 0 27277035995610
1690748 512 0 27277036273933
1691260 512 0 27277036552256
1691772 512 0 27277036830579
1692284 512 0 27277037108902
1692796 512 0 27277037387226
1693308 512 0 27277037665549
1693820 512 0 27277037943872
1694332 512 0 27277038222195
1694844 512 0 27277038500518
1695356 512 0 27277038778842
1695868 512 0 27277039057165
1696380 512 0 27277039335488
1696892 512 0 27277039613811
1697404 512 0 27277039892134
1697916 512 0 27277040170457
1698428 512 0 27277040448781
1698940 512 0 27277040727104
1699452 512 0 27277041005427
1699964 512 0 27277041283750
1700476 512 0 27277041562073
1700988 512 0 27277041840397
1701500 512 0 27277042118720
1702012 512 0 27277042397043
1702524 512 0 27277042675366
1703036 512 0 27277042953689
1703548 512 0 27277043231999
1704060 512 0 27277043510322
1704572 512 0 27277043788646
1705084 512 0 27277044066969
1705596 512 0 27277044345292
1706108 512 0 27277044623615
1706620 512 0 27277044901938
1707132 512 0 27277045180261
1707644 512 0 27277045458584
1708156 512 0 27277045736908
1708668 512 0 27277046015231
1709180 512 0 27277046293554
1709692 512 0 27277046571877
1710204 512 0 27277046850200
1710716 512 0 27277047128523
1711228 512 0 27277047406847
1711740 512 0 27277047685170
1712252 512 0 27277047963493
1712764 512 0 27277048241816
1713276 512 0 27277048520139
1713788 512 0 27277048798462
1714300 512 0 27277049076785
1714812 512 0 27277049355109
1715324 512 0 27277049633432
1715836 512 0 27277049911755
1716348 512 0 27277050190078
1716860 512 0 27277050468401
1717372 512 0 27277050746724
1717884 512 0 27277051025048
1718396 512 0 27277051303371
1718908 512 0 27277051581694
1719420 512 0 27277051860017
1719932 512 0 27277052138324
1720444 512 0 27277052416647
1720956 512 0 27277052694970
1721468 512 0 27277052973293
1721980 512 0 27277053251616
1722492 512 0 27277053529939
1723004 512 0 27277053808262
1723516 512 0 27277054086586
1724028 512 0 27277054364909
1724540 512 0 27277054643232
1725052 512 0 27277054921555
1725564 512 0 27277055199878
1726076 512 0 27277055478201
1726588 512 0 27277055756524
1727100 512 0 27277056034847
1727612 512 0 27277056313170
1728124 512 0 27277056591493
1728636 512 0 27277056869817
1729148 512 0 27277057148140
1729660 512 0 27277057426463
1730172 512 0 27277057704786
1730684 512 0 27277057983109
1731196 512 0 27277058261432
1731708 512 0 27277058539755
1732220 512 0 27277058818078
1732732 512 0 27277059096401
1733244 512 0 27277059374725
1733756 512 0 27277059653048
1734268 512 0 27277059931371
1734780 512 0 27277060209694
1735292 512 0 27277060488017
1735804 512 0 27277060766340
1736316 512 0 27277061044644
1736828 512 0 27277061322967
1737340 512 0 27277061601290
1737852 512 0 27277061879613
1738364 512 0 27277062157936
1738876 512 0 27277062436259
1739388 512 0 27277062714582
1739900 512 0 27277062992905
1740412 512 0 27277063271228
1740924 512 0 27277063549552
1741436 512 0 27277063827875
1741948 512 0 27277064106198
1742460 512 0 27277064384521
1742972 512 0 27277064662844
1743484 512 0 27277064941167
1743996 512 0 27277065219490
1744508 512 0 27277065497813
1745020 512 0 27277065776136
1745532 512 0 27277066054459
1746044 512 0 27277066332782
1746556 512 0 27277066611105
1747068 512 0 27277066889428
1747580 512 0 27277067167751
1748092 512 0 27277067446074
1748604 512 0 27277067724397
1749116 512 0 27277068002720
1749628 512 0 27277068281043
1750140 512 0 27277068559367
1750652 512 0 27277068837690
1751164 512 0 27277069116013
1751676 512 0 27277069394336
1752188 512 0 27277069672659
1752700 512 0 27277069950958
1753212 512 0 27277070229281
1753724 512 0 27277070507604
1754236 512 0 27277070785927
1754748 512 0 27277071064250
1755260 512 0 27277071342573
1755772 512 0 27277071620896
1756284 512 0 27277071899219
1756796 512 0 27277072177542
1757308 512 0 27277072455865
1757820 512 0 27277072734188
1758332 512 0 27277073012511
