1450 384 0 27276127347972
1962 384 0 27276127626611
2474 384 0 27276127905251
2986 384 0 27276128183890
3498 384 0 27276128462529
4010 384 0 27276128741169
4522 384 0 27276129019808
5034 384 0 27276129298448
5546 384 0 27276129577087
6058 384 0 27276129855727
6570 384 0 27276130134366
7082 384 0 27276130413006
7594 384 0 27276130691645
8106 384 0 27276130970285
8618 384 0 27276131248924
9130 384 0 27276131527563
9642 384 0 27276131806203
10154 384 0 27276132084842
10666 384 0 27276132363482
11178 384 0 27276132642121
11690 384 0 27276132920761
12202 384 0 27276133199400
12714 384 0 27276133478040
13226 384 0 27276133756679
13738 384 0 27276134035319
14250 384 0 27276134313958
14762 384 0 27276134592597
15274 384 0 27276134871237
15786 384 0 27276135149876
16298 384 0 27276135428516
16810 384 0 27276135707155
17322 384 0 27276135985795
17834 384 0 27276136264434
18346 384 0 27276136543074
18858 384 0 27276136821713
19370 384 0 27276137100353
19882 384 0 27276137378992
20394 384 0 27276137657632
20906 384 0 27276137936271
21418 384 0 27276138214910
21930 384 0 27276138493550
22442 384 0 27276138772189
22954 384 0 27276139045418
23466 512 0 27276139323953
23978 512 0 27276139602489
24490 512 0 27276139881024
25002 512 0 27276140159560
25514 512 0 27276140438095
26026 512 0 27276140716630
26538 512 0 27276140995166
27050 512 0 27276141273701
27562 512 0 27276141552237
28074 512 0 27276141830772
28586 512 0 27276142109307
29098 512 0 27276142387843
29610 512 0 27276142666378
30122 512 0 27276142944914
30634 512 0 27276143223449
31146 512 0 27276143501985
31658 512 0 27276143780520
32170 512 0 27276144059055
32682 512 0 27276144337591
33194 512 0 27276144616126
33706 512 0 27276144885923
34218 512 0 27276145164289
34730 512 0 27276145442655
35242 512 0 27276145721020
35754 512 0 27276145999386
36266 512 0 27276146277752
36778 512 0 27276146556117
37290 512 0 27276146834483
37802 512 0 27276147112849
38314 512 0 27276147391214
38826 512 0 27276147669580
39338 512 0 27276147947946
39850 512 0 27276148226311
40362 512 0 27276148504677
40874 512 0 27276148783043
41386 512 0 27276149061408
41898 512 0 27276149339774
42410 512 0 27276149618140
42922 512 0 27276149896505
43434 512 0 27276150174871
43946 512 0 27276150453237
44458 512 0 27276150731602
44970 512 0 27276151009051
45482 512 0 27276151287403
45994 512 0 27276151565755
46506 512 0 27276151844107
47018 512 0 27276152122459
47530 512 0 27276152400811
48042 512 0 27276152679162
48554 512 0 27276152957514
49066 512 0 27276153235866
49578 512 0 27276153514218
50090 512 0 27276153792570
50602 512 0 27276154070922
51114 512 0 27276154349273
51626 512 0 27276154627625
52138 512 0 27276154905977
52650 512 0 27276155184329
53162 512 0 27276155462681
53674 512 0 27276155741033
54186 512 0 27276156019385
54698 512 0 27276156297736
55210 512 0 27276156576088
55722 512 0 27276156854440
56234 512 0 27276157131406
56746 512 0 27276157409737
57258 512 0 27276157688069
57770 512 0 27276157966400
58282 512 0 27276158244731
58794 512 0 27276158523062
59306 512 0 27276158801393
59818 512 0 27276159079724
60330 512 0 27276159358055
60842 512 0 27276159636386
61354 512 0 27276159914717
61866 512 0 27276160193048
62378 512 0 27276160471379
62890 512 0 27276160749710
63402 512 0 27276161028042
63914 512 0 27276161306373
64426 512 0 27276161584704
64938 512 0 27276161863035
65450 512 0 27276162141366
65962 512 0 27276162419697
66474 512 0 27276162698028
66986 512 0 27276162976361
67498 512 0 27276163254692
68010 512 0 27276163533023
68522 512 0 27276163811354
69034 512 0 27276164089685
69546 512 0 27276164368017
70058 512 0 27276164646348
70570 512 0 27276164924679
71082 512 0 27276165203010
71594 512 0 27276165481341
72106 512 0 27276165759672
72618 512 0 27276166038003
73130 512 0 27276166316334
73642 512 0 27276166594665
74154 512 0 27276166872997
74666 512 0 27276167151328
75178 512 0 27276167429659
75690 512 0 27276167707990
76202 512 0 27276167986321
76714 512 0 27276168264652
77226 512 0 27276168542983
77738 512 0 27276168821314
78250 512 0 27276169098887
78762 512 0 27276169377207
79274 512 0 27276169655527
79786 512 0 27276169933847
80298 512 0 27276170212166
80810 512 0 27276170490486
81322 512 0 27276170768806
81834 512 0 27276171047126
82346 512 0 27276171325445
82858 512 0 27276171603765
83370 512 0 27276171882085
83882 512 0 27276172160405
84394 512 0 27276172438724
84906 512 0 27276172717044
85418 512 0 27276172995364
85930 512 0 27276173273684
86442 512 0 27276173552003
86954 512 0 27276173830323
87466 512 0 27276174108643
87978 512 0 27276174386963
88490 512 0 27276174665282
89002 512 0 27276174943982
89514 512 0 27276175222305
90026 512 0 27276175500628
90538 512 0 27276175778951
91050 512 0 27276176057275
91562 512 0 27276176335598
92074 512 0 27276176613921
92586 512 0 27276176892244
93098 512 0 27276177170568
93610 512 0 27276177448891
94122 512 0 27276177727214
94634 512 0 27276178005537
95146 512 0 27276178283860
95658 512 0 27276178562184
96170 512 0 27276178840507
96682 512 0 27276179118830
97194 512 0 27276179397153
97706 512 0 27276179675477
98218 512 0 27276179953800
98730 512 0 27276180232123
99242 512 0 27276180510446
99754 512 0 27276180788769
100266 512 0 27276181066617
100778 512 0 27276181344936
101290 512 0 27276181623255
101802 512 0 27276181901574
102314 512 0 27276182179893
102826 512 0 27276182458211
103338 512 0 27276182736530
103850 512 0 27276183014849
104362 512 0 27276183293168
104874 512 0 27276183571487
105386 512 0 27276183849806
105898 512 0 27276184128125
106410 512 0 27276184406444
106922 512 0 27276184684763
107434 512 0 27276184963081
107946 512 0 27276185241400
108458 512 0 27276185519719
108970 512 0 27276185798038
109482 512 0 27276186076357
109994 512 0 27276186354676
110506 512 0 27276186632995
111018 512 0 27276186911314
111530 512 0 27276187190039
112042 512 0 27276187468362
112554 512 0 27276187746684
113066 512 0 27276188025007
113578 512 0 27276188303329
114090 512 0 27276188581652
114602 512 0 27276188859975
115114 512 0 27276189138297
115626 512 0 27276189416620
116138 512 0 27276189694942
116650 512 0 27276189973265
117162 512 0 27276190251587
117674 512 0 27276190529910
118186 512 0 27276190808233
118698 512 0 27276191086555
119210 512 0 27276191364878
119722 512 0 27276191643200
120234 512 0 27276191921523
120746 512 0 27276192199845
121258 512 0 27276192478168
121770 512 0 27276192756491
122282 512 0 27276193034425
122794 512 0 27276193312745
123306 512 0 27276193591064
123818 512 0 27276193869383
124330 512 0 27276194147702
124842 512 0 27276194426021
125354 512 0 27276194704340
125866 512 0 27276194982659
126378 512 0 27276195260978
126890 512 0 27276195539297
127402 512 0 27276195817616
127914 512 0 27276196095935
128426 512 0 27276196374254
128938 512 0 27276196652573
129450 512 0 27276196930892
129962 512 0 27276197209211
130474 512 0 27276197487530
130986 512 0 27276197765849
131498 512 0 27276198044168
132010 512 0 27276198322487
132522 512 0 27276198600806
133034 512 0 27276198879524
133546 512 0 27276199157846
134058 512 0 27276199436169
134570 512 0 27276199714492
135082 512 0 27276199992815
135594 512 0 27276200271137
136106 512 0 27276200549460
136618 512 0 27276200827783
137130 512 0 27276201106105
137642 512 0 27276201384428
138154 512 0 27276201662751
138666 512 0 27276201941073
139178 512 0 27276202219396
139690 512 0 27276202497719
140202 512 0 27276202776041
140714 512 0 27276203054364
141226 512 0 27276203332687
141738 512 0 27276203611010
142250 512 0 27276203889332
142762 512 0 27276204167655
143274 512 0 27276204445978
143786 512 0 27276204724300
144298 512 0 27276205002856
144810 512 0 27276205281181
145322 512 0 27276205559505
145834 512 0 27276205837830
146346 512 0 27276206116155
146858 512 0 27276206394480
147370 512 0 27276206672805
147882 512 0 27276206951129
148394 512 0 27276207229454
148906 512 0 27276207507779
149418 512 0 27276207786104
149930 512 0 27276208064429
150442 512 0 27276208342754
150954 512 0 27276208621078
151466 512 0 27276208899403
151978 512 0 27276209177728
152490 512 0 27276209456053
153002 512 0 27276209734378
153514 512 0 27276210012702
154026 512 0 27276210291027
154538 512 0 27276210569352
155050 512 0 27276210847677
155562 512 0 27276211125826
156074 512 0 27276211404149
156586 512 0 27276211682472
157098 512 0 27276211960795
157610 512 0 27276212239118
158122 512 0 27276212517442
158634 512 0 27276212795765
159146 512 0 27276213074088
159658 512 0 27276213352411
160170 512 0 27276213630735
160682 512 0 27276213909058
161194 512 0 27276214187381
161706 512 0 27276214465704
162218 512 0 27276214744027
162730 512 0 27276215022351
163242 512 0 27276215300674
163754 512 0 27276215578997
164266 512 0 27276215857320
164778 512 0 27276216135644
165290 512 0 27276216413967
165802 512 0 27276216692290
166314 512 0 27276216970904
166826 512 0 27276217249230
167338 512 0 27276217527556
167850 512 0 27276217805881
168362 512 0 27276218084207
168874 512 0 27276218362533
169386 512 0 27276218640859
169898 512 0 27276218919185
170410 512 0 27276219197511
170922 512 0 27276219475837
171434 512 0 27276219754163
171946 512 0 27276220032488
172458 512 0 27276220310814
172970 512 0 27276220589140
173482 512 0 27276220867466
173994 512 0 27276221145792
174506 512 0 27276221424118
175018 512 0 27276221702444
175530 512 0 27276221980770
176042 512 0 27276222259095
176554 512 0 27276222537421
177066 512 0 27276222815747
177578 512 0 27276223093599
178090 512 0 27276223371923
178602 512 0 27276223650247
179114 512 0 27276223928571
179626 512 0 27276224206895
180138 512 0 27276224485219
180650 512 0 27276224763543
181162 512 0 27276225041866
181674 512 0 27276225320190
182186 512 0 27276225598514
182698 512 0 27276225876838
183210 512 0 27276226155162
183722 512 0 27276226433486
184234 512 0 27276226711810
184746 512 0 27276226990134
185258 512 0 27276227268458
185770 512 0 27276227546782
186282 512 0 27276227825105
186794 512 0 27276228103429
187306 512 0 27276228381753
187818 512 0 27276228660077
188330 512 0 27276228938639
188842 512 0 27276229216964
189354 512 0 27276229495289
189866 512 0 27276229773614
190378 512 0 27276230051939
190890 512 0 27276230330264
191402 512 0 27276230608589
191914 512 0 27276230886914
192426 512 0 27276231165238
192938 512 0 27276231443563
193450 512 0 27276231721888
193962 512 0 27276232000213
194474 512 0 27276232278538
194986 512 0 27276232556863
195498 512 0 27276232835188
196010 512 0 27276233113513
196522 512 0 27276233391838
197034 512 0 27276233670162
197546 512 0 27276233948487
198058 512 0 27276234226812
198570 512 0 27276234505137
199082 512 0 27276234783074
199594 512 0 27276235061397
200106 512 0 27276235339720
200618 512 0 27276235618043
201130 512 0 27276235896367
201642 512 0 27276236174690
202154 512 0 27276236453013
202666 512 0 27276236731336
203178 512 0 27276237009660
203690 512 0 27276237287983
204202 512 0 27276237566306
204714 512 0 27276237844629
205226 512 0 27276238122953
205738 512 0 27276238401276
206250 512 0 27276238679599
206762 512 0 27276238957922
207274 512 0 27276239236246
207786 512 0 27276239514569
208298 512 0 27276239792892
208810 512 0 27276240071215
209322 512 0 27276240349539
209834 512 0 27276240627862
210346 512 0 27276240906438
210858 512 0 27276241184762
211370 512 0 27276241463086
211882 512 0 27276241741410
212394 512 0 27276242019735
212906 512 0 27276242298059
213418 512 0 27276242576383
213930 512 0 27276242854708
214442 512 0 27276243133032
214954 512 0 27276243411356
215466 512 0 27276243689681
215978 512 0 27276243968005
216490 512 0 27276244246329
217002 512 0 27276244524654
217514 512 0 27276244802978
218026 512 0 27276245081302
218538 512 0 27276245359627
219050 512 0 27276245637951
219562 512 0 27276245916275
220074 512 0 27276246194600
220586 512 0 27276246472924
221098 512 0 27276246751248
221610 512 0 27276247029136
222122 512 0 27276247307459
222634 512 0 27276247585781
223146 512 0 27276247864104
223658 512 0 27276248142426
224170 512 0 27276248420749
224682 512 0 27276248699071
225194 512 0 27276248977394
225706 512 0 27276249255716
226218 512 0 27276249534039
226730 512 0 27276249812361
227242 512 0 27276250090684
227754 512 0 27276250369006
228266 512 0 27276250647329
228778 512 0 27276250925651
229290 512 0 27276251203974
229802 512 0 27276251482296
230314 512 0 27276251760619
230826 512 0 27276252038941
231338 512 0 27276252317263
231850 512 0 27276252595586
232362 512 0 27276252874179
232874 512 0 27276253152503
233386 512 0 27276253430826
233898 512 0 27276253709150
234410 512 0 27276253987474
234922 512 0 27276254265797
235434 512 0 27276254544121
235946 512 0 27276254822444
236458 512 0 27276255100768
236970 512 0 27276255379092
237482 512 0 27276255657415
237994 512 0 27276255935739
238506 512 0 27276256214063
239018 512 0 27276256492386
239530 512 0 27276256770710
240042 512 0 27276257049033
240554 512 0 27276257327357
241066 512 0 27276257605681
241578 512 0 27276257884004
242090 512 0 27276258162328
242602 512 0 27276258440652
243114 512 0 27276258718975
243626 512 0 27276258996939
244138 512 0 27276259275261
244650 512 0 27276259553583
245162 512 0 27276259831905
245674 512 0 27276260110228
246186 512 0 27276260388550
246698 512 0 27276260666872
247210 512 0 27276260945194
247722 512 0 27276261223516
248234 512 0 27276261501838
248746 512 0 27276261780160
249258 512 0 27276262058482
249770 512 0 27276262336804
250282 512 0 27276262615127
250794 512 0 27276262893449
251306 512 0 27276263171771
251818 512 0 27276263450093
252330 512 0 27276263728415
252842 512 0 27276264006737
253354 512 0 27276264285059
253866 512 0 27276264563381
254378 512 0 27276264842168
254890 512 0 27276265120492
255402 512 0 27276265398816
255914 512 0 27276265677140
256426 512 0 27276265955464
256938 512 0 27276266233788
257450 512 0 27276266512112
257962 512 0 27276266790436
258474 512 0 27276267068760
258986 512 0 27276267347084
259498 512 0 27276267625408
260010 512 0 27276267903733
260522 512 0 27276268182057
261034 512 0 27276268460381
261546 512 0 27276268738705
262058 512 0 27276269017029
262570 512 0 27276269295353
263082 512 0 27276269573677
263594 512 0 27276269852001
264106 512 0 27276270130325
264618 512 0 27276270408649
265130 512 0 27276270686973
265642 512 0 27276270965536
266154 512 0 27276271243861
266666 512 0 27276271522186
267178 512 0 27276271800511
267690 512 0 27276272078836
268202 512 0 27276272357162
268714 512 0 27276272635487
269226 512 0 27276272913812
269738 512 0 27276273192137
270250 512 0 27276273470462
270762 512 0 27276273748787
271274 512 0 27276274027112
271786 512 0 27276274305437
272298 512 0 27276274583762
272810 512 0 27276274862087
273322 512 0 27276275140412
273834 512 0 27276275418737
274346 512 0 27276275697062
274858 512 0 27276275975387
275370 512 0 27276276253712
275882 512 0 27276276532038
276394 512 0 27276276809973
276906 512 0 27276277088296
277418 512 0 27276277366620
277930 512 0 27276277644943
278442 512 0 27276277923266
278954 512 0 27276278201590
279466 512 0 27276278479913
279978 512 0 27276278758237
280490 512 0 27276279036560
281002 512 0 27276279314884
281514 512 0 27276279593207
282026 512 0 27276279871530
282538 512 0 27276280149854
283050 512 0 27276280428177
283562 512 0 27276280706501
284074 512 0 27276280984824
284586 512 0 27276281263148
285098 512 0 27276281541471
285610 512 0 27276281819794
286122 512 0 27276282098118
286634 512 0 27276282376441
287146 512 0 27276282654765
287658 512 0 27276282933341
288170 512 0 27276283211666
288682 512 0 27276283489990
289194 512 0 27276283768315
289706 512 0 27276284046639
290218 512 0 27276284324964
290730 512 0 27276284603288
291242 512 0 27276284881613
291754 512 0 27276285159937
292266 512 0 27276285438262
292778 512 0 27276285716586
293290 512 0 27276285994911
293802 512 0 27276286273235
294314 512 0 27276286551559
294826 512 0 27276286829884
295338 512 0 27276287108208
295850 512 0 27276287386533
296362 512 0 27276287664857
296874 512 0 27276287943182
297386 512 0 27276288221506
297898 512 0 27276288499831
298410 512 0 27276288777720
298922 512 0 27276289056042
299434 512 0 27276289334365
299946 512 0 27276289612688
300458 512 0 27276289891010
300970 512 0 27276290169333
301482 512 0 27276290447656
301994 512 0 27276290725978
302506 512 0 27276291004301
303018 512 0 27276291282624
303530 512 0 27276291560946
304042 512 0 27276291839269
304554 512 0 27276292117592
305066 512 0 27276292395914
305578 512 0 27276292674237
306090 512 0 27276292952560
306602 512 0 27276293230882
307114 512 0 27276293509205
307626 512 0 27276293787528
308138 512 0 27276294065850
308650 512 0 27276294344173
309162 512 0 27276294622496
309674 512 0 27276294901089
310186 512 0 27276295179413
310698 512 0 27276295457737
311210 512 0 27276295736061
311722 512 0 27276296014385
312234 512 0 27276296292708
312746 512 0 27276296571032
313258 512 0 27276296849356
313770 512 0 27276297127680
314282 512 0 27276297406004
314794 512 0 27276297684327
315306 512 0 27276297962651
315818 512 0 27276298240975
316330 512 0 27276298519299
316842 512 0 27276298797623
317354 512 0 27276299075946
317866 512 0 27276299354270
318378 512 0 27276299632594
318890 512 0 27276299910918
319402 512 0 27276300189242
319914 512 0 27276300467565
320426 512 0 27276300745889
320938 512 0 27276301023853
321450 512 0 27276301302175
321962 512 0 27276301580498
322474 512 0 27276301858820
322986 512 0 27276302137142
323498 512 0 27276302415465
324010 512 0 27276302693787
324522 512 0 27276302972109
325034 512 0 27276303250431
325546 512 0 27276303528754
326058 512 0 27276303807076
326570 512 0 27276304085398
327082 512 0 27276304363721
327594 512 0 27276304642043
328106 512 0 27276304920365
328618 512 0 27276305198688
329130 512 0 27276305477010
329642 512 0 27276305755332
330154 512 0 27276306033654
330666 512 0 27276306311977
331178 512 0 27276306590299
331690 512 0 27276306868841
332202 512 0 27276307147165
332714 512 0 27276307425488
333226 512 0 27276307703811
333738 512 0 27276307982134
334250 512 0 27276308260457
334762 512 0 27276308538781
335274 512 0 27276308817104
335786 512 0 27276309095427
336298 512 0 27276309373750
336810 512 0 27276309652074
337322 512 0 27276309930397
337834 512 0 27276310208720
338346 512 0 27276310487043
338858 512 0 27276310765366
339370 512 0 27276311043690
339882 512 0 27276311322013
340394 512 0 27276311600336
340906 512 0 27276311878659
341418 512 0 27276312156982
341930 512 0 27276312435306
342442 512 0 27276312713886
342954 512 0 27276312992211
343466 512 0 27276313270535
343978 512 0 27276313548859
344490 512 0 27276313827183
345002 512 0 27276314105508
345514 512 0 27276314383832
346026 512 0 27276314662156
346538 512 0 27276314940481
347050 512 0 27276315218805
347562 512 0 27276315497129
348074 512 0 27276315775453
348586 512 0 27276316053778
349098 512 0 27276316332102
349610 512 0 27276316610426
350122 512 0 27276316888751
350634 512 0 27276317167075
351146 512 0 27276317445399
351658 512 0 27276317723724
352170 512 0 27276318002048
352682 512 0 27276318280372
353194 512 0 27276318558696
353706 512 0 27276318836860
354218 512 0 27276319115184
354730 512 0 27276319393508
355242 512 0 27276319671831
355754 512 0 27276319950155
356266 512 0 27276320228479
356778 512 0 27276320506802
357290 512 0 27276320785126
357802 512 0 27276321063449
358314 512 0 27276321341773
358826 512 0 27276321620097
359338 512 0 27276321898420
359850 512 0 27276322176744
360362 512 0 27276322455068
360874 512 0 27276322733391
361386 512 0 27276323011715
361898 512 0 27276323290038
362410 512 0 27276323568362
362922 512 0 27276323846686
363434 512 0 27276324125009
363946 512 0 27276324403333
364458 512 0 27276324681657
364970 512 0 27276324960232
365482 512 0 27276325238557
365994 512 0 27276325516881
366506 512 0 27276325795206
367018 512 0 27276326073531
367530 512 0 27276326351856
368042 512 0 27276326630180
368554 512 0 27276326908505
369066 512 0 27276327186830
369578 512 0 27276327465154
370090 512 0 27276327743479
370602 512 0 27276328021804
371114 512 0 27276328300128
371626 512 0 27276328578453
372138 512 0 27276328856778
372650 512 0 27276329135102
373162 512 0 27276329413427
373674 512 0 27276329691752
374186 512 0 27276329970076
374698 512 0 27276330248401
375210 512 0 27276330526726
375722 512 0 27276330804612
376234 512 0 27276331082935
376746 512 0 27276331361258
377258 512 0 27276331639580
377770 512 0 27276331917903
378282 512 0 27276332196226
378794 512 0 27276332474549
379306 512 0 27276332752872
379818 512 0 27276333031195
380330 512 0 27276333309517
380842 512 0 27276333587840
381354 512 0 27276333866163
381866 512 0 27276334144486
382378 512 0 27276334422809
382890 512 0 27276334701132
383402 512 0 27276334979454
383914 512 0 27276335257777
384426 512 0 27276335536100
384938 512 0 27276335814423
385450 512 0 27276336092746
385962 512 0 27276336371069
386474 512 0 27276336649391
386986 512 0 27276336927985
387498 512 0 27276337206309
388010 512 0 27276337484633
388522 512 0 27276337762957
389034 512 0 27276338041281
389546 512 0 27276338319605
390058 512 0 27276338597929
390570 512 0 27276338876253
391082 512 0 27276339154577
391594 512 0 27276339432901
392106 512 0 27276339711225
392618 512 0 27276339989549
393130 512 0 27276340267873
393642 512 0 27276340546197
394154 512 0 27276340824520
394666 512 0 27276341102844
395178 512 0 27276341381168
395690 512 0 27276341659492
396202 512 0 27276341937816
396714 512 0 27276342216140
397226 512 0 27276342494464
397738 512 0 27276342772428
398250 512 0 27276343050750
398762 512 0 27276343329073
399274 512 0 27276343607395
399786 512 0 27276343885717
400298 512 0 27276344164040
400810 512 0 27276344442362
401322 512 0 27276344720685
401834 512 0 27276344999007
402346 512 0 27276345277330
402858 512 0 27276345555652
403370 512 0 27276345833975
403882 512 0 27276346112297
404394 512 0 27276346390620
404906 512 0 27276346668942
405418 512 0 27276346947265
405930 512 0 27276347225587
406442 512 0 27276347503909
406954 512 0 27276347782232
407466 512 0 27276348060554
407978 512 0 27276348338877
408490 512 0 27276348617418
409002 512 0 27276348895741
409514 512 0 27276349174065
410026 512 0 27276349452388
410538 512 0 27276349730712
411050 512 0 27276350009035
411562 512 0 27276350287358
412074 512 0 27276350565682
412586 512 0 27276350844005
413098 512 0 27276351122328
413610 512 0 27276351400652
414122 512 0 27276351678975
414634 512 0 27276351957299
415146 512 0 27276352235622
415658 512 0 27276352513945
416170 512 0 27276352792269
416682 512 0 27276353070592
417194 512 0 27276353348915
417706 512 0 27276353627239
418218 512 0 27276353905562
418730 512 0 27276354183886
419242 512 0 27276354462209
419754 512 0 27276354740532
420266 512 0 27276355018508
420778 512 0 27276355296830
421290 512 0 27276355575152
421802 512 0 27276355853474
422314 512 0 27276356131796
422826 512 0 27276356410118
423338 512 0 27276356688439
423850 512 0 27276356966761
424362 512 0 27276357245083
424874 512 0 27276357523405
425386 512 0 27276357801727
425898 512 0 27276358080049
426410 512 0 27276358358371
426922 512 0 27276358636693
427434 512 0 27276358915015
427946 512 0 27276359193337
428458 512 0 27276359471659
428970 512 0 27276359749981
429482 512 0 27276360028303
429994 512 0 27276360306624
430506 512 0 27276360584946
431018 512 0 27276360863559
431530 512 0 27276361141883
432042 512 0 27276361420206
432554 512 0 27276361698529
433066 512 0 27276361976852
433578 512 0 27276362255175
434090 512 0 27276362533498
434602 512 0 27276362811822
435114 512 0 27276363090145
435626 512 0 27276363368468
436138 512 0 27276363646791
436650 512 0 27276363925114
437162 512 0 27276364203437
437674 512 0 27276364481760
438186 512 0 27276364760084
438698 512 0 27276365038407
439210 512 0 27276365316730
439722 512 0 27276365595053
440234 512 0 27276365873376
440746 512 0 27276366151699
441258 512 0 27276366430022
441770 512 0 27276366708006
442282 512 0 27276366986328
442794 512 0 27276367264649
443306 512 0 27276367542971
443818 512 0 27276367821293
444330 512 0 27276368099614
444842 512 0 27276368377936
445354 512 0 27276368656258
445866 512 0 27276368934580
446378 512 0 27276369212901
446890 512 0 27276369491223
447402 512 0 27276369769545
447914 512 0 27276370047867
448426 512 0 27276370326188
448938 512 0 27276370604510
449450 512 0 27276370882832
449962 512 0 27276371161153
450474 512 0 27276371439475
450986 512 0 27276371717797
451498 512 0 27276371996119
452010 512 0 27276372274440
452522 512 0 27276372552762
453034 512 0 27276372831517
453546 512 0 27276373109841
454058 512 0 27276373388164
454570 512 0 27276373666488
455082 512 0 27276373944811
455594 512 0 27276374223135
456106 512 0 27276374501458
456618 512 0 27276374779782
457130 512 0 27276375058106
457642 512 0 27276375336429
458154 512 0 27276375614753
458666 512 0 27276375893076
459178 512 0 27276376171400
459690 512 0 27276376449723
460202 512 0 27276376728047
460714 512 0 27276377006370
461226 512 0 27276377284694
461738 512 0 27276377563017
462250 512 0 27276377841341
462762 512 0 27276378119664
463274 512 0 27276378397988
463786 512 0 27276378676312
464298 512 0 27276378954890
464810 512 0 27276379233215
465322 512 0 27276379511540
465834 512 0 27276379789864
466346 512 0 27276380068189
466858 512 0 27276380346513
467370 512 0 27276380624838
467882 512 0 27276380903163
468394 512 0 27276381181487
468906 512 0 27276381459812
469418 512 0 27276381738136
469930 512 0 27276382016461
470442 512 0 27276382294786
470954 512 0 27276382573110
471466 512 0 27276382851435
471978 512 0 27276383129759
472490 512 0 27276383408084
473002 512 0 27276383686409
473514 512 0 27276383964733
474026 512 0 27276384243058
474538 512 0 27276384521382
475050 512 0 27276384799334
475562 512 0 27276385077657
476074 512 0 27276385355980
476586 512 0 27276385634303
477098 512 0 27276385912626
477610 512 0 27276386190949
478122 512 0 27276386469273
478634 512 0 27276386747596
479146 512 0 27276387025919
479658 512 0 27276387304242
480170 512 0 27276387582565
480682 512 0 27276387860888
481194 512 0 27276388139211
481706 512 0 27276388417534
482218 512 0 27276388695857
482730 512 0 27276388974180
483242 512 0 27276389252503
483754 512 0 27276389530826
484266 512 0 27276389809149
484778 512 0 27276390087472
485290 512 0 27276390365795
485802 512 0 27276390644118
486314 512 0 27276390922648
486826 512 0 27276391200972
487338 512 0 27276391479296
487850 512 0 27276391757620
488362 512 0 27276392035944
488874 512 0 27276392314268
489386 512 0 27276392592592
489898 512 0 27276392870916
490410 512 0 27276393149240
490922 512 0 27276393427563
491434 512 0 27276393705887
491946 512 0 27276393984211
492458 512 0 27276394262535
492970 512 0 27276394540859
493482 512 0 27276394819183
493994 512 0 27276395097507
494506 512 0 27276395375831
495018 512 0 27276395654155
495530 512 0 27276395932479
496042 512 0 27276396210803
496554 512 0 27276396489126
497066 512 0 27276396767094
497578 512 0 27276397045417
498090 512 0 27276397323739
498602 512 0 27276397602061
499114 512 0 27276397880384
499626 512 0 27276398158706
500138 512 0 27276398437029
500650 512 0 27276398715351
501162 512 0 27276398993674
501674 512 0 27276399271996
502186 512 0 27276399550318
502698 512 0 27276399828641
503210 512 0 27276400106963
503722 512 0 27276400385286
504234 512 0 27276400663608
504746 512 0 27276400941930
505258 512 0 27276401220253
505770 512 0 27276401498575
506282 512 0 27276401776898
506794 512 0 27276402055220
507306 512 0 27276402333543
507818 512 0 27276402612147
508330 512 0 27276402890471
508842 512 0 27276403168794
509354 512 0 27276403447118
509866 512 0 27276403725441
510378 512 0 27276404003765
510890 512 0 27276404282088
511402 512 0 27276404560412
511914 512 0 27276404838736
512426 512 0 27276405117059
512938 512 0 27276405395383
513450 512 0 27276405673706
513962 512 0 27276405952030
514474 512 0 27276406230354
514986 512 0 27276406508677
515498 512 0 27276406787001
516010 512 0 27276407065324
516522 512 0 27276407343648
517034 512 0 27276407621972
517546 512 0 27276407900295
518058 512 0 27276408178619
518570 512 0 27276408456942
519082 512 0 27276408734916
519594 512 0 27276409013238
520106 512 0 27276409291561
520618 512 0 27276409569883
521130 512 0 27276409848205
521642 512 0 27276410126527
522154 512 0 27276410404849
522666 512 0 27276410683171
523178 512 0 27276410961493
523690 512 0 27276411239816
524202 512 0 27276411518138
524714 512 0 27276411796460
525226 512 0 27276412074782
525738 512 0 27276412353104
526250 512 0 27276412631426
526762 512 0 27276412909748
527274 512 0 27276413188070
527786 512 0 27276413466393
528298 512 0 27276413744715
528810 512 0 27276414023037
529322 512 0 27276414301359
529834 512 0 27276414579681
530346 512 0 27276414858233
530858 512 0 27276415136556
531370 512 0 27276415414879
531882 512 0 27276415693202
532394 512 0 27276415971525
532906 512 0 27276416249849
533418 512 0 27276416528172
533930 512 0 27276416806495
534442 512 0 27276417084818
534954 512 0 27276417363141
535466 512 0 27276417641464
535978 512 0 27276417919787
536490 512 0 27276418198110
537002 512 0 27276418476433
537514 512 0 27276418754756
538026 512 0 27276419033080
538538 512 0 27276419311403
539050 512 0 27276419589726
539562 512 0 27276419868049
540074 512 0 27276420146372
540586 512 0 27276420424695
541098 512 0 27276420702680
541610 512 0 27276420981002
542122 512 0 27276421259324
542634 512 0 27276421537645
543146 512 0 27276421815967
543658 512 0 27276422094289
544170 512 0 27276422372611
544682 512 0 27276422650932
545194 512 0 27276422929254
545706 512 0 27276423207576
546218 512 0 27276423485897
546730 512 0 27276423764219
547242 512 0 27276424042541
547754 512 0 27276424320862
548266 512 0 27276424599184
548778 512 0 27276424877506
549290 512 0 27276425155827
549802 512 0 27276425434149
550314 512 0 27276425712471
550826 512 0 27276425990792
551338 512 0 27276426269114
551850 512 0 27276426547436
552362 512 0 27276426826250
552874 512 0 27276427104574
553386 512 0 27276427382897
553898 512 0 27276427661221
554410 512 0 27276427939545
554922 512 0 27276428217869
555434 512 0 27276428496192
555946 512 0 27276428774516
556458 512 0 27276429052840
556970 512 0 27276429331164
557482 512 0 27276429609487
557994 512 0 27276429887811
558506 512 0 27276430166135
559018 512 0 27276430444459
559530 512 0 27276430722782
560042 512 0 27276431001106
560554 512 0 27276431279430
561066 512 0 27276431557754
561578 512 0 27276431836077
562090 512 0 27276432114401
562602 512 0 27276432392725
563114 512 0 27276432671242
563626 512 0 27276432949566
564138 512 0 27276433227891
564650 512 0 27276433506215
565162 512 0 27276433784540
565674 512 0 27276434062864
566186 512 0 27276434341189
566698 512 0 27276434619514
567210 512 0 27276434897838
567722 512 0 27276435176163
568234 512 0 27276435454487
568746 512 0 27276435732812
569258 512 0 27276436011136
569770 512 0 27276436289461
570282 512 0 27276436567785
570794 512 0 27276436846110
571306 512 0 27276437124434
571818 512 0 27276437402759
572330 512 0 27276437681084
572842 512 0 27276437959408
573354 512 0 27276438237733
573866 512 0 27276438516057
574378 512 0 27276438794011
574890 512 0 27276439072334
575402 512 0 27276439350657
575914 512 0 27276439628980
576426 512 0 27276439907303
576938 512 0 27276440185626
577450 512 0 27276440463949
577962 512 0 27276440742272
578474 512 0 27276441020595
578986 512 0 27276441298918
579498 512 0 27276441577241
580010 512 0 27276441855564
580522 512 0 27276442133887
581034 512 0 27276442412210
581546 512 0 27276442690533
582058 512 0 27276442968856
582570 512 0 27276443247179
583082 512 0 27276443525502
583594 512 0 27276443803825
584106 512 0 27276444082148
584618 512 0 27276444360471
585130 512 0 27276444639065
585642 512 0 27276444917389
586154 512 0 27276445195713
586666 512 0 27276445474037
587178 512 0 27276445752361
587690 512 0 27276446030685
588202 512 0 27276446309009
588714 512 0 27276446587333
589226 512 0 27276446865658
589738 512 0 27276447143982
590250 512 0 27276447422306
590762 512 0 27276447700630
591274 512 0 27276447978954
591786 512 0 27276448257278
592298 512 0 27276448535602
592810 512 0 27276448813927
593322 512 0 27276449092251
593834 512 0 27276449370575
594346 512 0 27276449648899
594858 512 0 27276449927223
595370 512 0 27276450205547
595882 512 0 27276450483871
596394 512 0 27276450761835
596906 512 0 27276451040157
597418 512 0 27276451318480
597930 512 0 27276451596803
598442 512 0 27276451875125
598954 512 0 27276452153448
599466 512 0 27276452431771
599978 512 0 27276452710093
600490 512 0 27276452988416
601002 512 0 27276453266738
601514 512 0 27276453545061
602026 512 0 27276453823384
602538 512 0 27276454101706
603050 512 0 27276454380029
603562 512 0 27276454658352
604074 512 0 27276454936674
604586 512 0 27276455214997
605098 512 0 27276455493319
605610 512 0 27276455771642
606122 512 0 27276456049965
606634 512 0 27276456328287
607146 512 0 27276456606830
607658 512 0 27276456885153
608170 512 0 27276457163477
608682 512 0 27276457441800
609194 512 0 27276457720124
609706 512 0 27276457998447
610218 512 0 27276458276771
610730 512 0 27276458555094
611242 512 0 27276458833418
611754 512 0 27276459111741
612266 512 0 27276459390065
612778 512 0 27276459668389
613290 512 0 27276459946712
613802 512 0 27276460225036
614314 512 0 27276460503359
614826 512 0 27276460781683
615338 512 0 27276461060006
615850 512 0 27276461338330
616362 512 0 27276461616653
616874 512 0 27276461894977
617386 512 0 27276462173300
617898 512 0 27276462451624
618410 512 0 27276462729601
618922 512 0 27276463007923
619434 512 0 27276463286245
619946 512 0 27276463564567
620458 512 0 27276463842889
620970 512 0 27276464121211
621482 512 0 27276464399534
621994 512 0 27276464677856
622506 512 0 27276464956178
623018 512 0 27276465234500
623530 512 0 27276465512822
624042 512 0 27276465791144
624554 512 0 27276466069466
625066 512 0 27276466347788
625578 512 0 27276466626110
626090 512 0 27276466904432
626602 512 0 27276467182755
627114 512 0 27276467461077
627626 512 0 27276467739399
628138 512 0 27276468017721
628650 512 0 27276468296043
629162 512 0 27276468574365
629674 512 0 27276468852980
630186 512 0 27276469131304
630698 512 0 27276469409627
631210 512 0 27276469687950
631722 512 0 27276469966274
632234 512 0 27276470244597
632746 512 0 27276470522920
633258 512 0 27276470801243
633770 512 0 27276471079567
634282 512 0 27276471357890
634794 512 0 27276471636213
635306 512 0 27276471914537
635818 512 0 27276472192860
636330 512 0 27276472471183
636842 512 0 27276472749507
637354 512 0 27276473027830
637866 512 0 27276473306153
638378 512 0 27276473584477
638890 512 0 27276473862800
639402 512 0 27276474141123
639914 512 0 27276474419447
640426 512 0 27276474697430
640938 512 0 27276474975752
641450 512 0 27276475254074
641962 512 0 27276475532396
642474 512 0 27276475810718
642986 512 0 27276476089039
643498 512 0 27276476367361
644010 512 0 27276476645683
644522 512 0 27276476924005
645034 512 0 27276477202327
645546 512 0 27276477480649
646058 512 0 27276477758971
646570 512 0 27276478037293
647082 512 0 27276478315615
647594 512 0 27276478593937
648106 512 0 27276478872258
648618 512 0 27276479150580
649130 512 0 27276479428902
649642 512 0 27276479707224
650154 512 0 27276479985546
650666 512 0 27276480263868
651178 512 0 27276480542553
651690 512 0 27276480820876
652202 512 0 27276481099200
652714 512 0 27276481377523
653226 512 0 27276481655846
653738 512 0 27276481934170
654250 512 0 27276482212493
654762 512 0 27276482490817
655274 512 0 27276482769140
655786 512 0 27276483047464
656298 512 0 27276483325787
656810 512 0 27276483604110
657322 512 0 27276483882434
657834 512 0 27276484160757
658346 512 0 27276484439081
658858 512 0 27276484717404
659370 512 0 27276484995728
659882 512 0 27276485274051
660394 512 0 27276485552374
660906 512 0 27276485830698
661418 512 0 27276486109021
661930 512 0 27276486387345
662442 512 0 27276486665327
662954 512 0 27276486943649
663466 512 0 27276487221971
663978 512 0 27276487500293
664490 512 0 27276487778615
665002 512 0 27276488056937
665514 512 0 27276488335259
666026 512 0 27276488613581
666538 512 0 27276488891903
667050 512 0 27276489170225
667562 512 0 27276489448547
668074 512 0 27276489726869
668586 512 0 27276490005191
669098 512 0 27276490283513
669610 512 0 27276490561835
670122 512 0 27276490840157
670634 512 0 27276491118479
671146 512 0 27276491396801
671658 512 0 27276491675123
672170 512 0 27276491953445
672682 512 0 27276492231767
673194 512 0 27276492510089
673706 512 0 27276492788706
674218 512 0 27276493067029
674730 512 0 27276493345353
675242 512 0 27276493623676
675754 512 0 27276493901999
676266 512 0 27276494180322
676778 512 0 27276494458646
677290 512 0 27276494736969
677802 512 0 27276495015292
678314 512 0 27276495293615
678826 512 0 27276495571938
679338 512 0 27276495850262
679850 512 0 27276496128585
680362 512 0 27276496406908
680874 512 0 27276496685231
681386 512 0 27276496963555
681898 512 0 27276497241878
682410 512 0 27276497520201
682922 512 0 27276497798524
683434 512 0 27276498076847
683946 512 0 27276498355171
684458 512 0 27276498633701
684970 512 0 27276498912025
685482 512 0 27276499190349
685994 512 0 27276499468673
686506 512 0 27276499746997
687018 512 0 27276500025321
687530 512 0 27276500303645
688042 512 0 27276500581969
688554 512 0 27276500860293
689066 512 0 27276501138617
689578 512 0 27276501416941
690090 512 0 27276501695266
690602 512 0 27276501973590
691114 512 0 27276502251914
691626 512 0 27276502530238
692138 512 0 27276502808562
692650 512 0 27276503086886
693162 512 0 27276503365210
693674 512 0 27276503643534
694186 512 0 27276503921858
694698 512 0 27276504200182
695210 512 0 27276504478506
695722 512 0 27276504756472
696234 512 0 27276505034794
696746 512 0 27276505313117
697258 512 0 27276505591439
697770 512 0 27276505869762
698282 512 0 27276506148085
698794 512 0 27276506426407
699306 512 0 27276506704730
699818 512 0 27276506983052
700330 512 0 27276507261375
700842 512 0 27276507539698
701354 512 0 27276507818020
701866 512 0 27276508096343
702378 512 0 27276508374665
702890 512 0 27276508652988
703402 512 0 27276508931311
703914 512 0 27276509209633
704426 512 0 27276509487956
704938 512 0 27276509766278
705450 512 0 27276510044601
705962 512 0 27276510322924
706474 512 0 27276510601529
706986 512 0 27276510879853
707498 512 0 27276511158176
708010 512 0 27276511436500
708522 512 0 27276511714824
709034 512 0 27276511993148
709546 512 0 27276512271471
710058 512 0 27276512549795
710570 512 0 27276512828119
711082 512 0 27276513106443
711594 512 0 27276513384767
712106 512 0 27276513663090
712618 512 0 27276513941414
713130 512 0 27276514219738
713642 512 0 27276514498062
714154 512 0 27276514776385
714666 512 0 27276515054709
715178 512 0 27276515333033
715690 512 0 27276515611357
716202 512 0 27276515889681
716714 512 0 27276516168004
717226 512 0 27276516445978
717738 512 0 27276516724301
718250 512 0 27276517002623
718762 512 0 27276517280945
719274 512 0 27276517559268
719786 512 0 27276517837590
720298 512 0 27276518115912
720810 512 0 27276518394234
721322 512 0 27276518672557
721834 512 0 27276518950879
722346 512 0 27276519229201
722858 512 0 27276519507524
723370 512 0 27276519785846
723882 512 0 27276520064168
724394 512 0 27276520342491
724906 512 0 27276520620813
725418 512 0 27276520899135
725930 512 0 27276521177458
726442 512 0 27276521455780
726954 512 0 27276521734102
727466 512 0 27276522012424
727978 512 0 27276522290747
728490 512 0 27276522569297
729002 512 0 27276522847621
729514 512 0 27276523125944
730026 512 0 27276523404267
730538 512 0 27276523682591
731050 512 0 27276523960914
731562 512 0 27276524239237
732074 512 0 27276524517560
732586 512 0 27276524795884
733098 512 0 27276525074207
733610 512 0 27276525352530
734122 512 0 27276525630853
734634 512 0 27276525909177
735146 512 0 27276526187500
735658 512 0 27276526465823
736170 512 0 27276526744146
736682 512 0 27276527022470
737194 512 0 27276527300793
737706 512 0 27276527579116
738218 512 0 27276527857439
738730 512 0 27276528135763
739242 512 0 27276528414086
739754 512 0 27276528692070
740266 512 0 27276528970392
740778 512 0 27276529248714
741290 512 0 27276529527036
741802 512 0 27276529805358
742314 512 0 27276530083680
742826 512 0 27276530362001
743338 512 0 27276530640323
743850 512 0 27276530918645
744362 512 0 27276531196967
744874 512 0 27276531475289
745386 512 0 27276531753611
745898 512 0 27276532031933
746410 512 0 27276532310254
746922 512 0 27276532588576
747434 512 0 27276532866898
747946 512 0 27276533145220
748458 512 0 27276533423542
748970 512 0 27276533701864
749482 512 0 27276533980185
749994 512 0 27276534258507
750506 512 0 27276534537302
751018 512 0 27276534815626
751530 512 0 27276535093950
752042 512 0 27276535372274
752554 512 0 27276535650597
753066 512 0 27276535928921
753578 512 0 27276536207245
754090 512 0 27276536485569
754602 512 0 27276536763893
755114 512 0 27276537042217
755626 512 0 27276537320540
756138 512 0 27276537598864
756650 512 0 27276537877188
757162 512 0 27276538155512
757674 512 0 27276538433836
758186 512 0 27276538712160
758698 512 0 27276538990483
759210 512 0 27276539268807
759722 512 0 27276539547131
760234 512 0 27276539825455
760746 512 0 27276540103779
761258 512 0 27276540382103
761770 512 0 27276540660620
762282 512 0 27276540938945
762794 512 0 27276541217269
763306 512 0 27276541495594
763818 512 0 27276541773918
764330 512 0 27276542052243
764842 512 0 27276542330568
765354 512 0 27276542608892
765866 512 0 27276542887217
766378 512 0 27276543165542
766890 512 0 27276543443866
767402 512 0 27276543722191
767914 512 0 27276544000516
768426 512 0 27276544278840
768938 512 0 27276544557165
769450 512 0 27276544835490
769962 512 0 27276545113814
770474 512 0 27276545392139
770986 512 0 27276545670463
771498 512 0 27276545948788
772010 512 0 27276546227113
772522 512 0 27276546505437
773034 512 0 27276546783393
773546 512 0 27276547061716
774058 512 0 27276547340039
774570 512 0 27276547618362
775082 512 0 27276547896685
775594 512 0 27276548175008
776106 512 0 27276548453332
776618 512 0 27276548731655
777130 512 0 27276549009978
777642 512 0 27276549288301
778154 512 0 27276549566624
778666 512 0 27276549844947
779178 512 0 27276550123270
779690 512 0 27276550401593
780202 512 0 27276550679916
780714 512 0 27276550958239
781226 512 0 27276551236563
781738 512 0 27276551514886
782250 512 0 27276551793209
782762 512 0 27276552071532
783274 512 0 27276552349855
783786 512 0 27276552628448
784298 512 0 27276552906772
784810 512 0 27276553185096
785322 512 0 27276553463420
785834 512 0 27276553741745
786346 512 0 27276554020069
786858 512 0 27276554298393
787370 512 0 27276554576717
787882 512 0 27276554855042
788394 512 0 27276555133366
788906 512 0 27276555411690
789418 512 0 27276555690014
789930 512 0 27276555968338
790442 512 0 27276556246663
790954 512 0 27276556524987
791466 512 0 27276556803311
791978 512 0 27276557081635
792490 512 0 27276557359960
793002 512 0 27276557638284
793514 512 0 27276557916608
794026 512 0 27276558194932
794538 512 0 27276558472898
795050 512 0 27276558751221
795562 512 0 27276559029543
796074 512 0 27276559307866
796586 512 0 27276559586189
797098 512 0 27276559864511
797610 512 0 27276560142834
798122 512 0 27276560421157
798634 512 0 27276560699480
799146 512 0 27276560977802
799658 512 0 27276561256125
800170 512 0 27276561534448
800682 512 0 27276561812770
801194 512 0 27276562091093
801706 512 0 27276562369416
802218 512 0 27276562647739
802730 512 0 27276562926061
803242 512 0 27276563204384
803754 512 0 27276563482707
804266 512 0 27276563761030
804778 512 0 27276564039352
805290 512 0 27276564317675
805802 512 0 27276564596218
806314 512 0 27276564874541
806826 512 0 27276565152865
807338 512 0 27276565431189
807850 512 0 27276565709512
808362 512 0 27276565987836
808874 512 0 27276566266159
809386 512 0 27276566544483
809898 512 0 27276566822807
810410 512 0 27276567101130
810922 512 0 27276567379454
811434 512 0 27276567657778
811946 512 0 27276567936101
812458 512 0 27276568214425
812970 512 0 27276568492749
813482 512 0 27276568771072
813994 512 0 27276569049396
814506 512 0 27276569327720
815018 512 0 27276569606043
815530 512 0 27276569884367
816042 512 0 27276570162690
816554 512 0 27276570440669
817066 512 0 27276570718992
817578 512 0 27276570997314
818090 512 0 27276571275636
818602 512 0 27276571553958
819114 512 0 27276571832280
819626 512 0 27276572110603
820138 512 0 27276572388925
820650 512 0 27276572667247
821162 512 0 27276572945569
821674 512 0 27276573223891
822186 512 0 27276573502214
822698 512 0 27276573780536
823210 512 0 27276574058858
823722 512 0 27276574337180
824234 512 0 27276574615502
824746 512 0 27276574893825
825258 512 0 27276575172147
825770 512 0 27276575450469
826282 512 0 27276575728791
826794 512 0 27276576007113
827306 512 0 27276576285436
827818 512 0 27276576564051
828330 512 0 27276576842374
828842 512 0 27276577120698
829354 512 0 27276577399021
829866 512 0 27276577677345
830378 512 0 27276577955668
830890 512 0 27276578233992
831402 512 0 27276578512315
831914 512 0 27276578790638
832426 512 0 27276579068962
832938 512 0 27276579347285
833450 512 0 27276579625609
833962 512 0 27276579903932
834474 512 0 27276580182256
834986 512 0 27276580460579
835498 512 0 27276580738902
836010 512 0 27276581017226
836522 512 0 27276581295549
837034 512 0 27276581573873
837546 512 0 27276581852196
838058 512 0 27276582130520
838570 512 0 27276582408843
839082 512 0 27276582686764
839594 512 0 27276582965086
840106 512 0 27276583243408
840618 512 0 27276583521730
841130 512 0 27276583800051
841642 512 0 27276584078373
842154 512 0 27276584356695
842666 512 0 27276584635017
843178 512 0 27276584913338
843690 512 0 27276585191660
844202 512 0 27276585469982
844714 512 0 27276585748304
845226 512 0 27276586026625
845738 512 0 27276586304947
846250 512 0 27276586583269
846762 512 0 27276586861591
847274 512 0 27276587139912
847786 512 0 27276587418234
848298 512 0 27276587696556
848810 512 0 27276587974878
849322 512 0 27276588253199
849834 512 0 27276588531989
850346 512 0 27276588810313
850858 512 0 27276589088637
851370 512 0 27276589366960
851882 512 0 27276589645284
852394 512 0 27276589923608
852906 512 0 27276590201931
853418 512 0 27276590480255
853930 512 0 27276590758579
854442 512 0 27276591036903
854954 512 0 27276591315226
855466 512 0 27276591593550
855978 512 0 27276591871874
856490 512 0 27276592150197
857002 512 0 27276592428521
857514 512 0 27276592706845
858026 512 0 27276592985168
858538 512 0 27276593263492
859050 512 0 27276593541816
859562 512 0 27276593820140
860074 512 0 27276594098463
860586 512 0 27276594376442
861098 512 0 27276594654764
861610 512 0 27276594933087
862122 512 0 27276595211409
862634 512 0 27276595489731
863146 512 0 27276595768053
863658 512 0 27276596046376
864170 512 0 27276596324698
864682 512 0 27276596603020
865194 512 0 27276596881342
865706 512 0 27276597159665
866218 512 0 27276597437987
866730 512 0 27276597716309
867242 512 0 27276597994631
867754 512 0 27276598272954
868266 512 0 27276598551276
868778 512 0 27276598829598
869290 512 0 27276599107921
869802 512 0 27276599386243
870314 512 0 27276599664565
870826 512 0 27276599942887
871338 512 0 27276600221210
871850 512 0 27276600499824
872362 512 0 27276600778147
872874 512 0 27276601056470
873386 512 0 27276601334794
873898 512 0 27276601613117
874410 512 0 27276601891441
874922 512 0 27276602169764
875434 512 0 27276602448088
875946 512 0 27276602726411
876458 512 0 27276603004735
876970 512 0 27276603283058
877482 512 0 27276603561382
877994 512 0 27276603839705
878506 512 0 27276604118029
879018 512 0 27276604396352
879530 512 0 27276604674676
880042 512 0 27276604952999
880554 512 0 27276605231323
881066 512 0 27276605509646
881578 512 0 27276605787970
882090 512 0 27276606066293
882602 512 0 27276606344617
883114 512 0 27276606623144
883626 512 0 27276606901469
884138 512 0 27276607179793
884650 512 0 27276607458117
885162 512 0 27276607736442
885674 512 0 27276608014766
886186 512 0 27276608293090
886698 512 0 27276608571415
887210 512 0 27276608849739
887722 512 0 27276609128063
888234 512 0 27276609406388
888746 512 0 27276609684712
889258 512 0 27276609963036
889770 512 0 27276610241361
890282 512 0 27276610519685
890794 512 0 27276610798009
891306 512 0 27276611076334
891818 512 0 27276611354658
892330 512 0 27276611632982
892842 512 0 27276611911307
893354 512 0 27276612189631
893866 512 0 27276612467595
894378 512 0 27276612745918
894890 512 0 27276613024241
895402 512 0 27276613302563
895914 512 0 27276613580886
896426 512 0 27276613859209
896938 512 0 27276614137532
897450 512 0 27276614415855
897962 512 0 27276614694177
898474 512 0 27276614972500
898986 512 0 27276615250823
899498 512 0 27276615529146
900010 512 0 27276615807469
900522 512 0 27276616085792
901034 512 0 27276616364114
901546 512 0 27276616642437
902058 512 0 27276616920760
902570 512 0 27276617199083
903082 512 0 27276617477406
903594 512 0 27276617755729
904106 512 0 27276618034051
904618 512 0 27276618312374
905130 512 0 27276618590977
905642 512 0 27276618869301
906154 512 0 27276619147625
906666 512 0 27276619425949
907178 512 0 27276619704273
907690 512 0 27276619982597
908202 512 0 27276620260921
908714 512 0 27276620539245
909226 512 0 27276620817569
909738 512 0 27276621095893
910250 512 0 27276621374217
910762 512 0 27276621652541
911274 512 0 27276621930865
911786 512 0 27276622209189
912298 512 0 27276622487513
912810 512 0 27276622765837
913322 512 0 27276623044161
913834 512 0 27276623322485
914346 512 0 27276623600809
914858 512 0 27276623879133
915370 512 0 27276624157457
915882 512 0 27276624435369
916394 512 0 27276624713691
916906 512 0 27276624992013
917418 512 0 27276625270335
917930 512 0 27276625548658
918442 512 0 27276625826980
918954 512 0 27276626105302
919466 512 0 27276626383624
919978 512 0 27276626661947
920490 512 0 27276626940269
921002 512 0 27276627218591
921514 512 0 27276627496914
922026 512 0 27276627775236
922538 512 0 27276628053558
923050 512 0 27276628331880
923562 512 0 27276628610203
924074 512 0 27276628888525
924586 512 0 27276629166847
925098 512 0 27276629445169
925610 512 0 27276629723492
926122 512 0 27276630001814
926634 512 0 27276630280136
927146 512 0 27276630558750
927658 512 0 27276630837074
928170 512 0 27276631115397
928682 512 0 27276631393721
929194 512 0 27276631672044
929706 512 0 27276631950368
930218 512 0 27276632228691
930730 512 0 27276632507015
931242 512 0 27276632785338
931754 512 0 27276633063662
932266 512 0 27276633341985
932778 512 0 27276633620309
933290 512 0 27276633898632
933802 512 0 27276634176956
934314 512 0 27276634455279
934826 512 0 27276634733603
935338 512 0 27276635011926
935850 512 0 27276635290250
936362 512 0 27276635568573
936874 512 0 27276635846897
937386 512 0 27276636125220
937898 512 0 27276636403544
938410 512 0 27276636681526
938922 512 0 27276636959848
939434 512 0 27276637238170
939946 512 0 27276637516492
940458 512 0 27276637794814
940970 512 0 27276638073136
941482 512 0 27276638351458
941994 512 0 27276638629780
942506 512 0 27276638908102
943018 512 0 27276639186424
943530 512 0 27276639464746
944042 512 0 27276639743068
944554 512 0 27276640021390
945066 512 0 27276640299712
945578 512 0 27276640578034
946090 512 0 27276640856357
946602 512 0 27276641134679
947114 512 0 27276641413001
947626 512 0 27276641691323
948138 512 0 27276641969645
948650 512 0 27276642247967
949162 512 0 27276642526652
949674 512 0 27276642804976
950186 512 0 27276643083299
950698 512 0 27276643361623
951210 512 0 27276643639947
951722 512 0 27276643918270
952234 512 0 27276644196594
952746 512 0 27276644474917
953258 512 0 27276644753241
953770 512 0 27276645031564
954282 512 0 27276645309888
954794 512 0 27276645588212
955306 512 0 27276645866535
955818 512 0 27276646144859
956330 512 0 27276646423182
956842 512 0 27276646701506
957354 512 0 27276646979830
957866 512 0 27276647258153
958378 512 0 27276647536477
958890 512 0 27276647814800
959402 512 0 27276648093124
959914 512 0 27276648371045
960426 512 0 27276648649367
960938 512 0 27276648927689
961450 512 0 27276649206011
961962 512 0 27276649484333
962474 512 0 27276649762655
962986 512 0 27276650040977
963498 512 0 27276650319299
964010 512 0 27276650597621
964522 512 0 27276650875942
965034 512 0 27276651154264
965546 512 0 27276651432586
966058 512 0 27276651710908
966570 512 0 27276651989230
967082 512 0 27276652267552
967594 512 0 27276652545874
968106 512 0 27276652824196
968618 512 0 27276653102518
969130 512 0 27276653380840
969642 512 0 27276653659161
970154 512 0 27276653937483
970666 512 0 27276654215805
971178 512 0 27276654494429
971690 512 0 27276654772752
972202 512 0 27276655051075
972714 512 0 27276655329398
973226 512 0 27276655607721
973738 512 0 27276655886045
974250 512 0 27276656164368
974762 512 0 27276656442691
975274 512 0 27276656721014
975786 512 0 27276656999337
976298 512 0 27276657277660
976810 512 0 27276657555984
977322 512 0 27276657834307
977834 512 0 27276658112630
978346 512 0 27276658390953
978858 512 0 27276658669276
979370 512 0 27276658947599
979882 512 0 27276659225923
980394 512 0 27276659504246
980906 512 0 27276659782569
981418 512 0 27276660060892
981930 512 0 27276660339215
982442 512 0 27276660617206
982954 512 0 27276660895528
983466 512 0 27276661173850
983978 512 0 27276661452171
984490 512 0 27276661730493
985002 512 0 27276662008815
985514 512 0 27276662287137
986026 512 0 27276662565458
986538 512 0 27276662843780
987050 512 0 27276663122102
987562 512 0 27276663400424
988074 512 0 27276663678745
988586 512 0 27276663957067
989098 512 0 27276664235389
989610 512 0 27276664513711
990122 512 0 27276664792033
990634 512 0 27276665070354
991146 512 0 27276665348676
991658 512 0 27276665626998
992170 512 0 27276665905320
992682 512 0 27276666183641
993194 512 0 27276666462208
993706 512 0 27276666740531
994218 512 0 27276667018854
994730 512 0 27276667297176
995242 512 0 27276667575499
995754 512 0 27276667853822
996266 512 0 27276668132145
996778 512 0 27276668410468
997290 512 0 27276668688790
997802 512 0 27276668967113
998314 512 0 27276669245436
998826 512 0 27276669523759
999338 512 0 27276669802081
999850 512 0 27276670080404
1000362 512 0 27276670358727
1000874 512 0 27276670637050
1001386 512 0 27276670915373
1001898 512 0 27276671193695
1002410 512 0 27276671472018
1002922 512 0 27276671750341
1003434 512 0 27276672028664
1003946 512 0 27276672306987
1004458 512 0 27276672585589
1004970 512 0 27276672863913
1005482 512 0 27276673142237
1005994 512 0 27276673420561
1006506 512 0 27276673698885
1007018 512 0 27276673977209
1007530 512 0 27276674255533
1008042 512 0 27276674533857
1008554 512 0 27276674812181
1009066 512 0 27276675090505
1009578 512 0 27276675368829
1010090 512 0 27276675647153
1010602 512 0 27276675925477
1011114 512 0 27276676203801
1011626 512 0 27276676482125
1012138 512 0 27276676760448
1012650 512 0 27276677038772
1013162 512 0 27276677317096
1013674 512 0 27276677595420
1014186 512 0 27276677873744
1014698 512 0 27276678152068
1015210 512 0 27276678430042
1015722 512 0 27276678708364
1016234 512 0 27276678986687
1016746 512 0 27276679265009
1017258 512 0 27276679543332
1017770 512 0 27276679821654
1018282 512 0 27276680099977
1018794 512 0 27276680378299
1019306 512 0 27276680656622
1019818 512 0 27276680934944
1020330 512 0 27276681213267
1020842 512 0 27276681491589
1021354 512 0 27276681769911
1021866 512 0 27276682048234
1022378 512 0 27276682326556
1022890 512 0 27276682604879
1023402 512 0 27276682883201
1023914 512 0 27276683161524
1024426 512 0 27276683439846
1024938 512 0 27276683718169
1025450 512 0 27276683996491
1025962 512 0 27276684275102
1026474 512 0 27276684553425
1026986 512 0 27276684831749
1027498 512 0 27276685110073
1028010 512 0 27276685388396
1028522 512 0 27276685666720
1029034 512 0 27276685945044
1029546 512 0 27276686223368
1030058 512 0 27276686501691
1030570 512 0 27276686780015
1031082 512 0 27276687058339
1031594 512 0 27276687336662
1032106 512 0 27276687614986
1032618 512 0 27276687893310
1033130 512 0 27276688171633
1033642 512 0 27276688449957
1034154 512 0 27276688728281
1034666 512 0 27276689006605
1035178 512 0 27276689284928
1035690 512 0 27276689563252
1036202 512 0 27276689841576
1036714 512 0 27276690119899
1037226 512 0 27276690397818
1037738 512 0 27276690676140
1038250 512 0 27276690954462
1038762 512 0 27276691232784
1039274 512 0 27276691511106
1039786 512 0 27276691789428
1040298 512 0 27276692067750
1040810 512 0 27276692346072
1041322 512 0 27276692624394
1041834 512 0 27276692902716
1042346 512 0 27276693181038
1042858 512 0 27276693459360
1043370 512 0 27276693737682
1043882 512 0 27276694016004
1044394 512 0 27276694294326
1044906 512 0 27276694572648
1045418 512 0 27276694850970
1045930 512 0 27276695129292
1046442 512 0 27276695407614
1046954 512 0 27276695685936
1047466 512 0 27276695964258
1047978 512 0 27276696242580
1048490 512 0 27276696521348
1049002 512 0 27276696799672
1049514 512 0 27276697077996
1050026 512 0 27276697356319
1050538 512 0 27276697634643
1051050 512 0 27276697912967
1051562 512 0 27276698191291
1052074 512 0 27276698469615
1052586 512 0 27276698747939
1053098 512 0 27276699026263
1053610 512 0 27276699304587
1054122 512 0 27276699582910
1054634 512 0 27276699861234
1055146 512 0 27276700139558
1055658 512 0 27276700417882
1056170 512 0 27276700696206
1056682 512 0 27276700974530
1057194 512 0 27276701252854
1057706 512 0 27276701531178
1058218 512 0 27276701809501
1058730 512 0 27276702087825
1059242 512 0 27276702365802
1059754 512 0 27276702644124
1060266 512 0 27276702922447
1060778 512 0 27276703200769
1061290 512 0 27276703479092
1061802 512 0 27276703757414
1062314 512 0 27276704035736
1062826 512 0 27276704314059
1063338 512 0 27276704592381
1063850 512 0 27276704870704
1064362 512 0 27276705149026
1064874 512 0 27276705427349
1065386 512 0 27276705705671
1065898 512 0 27276705983993
1066410 512 0 27276706262316
1066922 512 0 27276706540638
1067434 512 0 27276706818961
1067946 512 0 27276707097283
1068458 512 0 27276707375605
1068970 512 0 27276707653928
1069482 512 0 27276707932250
1069994 512 0 27276708210573
1070506 512 0 27276708489126
1071018 512 0 27276708767449
1071530 512 0 27276709045773
1072042 512 0 27276709324096
1072554 512 0 27276709602419
1073066 512 0 27276709880743
1073578 512 0 27276710159066
1074090 512 0 27276710437390
1074602 512 0 27276710715713
1075114 512 0 27276710994036
1075626 512 0 27276711272360
1076138 512 0 27276711550683
1076650 512 0 27276711829006
1077162 512 0 27276712107330
1077674 512 0 27276712385653
1078186 512 0 27276712663977
1078698 512 0 27276712942300
1079210 512 0 27276713220623
1079722 512 0 27276713498947
1080234 512 0 27276713777270
1080746 512 0 27276714055593
1081258 512 0 27276714333917
1081770 512 0 27276714611902
1082282 512 0 27276714890224
1082794 512 0 27276715168546
1083306 512 0 27276715446868
1083818 512 0 27276715725190
1084330 512 0 27276716003512
1084842 512 0 27276716281834
1085354 512 0 27276716560156
1085866 512 0 27276716838478
1086378 512 0 27276717116800
1086890 512 0 27276717395122
1087402 512 0 27276717673444
1087914 512 0 27276717951766
1088426 512 0 27276718230088
1088938 512 0 27276718508410
1089450 512 0 27276718786732
1089962 512 0 27276719065054
1090474 512 0 27276719343376
1090986 512 0 27276719621698
1091498 512 0 27276719900020
1092010 512 0 27276720178342
1092522 512 0 27276720456966
1093034 512 0 27276720735289
1093546 512 0 27276721013612
1094058 512 0 27276721291936
1094570 512 0 27276721570259
1095082 512 0 27276721848582
1095594 512 0 27276722126905
1096106 512 0 27276722405229
1096618 512 0 27276722683552
1097130 512 0 27276722961875
1097642 512 0 27276723240198
1098154 512 0 27276723518522
1098666 512 0 27276723796845
1099178 512 0 27276724075168
1099690 512 0 27276724353491
1100202 512 0 27276724631815
1100714 512 0 27276724910138
1101226 512 0 27276725188461
1101738 512 0 27276725466784
1102250 512 0 27276725745107
1102762 512 0 27276726023431
1103274 512 0 27276726302023
1103786 512 0 27276726580348
1104298 512 0 27276726858672
1104810 512 0 27276727136996
1105322 512 0 27276727415321
1105834 512 0 27276727693645
1106346 512 0 27276727971969
1106858 512 0 27276728250294
1107370 512 0 27276728528618
1107882 512 0 27276728806942
1108394 512 0 27276729085267
1108906 512 0 27276729363591
1109418 512 0 27276729641916
1109930 512 0 27276729920240
1110442 512 0 27276730198564
1110954 512 0 27276730476889
1111466 512 0 27276730755213
1111978 512 0 27276731033537
1112490 512 0 27276731311862
1113002 512 0 27276731590186
1113514 512 0 27276731868511
1114026 512 0 27276732146835
1114538 512 0 27276732424740
1115050 512 0 27276732703062
1115562 512 0 27276732981385
1116074 512 0 27276733259708
1116586 512 0 27276733538030
1117098 512 0 27276733816353
1117610 512 0 27276734094676
1118122 512 0 27276734372998
1118634 512 0 27276734651321
1119146 512 0 27276734929643
1119658 512 0 27276735207966
1120170 512 0 27276735486289
1120682 512 0 27276735764611
1121194 512 0 27276736042934
1121706 512 0 27276736321256
1122218 512 0 27276736599579
1122730 512 0 27276736877902
1123242 512 0 27276737156224
1123754 512 0 27276737434547
1124266 512 0 27276737712869
1124778 512 0 27276737991192
1125290 512 0 27276738269800
1125802 512 0 27276738548124
1126314 512 0 27276738826448
1126826 512 0 27276739104771
1127338 512 0 27276739383095
1127850 512 0 27276739661419
1128362 512 0 27276739939743
1128874 512 0 27276740218067
1129386 512 0 27276740496390
1129898 512 0 27276740774714
1130410 512 0 27276741053038
1130922 512 0 27276741331362
1131434 512 0 27276741609686
1131946 512 0 27276741888009
1132458 512 0 27276742166333
1132970 512 0 27276742444657
1133482 512 0 27276742722981
1133994 512 0 27276743001305
1134506 512 0 27276743279628
1135018 512 0 27276743557952
1135530 512 0 27276743836276
1136042 512 0 27276744114600
1136554 512 0 27276744392577
1137066 512 0 27276744670899
1137578 512 0 27276744949221
1138090 512 0 27276745227544
1138602 512 0 27276745505866
1139114 512 0 27276745784188
1139626 512 0 27276746062511
1140138 512 0 27276746340833
1140650 512 0 27276746619155
1141162 512 0 27276746897478
1141674 512 0 27276747175800
1142186 512 0 27276747454122
1142698 512 0 27276747732445
1143210 512 0 27276748010767
1143722 512 0 27276748289089
1144234 512 0 27276748567412
1144746 512 0 27276748845734
1145258 512 0 27276749124056
1145770 512 0 27276749402379
1146282 512 0 27276749680701
1146794 512 0 27276749959024
1147306 512 0 27276750237346
1147818 512 0 27276750516019
1148330 512 0 27276750794342
1148842 512 0 27276751072666
1149354 512 0 27276751350990
1149866 512 0 27276751629314
1150378 512 0 27276751907638
1150890 512 0 27276752185961
1151402 512 0 27276752464285
1151914 512 0 27276752742609
1152426 512 0 27276753020933
1152938 512 0 27276753299257
1153450 512 0 27276753577580
1153962 512 0 27276753855904
1154474 512 0 27276754134228
1154986 512 0 27276754412552
1155498 512 0 27276754690876
1156010 512 0 27276754969200
1156522 512 0 27276755247523
1157034 512 0 27276755525847
1157546 512 0 27276755804171
1158058 512 0 27276756082495
1158570 512 0 27276756360412
1159082 512 0 27276756638734
1159594 512 0 27276756917056
1160106 512 0 27276757195378
1160618 512 0 27276757473700
1161130 512 0 27276757752022
1161642 512 0 27276758030344
1162154 512 0 27276758308666
1162666 512 0 27276758586988
1163178 512 0 27276758865311
1163690 512 0 27276759143633
1164202 512 0 27276759421955
1164714 512 0 27276759700277
1165226 512 0 27276759978599
1165738 512 0 27276760256921
1166250 512 0 27276760535243
1166762 512 0 27276760813565
1167274 512 0 27276761091887
1167786 512 0 27276761370209
1168298 512 0 27276761648532
1168810 512 0 27276761926854
1169322 512 0 27276762205474
1169834 512 0 27276762483797
1170346 512 0 27276762762121
1170858 512 0 27276763040444
1171370 512 0 27276763318767
1171882 512 0 27276763597091
1172394 512 0 27276763875414
1172906 512 0 27276764153737
1173418 512 0 27276764432061
1173930 512 0 27276764710384
1174442 512 0 27276764988708
1174954 512 0 27276765267031
1175466 512 0 27276765545354
1175978 512 0 27276765823678
1176490 512 0 27276766102001
1177002 512 0 27276766380324
1177514 512 0 27276766658648
1178026 512 0 27276766936971
1178538 512 0 27276767215294
1179050 512 0 27276767493618
1179562 512 0 27276767771941
1180074 512 0 27276768050264
1180586 512 0 27276768328253
1181098 512 0 27276768606575
1181610 512 0 27276768884897
1182122 512 0 27276769163218
1182634 512 0 27276769441540
1183146 512 0 27276769719862
1183658 512 0 27276769998184
1184170 512 0 27276770276506
1184682 512 0 27276770554828
1185194 512 0 27276770833150
1185706 512 0 27276771111472
1186218 512 0 27276771389794
1186730 512 0 27276771668116
1187242 512 0 27276771946438
1187754 512 0 27276772224760
1188266 512 0 27276772503082
1188778 512 0 27276772781404
1189290 512 0 27276773059726
1189802 512 0 27276773338048
1190314 512 0 27276773616370
1190826 512 0 27276773894692
1191338 512 0 27276774173014
1191850 512 0 27276774451577
1192362 512 0 27276774729900
1192874 512 0 27276775008223
1193386 512 0 27276775286546
1193898 512 0 27276775564869
1194410 512 0 27276775843192
1194922 512 0 27276776121515
1195434 512 0 27276776399838
1195946 512 0 27276776678161
1196458 512 0 27276776956484
1196970 512 0 27276777234807
1197482 512 0 27276777513130
1197994 512 0 27276777791453
1198506 512 0 27276778069776
1199018 512 0 27276778348099
1199530 512 0 27276778626422
1200042 512 0 27276778904745
1200554 512 0 27276779183068
1201066 512 0 27276779461391
1201578 512 0 27276779739714
1202090 512 0 27276780018037
1202602 512 0 27276780296637
1203114 512 0 27276780574961
1203626 512 0 27276780853285
1204138 512 0 27276781131609
1204650 512 0 27276781409933
1205162 512 0 27276781688257
1205674 512 0 27276781966582
1206186 512 0 27276782244906
1206698 512 0 27276782523230
1207210 512 0 27276782801554
1207722 512 0 27276783079878
1208234 512 0 27276783358202
1208746 512 0 27276783636526
1209258 512 0 27276783914850
1209770 512 0 27276784193175
1210282 512 0 27276784471499
1210794 512 0 27276784749823
1211306 512 0 27276785028147
1211818 512 0 27276785306471
1212330 512 0 27276785584795
1212842 512 0 27276785863119
1213354 512 0 27276786141444
1213866 512 0 27276786419415
1214378 512 0 27276786697737
1214890 512 0 27276786976060
1215402 512 0 27276787254383
1215914 512 0 27276787532705
1216426 512 0 27276787811028
1216938 512 0 27276788089351
1217450 512 0 27276788367673
1217962 512 0 27276788645996
1218474 512 0 27276788924318
1218986 512 0 27276789202641
1219498 512 0 27276789480964
1220010 512 0 27276789759286
1220522 512 0 27276790037609
1221034 512 0 27276790315932
1221546 512 0 27276790594254
1222058 512 0 27276790872577
1222570 512 0 27276791150900
1223082 512 0 27276791429222
1223594 512 0 27276791707545
1224106 512 0 27276791985868
1224618 512 0 27276792264475
1225130 512 0 27276792542799
1225642 512 0 27276792821122
1226154 512 0 27276793099446
1226666 512 0 27276793377770
1227178 512 0 27276793656094
1227690 512 0 27276793934418
1228202 512 0 27276794212742
1228714 512 0 27276794491066
1229226 512 0 27276794769389
1229738 512 0 27276795047713
1230250 512 0 27276795326037
1230762 512 0 27276795604361
1231274 512 0 27276795882685
1231786 512 0 27276796161009
1232298 512 0 27276796439332
1232810 512 0 27276796717656
1233322 512 0 27276796995980
1233834 512 0 27276797274304
1234346 512 0 27276797552628
1234858 512 0 27276797830952
1235370 512 0 27276798109275
1235882 512 0 27276798387192
1236394 512 0 27276798665514
1236906 512 0 27276798943836
1237418 512 0 27276799222159
1237930 512 0 27276799500481
1238442 512 0 27276799778803
1238954 512 0 27276800057125
1239466 512 0 27276800335447
1239978 512 0 27276800613769
1240490 512 0 27276800892091
1241002 512 0 27276801170414
1241514 512 0 27276801448736
1242026 512 0 27276801727058
1242538 512 0 27276802005380
1243050 512 0 27276802283702
1243562 512 0 27276802562024
1244074 512 0 27276802840346
1244586 512 0 27276803118669
1245098 512 0 27276803396991
1245610 512 0 27276803675313
1246122 512 0 27276803953635
1246634 512 0 27276804232323
1247146 512 0 27276804510647
1247658 512 0 27276804788971
1248170 512 0 27276805067294
1248682 512 0 27276805345618
1249194 512 0 27276805623942
1249706 512 0 27276805902265
1250218 512 0 27276806180589
1250730 512 0 27276806458913
1251242 512 0 27276806737237
1251754 512 0 27276807015560
1252266 512 0 27276807293884
1252778 512 0 27276807572208
1253290 512 0 27276807850531
1253802 512 0 27276808128855
1254314 512 0 27276808407179
1254826 512 0 27276808685502
1255338 512 0 27276808963826
1255850 512 0 27276809242150
1256362 512 0 27276809520473
1256874 512 0 27276809798797
1257386 512 0 27276810077121
1257898 512 0 27276810355112
1258410 512 0 27276810633435
1258922 512 0 27276810911757
1259434 512 0 27276811190079
1259946 512 0 27276811468401
1260458 512 0 27276811746724
1260970 512 0 27276812025046
1261482 512 0 27276812303368
1261994 512 0 27276812581691
1262506 512 0 27276812860013
1263018 512 0 27276813138335
1263530 512 0 27276813416657
1264042 512 0 27276813694980
1264554 512 0 27276813973302
1265066 512 0 27276814251624
1265578 512 0 27276814529947
1266090 512 0 27276814808269
1266602 512 0 27276815086591
1267114 512 0 27276815364913
1267626 512 0 27276815643236
1268138 512 0 27276815921558
1268650 512 0 27276816200125
1269162 512 0 27276816478448
1269674 512 0 27276816756771
1270186 512 0 27276817035095
1270698 512 0 27276817313418
1271210 512 0 27276817591741
1271722 512 0 27276817870064
1272234 512 0 27276818148388
1272746 512 0 27276818426711
1273258 512 0 27276818705034
1273770 512 0 27276818983358
1274282 512 0 27276819261681
1274794 512 0 27276819540004
1275306 512 0 27276819818328
1275818 512 0 27276820096651
1276330 512 0 27276820374974
1276842 512 0 27276820653298
1277354 512 0 27276820931621
1277866 512 0 27276821209944
1278378 512 0 27276821488268
1278890 512 0 27276821766591
1279402 512 0 27276822044914
1279914 512 0 27276822322914
1280426 512 0 27276822601236
1280938 512 0 27276822879558
1281450 512 0 27276823157880
1281962 512 0 27276823436202
1282474 512 0 27276823714524
1282986 512 0 27276823992846
1283498 512 0 27276824271168
1284010 512 0 27276824549490
1284522 512 0 27276824827812
1285034 512 0 27276825106134
1285546 512 0 27276825384456
1286058 512 0 27276825662778
1286570 512 0 27276825941100
1287082 512 0 27276826219422
1287594 512 0 27276826497744
1288106 512 0 27276826776066
1288618 512 0 27276827054388
1289130 512 0 27276827332709
1289642 512 0 27276827611031
1290154 512 0 27276827889353
1290666 512 0 27276828167675
1291178 512 0 27276828446312
1291690 512 0 27276828724635
1292202 512 0 27276829002958
1292714 512 0 27276829281281
1293226 512 0 27276829559605
1293738 512 0 27276829837928
1294250 512 0 27276830116251
1294762 512 0 27276830394574
1295274 512 0 27276830672898
1295786 512 0 27276830951221
1296298 512 0 27276831229544
1296810 512 0 27276831507868
1297322 512 0 27276831786191
1297834 512 0 27276832064514
1298346 512 0 27276832342837
1298858 512 0 27276832621161
1299370 512 0 27276832899484
1299882 512 0 27276833177807
1300394 512 0 27276833456130
1300906 512 0 27276833734454
1301418 512 0 27276834012777
1301930 512 0 27276834290778
1302442 512 0 27276834569100
1302954 512 0 27276834847422
1303466 512 0 27276835125744
1303978 512 0 27276835404066
1304490 512 0 27276835682388
1305002 512 0 27276835960710
1305514 512 0 27276836239032
1306026 512 0 27276836517353
1306538 512 0 27276836795675
1307050 512 0 27276837073997
1307562 512 0 27276837352319
1308074 512 0 27276837630641
1308586 512 0 27276837908963
1309098 512 0 27276838187285
1309610 512 0 27276838465607
1310122 512 0 27276838743929
1310634 512 0 27276839022251
1311146 512 0 27276839300573
1311658 512 0 27276839578895
1312170 512 0 27276839857216
1312682 512 0 27276840135791
1313194 512 0 27276840414114
1313706 512 0 27276840692437
1314218 512 0 27276840970760
1314730 512 0 27276841249083
1315242 512 0 27276841527406
1315754 512 0 27276841805729
1316266 512 0 27276842084052
1316778 512 0 27276842362375
1317290 512 0 27276842640698
1317802 512 0 27276842919021
1318314 512 0 27276843197344
1318826 512 0 27276843475667
1319338 512 0 27276843753990
1319850 512 0 27276844032313
1320362 512 0 27276844310636
1320874 512 0 27276844588959
1321386 512 0 27276844867282
1321898 512 0 27276845145605
1322410 512 0 27276845423928
1322922 512 0 27276845702251
1323434 512 0 27276845980574
1323946 512 0 27276846259185
1324458 512 0 27276846537509
1324970 512 0 27276846815833
1325482 512 0 27276847094157
1325994 512 0 27276847372481
1326506 512 0 27276847650806
1327018 512 0 27276847929130
1327530 512 0 27276848207454
1328042 512 0 27276848485778
1328554 512 0 27276848764102
1329066 512 0 27276849042427
1329578 512 0 27276849320751
1330090 512 0 27276849599075
1330602 512 0 27276849877399
1331114 512 0 27276850155723
1331626 512 0 27276850434048
1332138 512 0 27276850712372
1332650 512 0 27276850990696
1333162 512 0 27276851269020
1333674 512 0 27276851547344
1334186 512 0 27276851825669
1334698 512 0 27276852103649
1335210 512 0 27276852381972
1335722 512 0 27276852660295
1336234 512 0 27276852938618
1336746 512 0 27276853216940
1337258 512 0 27276853495263
1337770 512 0 27276853773586
1338282 512 0 27276854051909
1338794 512 0 27276854330231
1339306 512 0 27276854608554
1339818 512 0 27276854886877
1340330 512 0 27276855165200
1340842 512 0 27276855443522
1341354 512 0 27276855721845
1341866 512 0 27276856000168
1342378 512 0 27276856278491
1342890 512 0 27276856556813
1343402 512 0 27276856835136
1343914 512 0 27276857113459
1344426 512 0 27276857391782
1344938 512 0 27276857670104
1345450 512 0 27276857948427
1345962 512 0 27276858227071
1346474 512 0 27276858505395
1346986 512 0 27276858783719
1347498 512 0 27276859062043
1348010 512 0 27276859340367
1348522 512 0 27276859618692
1349034 512 0 27276859897016
1349546 512 0 27276860175340
1350058 512 0 27276860453664
1350570 512 0 27276860731988
1351082 512 0 27276861010312
1351594 512 0 27276861288636
1352106 512 0 27276861566960
1352618 512 0 27276861845284
1353130 512 0 27276862123608
1353642 512 0 27276862401932
1354154 512 0 27276862680257
1354666 512 0 27276862958581
1355178 512 0 27276863236905
1355690 512 0 27276863515229
1356202 512 0 27276863793553
1356714 512 0 27276864071877
1357226 512 0 27276864349862
1357738 512 0 27276864628185
1358250 512 0 27276864906507
1358762 512 0 27276865184830
1359274 512 0 27276865463153
1359786 512 0 27276865741476
1360298 512 0 27276866019798
1360810 512 0 27276866298121
1361322 512 0 27276866576444
1361834 512 0 27276866854766
1362346 512 0 27276867133089
1362858 512 0 27276867411412
1363370 512 0 27276867689734
1363882 512 0 27276867968057
1364394 512 0 27276868246380
1364906 512 0 27276868524702
1365418 512 0 27276868803025
1365930 512 0 27276869081348
1366442 512 0 27276869359670
1366954 512 0 27276869637993
1367466 512 0 27276869916316
1367978 512 0 27276870194936
1368490 512 0 27276870473260
1369002 512 0 27276870751583
1369514 512 0 27276871029907
1370026 512 0 27276871308231
1370538 512 0 27276871586555
1371050 512 0 27276871864879
1371562 512 0 27276872143203
1372074 512 0 27276872421527
1372586 512 0 27276872699851
1373098 512 0 27276872978175
1373610 512 0 27276873256499
1374122 512 0 27276873534823
1374634 512 0 27276873813147
1375146 512 0 27276874091471
1375658 512 0 27276874369794
1376170 512 0 27276874648118
1376682 512 0 27276874926442
1377194 512 0 27276875204766
1377706 512 0 27276875483090
1378218 512 0 27276875761414
1378730 512 0 27276876039403
1379242 512 0 27276876317726
1379754 512 0 27276876596049
1380266 512 0 27276876874371
1380778 512 0 27276877152694
1381290 512 0 27276877431016
1381802 512 0 27276877709339
1382314 512 0 27276877987661
1382826 512 0 27276878265984
1383338 512 0 27276878544306
1383850 512 0 27276878822629
1384362 512 0 27276879100951
1384874 512 0 27276879379274
1385386 512 0 27276879657596
1385898 512 0 27276879935919
1386410 512 0 27276880214241
1386922 512 0 27276880492564
1387434 512 0 27276880770886
1387946 512 0 27276881049209
1388458 512 0 27276881327531
1388970 512 0 27276881605854
1389482 512 0 27276881884176
1389994 512 0 27276882162499
1390506 512 0 27276882441064
1391018 512 0 27276882719387
1391530 512 0 27276882997711
1392042 512 0 27276883276034
1392554 512 0 27276883554358
1393066 512 0 27276883832681
1393578 512 0 27276884111005
1394090 512 0 27276884389328
1394602 512 0 27276884667652
1395114 512 0 27276884945975
1395626 512 0 27276885224299
1396138 512 0 27276885502622
1396650 512 0 27276885780946
1397162 512 0 27276886059269
1397674 512 0 27276886337593
1398186 512 0 27276886615916
1398698 512 0 27276886894240
1399210 512 0 27276887172564
1399722 512 0 27276887450887
1400234 512 0 27276887729211
1400746 512 0 27276888007534
1401258 512 0 27276888285531
1401770 512 0 27276888563853
1402282 512 0 27276888842176
1402794 512 0 27276889120498
1403306 512 0 27276889398820
1403818 512 0 27276889677142
1404330 512 0 27276889955464
1404842 512 0 27276890233786
1405354 512 0 27276890512109
1405866 512 0 27276890790431
1406378 512 0 27276891068753
1406890 512 0 27276891347075
1407402 512 0 27276891625397
1407914 512 0 27276891903719
1408426 512 0 27276892182042
1408938 512 0 27276892460364
1409450 512 0 27276892738686
1409962 512 0 27276893017008
1410474 512 0 27276893295330
1410986 512 0 27276893573652
1411498 512 0 27276893851975
1412010 512 0 27276894130592
1412522 512 0 27276894408915
1413034 512 0 27276894687238
1413546 512 0 27276894965561
1414058 512 0 27276895243883
1414570 512 0 27276895522206
1415082 512 0 27276895800529
1415594 512 0 27276896078852
1416106 512 0 27276896357175
1416618 512 0 27276896635497
1417130 512 0 27276896913820
1417642 512 0 27276897192143
1418154 512 0 27276897470466
1418666 512 0 27276897748789
1419178 512 0 27276898027111
1419690 512 0 27276898305434
1420202 512 0 27276898583757
1420714 512 0 27276898862080
1421226 512 0 27276899140403
1421738 512 0 27276899418726
1422250 512 0 27276899697048
1422762 512 0 27276899975371
1423274 512 0 27276900253917
1423786 512 0 27276900532240
1424298 512 0 27276900810563
1424810 512 0 27276901088887
1425322 512 0 27276901367210
1425834 512 0 27276901645533
1426346 512 0 27276901923857
1426858 512 0 27276902202180
1427370 512 0 27276902480503
1427882 512 0 27276902758827
1428394 512 0 27276903037150
1428906 512 0 27276903315473
1429418 512 0 27276903593797
1429930 512 0 27276903872120
1430442 512 0 27276904150443
1430954 512 0 27276904428766
1431466 512 0 27276904707090
1431978 512 0 27276904985413
1432490 512 0 27276905263736
1433002 512 0 27276905542060
1433514 512 0 27276905820383
1434026 512 0 27276906098402
1434538 512 0 27276906376724
1435050 512 0 27276906655047
1435562 512 0 27276906933369
1436074 512 0 27276907211692
1436586 512 0 27276907490015
1437098 512 0 27276907768337
1437610 512 0 27276908046660
1438122 512 0 27276908324983
1438634 512 0 27276908603305
1439146 512 0 27276908881628
1439658 512 0 27276909159950
1440170 512 0 27276909438273
1440682 512 0 27276909716596
1441194 512 0 27276909994918
1441706 512 0 27276910273241
1442218 512 0 27276910551564
1442730 512 0 27276910829886
1443242 512 0 27276911108209
1443754 512 0 27276911386532
1444266 512 0 27276911664854
1444778 512 0 27276911943177
1445290 512 0 27276912221747
1445802 512 0 27276912500071
1446314 512 0 27276912778394
1446826 512 0 27276913056717
1447338 512 0 27276913335040
1447850 512 0 27276913613363
1448362 512 0 27276913891687
1448874 512 0 27276914170010
1449386 512 0 27276914448333
1449898 512 0 27276914726656
1450410 512 0 27276915004979
1450922 512 0 27276915283302
1451434 512 0 27276915561626
1451946 512 0 27276915839949
1452458 512 0 27276916118272
1452970 512 0 27276916396595
1453482 512 0 27276916674918
1453994 512 0 27276916953242
1454506 512 0 27276917231565
1455018 512 0 27276917509888
1455530 512 0 27276917788211
1456042 512 0 27276918066534
1456554 512 0 27276918344552
1457066 512 0 27276918622874
1457578 512 0 27276918901197
1458090 512 0 27276919179519
1458602 512 0 27276919457842
1459114 512 0 27276919736164
1459626 512 0 27276920014487
1460138 512 0 27276920292809
1460650 512 0 27276920571132
1461162 512 0 27276920849454
1461674 512 0 27276921127777
1462186 512 0 27276921406099
1462698 512 0 27276921684422
1463210 512 0 27276921962744
1463722 512 0 27276922241067
1464234 512 0 27276922519389
1464746 512 0 27276922797712
1465258 512 0 27276923076034
1465770 512 0 27276923354357
1466282 512 0 27276923632679
1466794 512 0 27276923911002
1467306 512 0 27276924189550
1467818 512 0 27276924467873
1468330 512 0 27276924746196
1468842 512 0 27276925024519
1469354 512 0 27276925302842
1469866 512 0 27276925581165
1470378 512 0 27276925859488
1470890 512 0 27276926137811
1471402 512 0 27276926416134
1471914 512 0 27276926694457
1472426 512 0 27276926972780
1472938 512 0 27276927251103
1473450 512 0 27276927529426
1473962 512 0 27276927807749
1474474 512 0 27276928086072
1474986 512 0 27276928364395
1475498 512 0 27276928642718
1476010 512 0 27276928921041
1476522 512 0 27276929199364
1477034 512 0 27276929477687
1477546 512 0 27276929756010
1478058 512 0 27276930034031
1478570 512 0 27276930312353
1479082 512 0 27276930590676
1479594 512 0 27276930868998
1480106 512 0 27276931147320
1480618 512 0 27276931425643
1481130 512 0 27276931703965
1481642 512 0 27276931982287
1482154 512 0 27276932260610
1482666 512 0 27276932538932
1483178 512 0 27276932817254
1483690 512 0 27276933095577
1484202 512 0 27276933373899
1484714 512 0 27276933652221
1485226 512 0 27276933930544
1485738 512 0 27276934208866
1486250 512 0 27276934487188
1486762 512 0 27276934765511
1487274 512 0 27276935043833
1487786 512 0 27276935322155
1488298 512 0 27276935600478
1488810 512 0 27276935878800
1489322 512 0 27276936157411
1489834 512 0 27276936435734
1490346 512 0 27276936714057
1490858 512 0 27276936992380
1491370 512 0 27276937270703
1491882 512 0 27276937549026
1492394 512 0 27276937827349
1492906 512 0 27276938105672
1493418 512 0 27276938383995
1493930 512 0 27276938662318
1494442 512 0 27276938940641
1494954 512 0 27276939218964
1495466 512 0 27276939497287
1495978 512 0 27276939775610
1496490 512 0 27276940053932
1497002 512 0 27276940332255
1497514 512 0 27276940610578
1498026 512 0 27276940888901
1498538 512 0 27276941167224
1499050 512 0 27276941445547
1499562 512 0 27276941723870
1500074 512 0 27276942002193
1500586 512 0 27276942280157
1501098 512 0 27276942558480
1501610 512 0 27276942836802
1502122 512 0 27276943115124
1502634 512 0 27276943393446
1503146 512 0 27276943671768
1503658 512 0 27276943950090
1504170 512 0 27276944228413
1504682 512 0 27276944506735
1505194 512 0 27276944785057
1505706 512 0 27276945063379
1506218 512 0 27276945341701
1506730 512 0 27276945620024
1507242 512 0 27276945898346
1507754 512 0 27276946176668
1508266 512 0 27276946454990
1508778 512 0 27276946733312
1509290 512 0 27276947011634
1509802 512 0 27276947289957
1510314 512 0 27276947568279
1510826 512 0 27276947846601
1511338 512 0 27276948125214
1511850 512 0 27276948403537
1512362 512 0 27276948681860
1512874 512 0 27276948960182
1513386 512 0 27276949238505
1513898 512 0 27276949516828
1514410 512 0 27276949795151
1514922 512 0 27276950073474
1515434 512 0 27276950351797
1515946 512 0 27276950630119
1516458 512 0 27276950908442
1516970 512 0 27276951186765
1517482 512 0 27276951465088
1517994 512 0 27276951743411
1518506 512 0 27276952021734
1519018 512 0 27276952300056
1519530 512 0 27276952578379
1520042 512 0 27276952856702
1520554 512 0 27276953135025
1521066 512 0 27276953413348
1521578 512 0 27276953691670
1522090 512 0 27276953969993
1522602 512 0 27276954248592
1523114 512 0 27276954526915
1523626 512 0 27276954805239
1524138 512 0 27276955083562
1524650 512 0 27276955361885
1525162 512 0 27276955640209
1525674 512 0 27276955918532
1526186 512 0 27276956196856
1526698 512 0 27276956475179
1527210 512 0 27276956753503
1527722 512 0 27276957031826
1528234 512 0 27276957310149
1528746 512 0 27276957588473
1529258 512 0 27276957866796
1529770 512 0 27276958145120
1530282 512 0 27276958423443
1530794 512 0 27276958701767
1531306 512 0 27276958980090
1531818 512 0 27276959258413
1532330 512 0 27276959536737
1532842 512 0 27276959815060
1533354 512 0 27276960093073
1533866 512 0 27276960371396
1534378 512 0 27276960649718
1534890 512 0 27276960928041
1535402 512 0 27276961206364
1535914 512 0 27276961484687
1536426 512 0 27276961763009
1536938 512 0 27276962041332
1537450 512 0 27276962319655
1537962 512 0 27276962597978
1538474 512 0 27276962876300
1538986 512 0 27276963154623
1539498 512 0 27276963432946
1540010 512 0 27276963711269
1540522 512 0 27276963989591
1541034 512 0 27276964267914
1541546 512 0 27276964546237
1542058 512 0 27276964824559
1542570 512 0 27276965102882
1543082 512 0 27276965381205
1543594 512 0 27276965659528
1544106 512 0 27276965937850
1544618 512 0 27276966216442
1545130 512 0 27276966494765
1545642 512 0 27276966773089
1546154 512 0 27276967051412
1546666 512 0 27276967329735
1547178 512 0 27276967608059
1547690 512 0 27276967886382
1548202 512 0 27276968164705
1548714 512 0 27276968443029
1549226 512 0 27276968721352
1549738 512 0 27276968999675
1550250 512 0 27276969277999
1550762 512 0 27276969556322
1551274 512 0 27276969834645
1551786 512 0 27276970112969
1552298 512 0 27276970391292
1552810 512 0 27276970669615
1553322 512 0 27276970947939
1553834 512 0 27276971226262
1554346 512 0 27276971504585
1554858 512 0 27276971782909
1555370 512 0 27276972060924
1555882 512 0 27276972339247
1556394 512 0 27276972617570
1556906 512 0 27276972895892
1557418 512 0 27276973174215
1557930 512 0 27276973452538
1558442 512 0 27276973730860
1558954 512 0 27276974009183
1559466 512 0 27276974287506
1559978 512 0 27276974565828
1560490 512 0 27276974844151
1561002 512 0 27276975122474
1561514 512 0 27276975400796
1562026 512 0 27276975679119
1562538 512 0 27276975957442
1563050 512 0 27276976235764
1563562 512 0 27276976514087
1564074 512 0 27276976792410
1564586 512 0 27276977070732
1565098 512 0 27276977349055
1565610 512 0 27276977627378
1566122 512 0 27276977905700
1566634 512 0 27276978184305
1567146 512 0 27276978462629
1567658 512 0 27276978740952
1568170 512 0 27276979019275
1568682 512 0 27276979297598
1569194 512 0 27276979575922
1569706 512 0 27276979854245
1570218 512 0 27276980132568
1570730 512 0 27276980410892
1571242 512 0 27276980689215
1571754 512 0 27276980967538
1572266 512 0 27276981245861
1572778 512 0 27276981524185
1573290 512 0 27276981802508
1573802 512 0 27276982080831
1574314 512 0 27276982359154
1574826 512 0 27276982637478
1575338 512 0 27276982915801
1575850 512 0 27276983194124
1576362 512 0 27276983472448
1576874 512 0 27276983750771
1577386 512 0 27276984028732
1577898 512 0 27276984307054
1578410 512 0 27276984585377
1578922 512 0 27276984863699
1579434 512 0 27276985142022
1579946 512 0 27276985420344
1580458 512 0 27276985698667
1580970 512 0 27276985976989
1581482 512 0 27276986255312
1581994 512 0 27276986533634
1582506 512 0 27276986811957
1583018 512 0 27276987090279
1583530 512 0 27276987368602
1584042 512 0 27276987646924
1584554 512 0 27276987925247
1585066 512 0 27276988203569
1585578 512 0 27276988481892
1586090 512 0 27276988760214
1586602 512 0 27276989038537
1587114 512 0 27276989316859
1587626 512 0 27276989595182
1588138 512 0 27276989873504
1588650 512 0 27276990152113
1589162 512 0 27276990430436
1589674 512 0 27276990708759
1590186 512 0 27276990987082
1590698 512 0 27276991265405
1591210 512 0 27276991543728
1591722 512 0 27276991822052
1592234 512 0 27276992100375
1592746 512 0 27276992378698
1593258 512 0 27276992657021
1593770 512 0 27276992935344
1594282 512 0 27276993213667
1594794 512 0 27276993491990
1595306 512 0 27276993770313
1595818 512 0 27276994048637
1596330 512 0 27276994326960
1596842 512 0 27276994605283
1597354 512 0 27276994883606
1597866 512 0 27276995161929
1598378 512 0 27276995440252
1598890 512 0 27276995718575
1599402 512 0 27276995996898
1599914 512 0 27276996274919
1600426 512 0 27276996553242
1600938 512 0 27276996831564
1601450 512 0 27276997109887
1601962 512 0 27276997388209
1602474 512 0 27276997666532
1602986 512 0 27276997944854
1603498 512 0 27276998223176
1604010 512 0 27276998501499
1604522 512 0 27276998779821
1605034 512 0 27276999058144
1605546 512 0 27276999336466
1606058 512 0 27276999614789
1606570 512 0 27276999893111
1607082 512 0 27277000171434
1607594 512 0 27277000449756
1608106 512 0 27277000728078
1608618 512 0 27277001006401
1609130 512 0 27277001284723
1609642 512 0 27277001563046
1610154 512 0 27277001841368
1610666 512 0 27277002119979
1611178 512 0 27277002398302
1611690 512 0 27277002676625
1612202 512 0 27277002954948
1612714 512 0 27277003233271
1613226 512 0 27277003511594
1613738 512 0 27277003789917
1614250 512 0 27277004068240
1614762 512 0 27277004346563
1615274 512 0 27277004624887
1615786 512 0 27277004903210
1616298 512 0 27277005181533
1616810 512 0 27277005459856
1617322 512 0 27277005738179
1617834 512 0 27277006016502
1618346 512 0 27277006294825
1618858 512 0 27277006573148
1619370 512 0 27277006851471
1619882 512 0 27277007129794
1620394 512 0 27277007408117
1620906 512 0 27277007686440
1621418 512 0 27277007964978
1621930 512 0 27277008243302
1622442 512 0 27277008521625
1622954 512 0 27277008799949
1623466 512 0 27277009078272
1623978 512 0 27277009356596
1624490 512 0 27277009634919
1625002 512 0 27277009913243
1625514 512 0 27277010191566
1626026 512 0 27277010469890
1626538 512 0 27277010748214
1627050 512 0 27277011026537
1627562 512 0 27277011304861
1628074 512 0 27277011583184
1628586 512 0 27277011861508
1629098 512 0 27277012139831
1629610 512 0 27277012418155
1630122 512 0 27277012696478
1630634 512 0 27277012974802
1631146 512 0 27277013253126
1631658 512 0 27277013531449
1632170 512 0 27277013809773
1632682 512 0 27277014087784
1633194 512 0 27277014366107
1633706 512 0 27277014644430
1634218 512 0 27277014922753
1634730 512 0 27277015201076
1635242 512 0 27277015479399
1635754 512 0 27277015757722
1636266 512 0 27277016036045
1636778 512 0 27277016314367
1637290 512 0 27277016592690
1637802 512 0 27277016871013
1638314 512 0 27277017149336
1638826 512 0 27277017427659
1639338 512 0 27277017705982
1639850 512 0 27277017984305
1640362 512 0 27277018262627
1640874 512 0 27277018540950
1641386 512 0 27277018819273
1641898 512 0 27277019097596
1642410 512 0 27277019375919
1642922 512 0 27277019654242
1643434 512 0 27277019932817
1643946 512 0 27277020211140
1644458 512 0 27277020489463
1644970 512 0 27277020767787
1645482 512 0 27277021046110
1645994 512 0 27277021324434
1646506 512 0 27277021602757
1647018 512 0 27277021881080
1647530 512 0 27277022159404
1648042 512 0 27277022437727
1648554 512 0 27277022716051
1649066 512 0 27277022994374
1649578 512 0 27277023272698
1650090 512 0 27277023551021
1650602 512 0 27277023829344
1651114 512 0 27277024107668
1651626 512 0 27277024385991
1652138 512 0 27277024664315
1652650 512 0 27277024942638
1653162 512 0 27277025220962
1653674 512 0 27277025499285
1654186 512 0 27277025777608
1654698 512 0 27277026055564
1655210 512 0 27277026333887
1655722 512 0 27277026612209
1656234 512 0 27277026890532
1656746 512 0 27277027168855
1657258 512 0 27277027447177
1657770 512 0 27277027725500
1658282 512 0 27277028003822
1658794 512 0 27277028282145
1659306 512 0 27277028560468
1659818 512 0 27277028838790
1660330 512 0 27277029117113
1660842 512 0 27277029395435
1661354 512 0 27277029673758
1661866 512 0 27277029952081
1662378 512 0 27277030230403
1662890 512 0 27277030508726
1663402 512 0 27277030787049
1663914 512 0 27277031065371
1664426 512 0 27277031343694
1664938 512 0 27277031622016
1665450 512 0 27277031900339
1665962 512 0 27277032178944
1666474 512 0 27277032457267
1666986 512 0 27277032735591
1667498 512 0 27277033013914
1668010 512 0 27277033292237
1668522 512 0 27277033570560
1669034 512 0 27277033848883
1669546 512 0 27277034127207
1670058 512 0 27277034405530
1670570 512 0 27277034683853
1671082 512 0 27277034962176
1671594 512 0 27277035240500
1672106 512 0 27277035518823
1672618 512 0 27277035797146
1673130 512 0 27277036075469
1673642 512 0 27277036353793
1674154 512 0 27277036632116
1674666 512 0 27277036910439
1675178 512 0 27277037188762
1675690 512 0 27277037467086
1676202 512 0 27277037745409
1676714 512 0 27277038023428
1677226 512 0 27277038301750
1677738 512 0 27277038580073
1678250 512 0 27277038858395
1678762 512 0 27277039136718
1679274 512 0 27277039415040
1679786 512 0 27277039693363
1680298 512 0 27277039971686
1680810 512 0 27277040250008
1681322 512 0 27277040528331
1681834 512 0 27277040806653
1682346 512 0 27277041084976
1682858 512 0 27277041363298
1683370 512 0 27277041641621
1683882 512 0 27277041919943
1684394 512 0 27277042198266
1684906 512 0 27277042476589
1685418 512 0 27277042754911
1685930 512 0 27277043033234
1686442 512 0 27277043311556
1686954 512 0 27277043589879
1687466 512 0 27277043868483
1687978 512 0 27277044146806
1688490 512 0 27277044425130
1689002 512 0 27277044703453
1689514 512 0 27277044981776
1690026 512 0 27277045260099
1690538 512 0 27277045538422
1691050 512 0 27277045816746
1691562 512 0 27277046095069
1692074 512 0 27277046373392
1692586 512 0 27277046651715
1693098 512 0 27277046930038
1693610 512 0 27277047208362
1694122 512 0 27277047486685
1694634 512 0 27277047765008
1695146 512 0 27277048043331
1695658 512 0 27277048321654
1696170 512 0 27277048599977
1696682 512 0 27277048878301
1697194 512 0 27277049156624
1697706 512 0 27277049434947
1698218 512 0 27277049713270
1698730 512 0 27277049991232
1699242 512 0 27277050269555
1699754 512 0 27277050547877
1700266 512 0 27277050826199
1700778 512 0 27277051104522
1701290 512 0 27277051382844
1701802 512 0 27277051661167
1702314 512 0 27277051939489
1702826 512 0 27277052217811
1703338 512 0 27277052496134
1703850 512 0 27277052774456
1704362 512 0 27277053052778
1704874 512 0 27277053331101
1705386 512 0 27277053609423
1705898 512 0 27277053887746
1706410 512 0 27277054166068
1706922 512 0 27277054444390
1707434 512 0 27277054722713
1707946 512 0 27277055001035
1708458 512 0 27277055279358
1708970 512 0 27277055557680
1709482 512 0 27277055836002
1709994 512 0 27277056114612
1710506 512 0 27277056392935
1711018 512 0 27277056671258
1711530 512 0 27277056949581
1712042 512 0 27277057227904
1712554 512 0 27277057506227
1713066 512 0 27277057784550
1713578 512 0 27277058062873
1714090 512 0 27277058341196
1714602 512 0 27277058619519
1715114 512 0 27277058897842
1715626 512 0 27277059176165
1716138 512 0 27277059454488
1716650 512 0 27277059732812
1717162 512 0 27277060011135
1717674 512 0 27277060289458
1718186 512 0 27277060567781
1718698 512 0 27277060846104
1719210 512 0 27277061124427
1719722 512 0 27277061402750
1720234 512 0 27277061681073
1720746 512 0 27277061959094
1721258 512 0 27277062237416
1721770 512 0 27277062515739
1722282 512 0 27277062794061
1722794 512 0 27277063072384
1723306 512 0 27277063350706
1723818 512 0 27277063629028
1724330 512 0 27277063907351
1724842 512 0 27277064185673
1725354 512 0 27277064463995
1725866 512 0 27277064742318
1726378 512 0 27277065020640
1726890 512 0 27277065298962
1727402 512 0 27277065577285
1727914 512 0 27277065855607
1728426 512 0 27277066133929
1728938 512 0 27277066412252
1729450 512 0 27277066690574
1729962 512 0 27277066968897
1730474 512 0 27277067247219
1730986 512 0 27277067525541
1731498 512 0 27277067803864
1732010 512 0 27277068082475
1732522 512 0 27277068360798
1733034 512 0 27277068639121
1733546 512 0 27277068917444
1734058 512 0 27277069195767
1734570 512 0 27277069474090
1735082 512 0 27277069752413
1735594 512 0 27277070030736
1736106 512 0 27277070309059
1736618 512 0 27277070587382
1737130 512 0 27277070865705
1737642 512 0 27277071144028
1738154 512 0 27277071422351
1738666 512 0 27277071700674
1739178 512 0 27277071978997
1739690 512 0 27277072257320
1740202 512 0 27277072535643
1740714 512 0 27277072813966
1741226 512 0 27277073092289
1741738 512 0 27277073370612
1742250 512 0 27277073648935
1742762 512 0 27277073927495
1743274 512 0 27277074205818
