144 512 0 24419037771937
656 512 0 24419038050577
1168 512 0 24419038329216
1680 512 0 24419038607856
2192 512 0 24419038886495
2704 512 0 24419039165135
3216 512 0 24419039443774
3728 512 0 24419039722414
4240 512 0 24419040001053
4752 512 0 24419040279693
5264 512 0 24419040558332
5776 512 0 24419040836972
6288 512 0 24419041115611
6800 512 0 24419041394250
7312 512 0 24419041672890
7824 512 0 24419041951529
8336 512 0 24419042230169
8848 512 0 24419042508808
9360 512 0 24419042787448
9872 512 0 24419043066087
10384 512 0 24419043344727
10896 512 0 24419043623366
11408 512 0 24419043902006
11920 512 0 24419044180645
12432 512 0 24419044459285
12944 512 0 24419044737924
13456 512 0 24419045016564
13968 512 0 24419045295203
14480 512 0 24419045573842
14992 512 0 24419045852482
15504 512 0 24419046131121
16016 512 0 24419046409761
16528 512 0 24419046688400
17040 512 0 24419046967040
17552 512 0 24419047245679
18064 512 0 24419047524319
18576 512 0 24419047802958
19088 512 0 24419048081598
19600 512 0 24419048360237
20112 512 0 24419048638877
20624 512 0 24419048917516
21136 512 0 24419049196156
21648 512 0 24419049474795
22160 512 0 24419049753435
22672 512 0 24419050032074
23184 512 0 24419050310713
23696 512 0 24419050589353
24208 512 0 24419050867992
24720 512 0 24419051146632
25232 512 0 24419051425271
25744 512 0 24419051703911
26256 512 0 24419051982550
26768 512 0 24419052261190
27280 512 0 24419052539829
27792 512 0 24419052818469
28304 512 0 24419053097108
28816 512 0 24419053375748
29328 512 0 24419053654387
29840 512 0 24419053933027
30352 512 0 24419054211666
30864 512 0 24419054490305
31376 512 0 24419054768945
31888 512 0 24419055047584
32400 512 0 24419055326222
32912 512 0 24419055604862
33424 512 0 24419055883501
33936 512 0 24419056162140
34448 512 0 24419056440780
34960 512 0 24419056719419
35472 512 0 24419056998059
35984 512 0 24419057276698
36496 512 0 24419057555338
37008 512 0 24419057833977
37520 512 0 24419058112617
38032 512 0 24419058391256
38544 512 0 24419058669895
39056 512 0 24419058948535
39568 512 0 24419059227174
40080 512 0 24419059505814
40592 512 0 24419059784453
41104 512 0 24419060063093
41616 512 0 24419060341732
42128 512 0 24419060620372
42640 512 0 24419060899011
43152 512 0 24419061177651
43664 512 0 24419061456290
44176 512 0 24419061734929
44688 512 0 24419062013569
45200 512 0 24419062292208
45712 512 0 24419062570848
46224 512 0 24419062849487
46736 512 0 24419063128127
47248 512 0 24419063406766
47760 512 0 24419063685406
48272 512 0 24419063964045
48784 512 0 24419064242686
49296 512 0 24419064521325
49808 512 0 24419064799965
50320 512 0 24419065078604
50832 512 0 24419065357244
51344 512 0 24419065635883
51856 512 0 24419065914522
52368 512 0 24419066193162
52880 512 0 24419066471801
53392 512 0 24419066750441
53904 512 0 24419067029080
54416 512 0 24419067307720
54928 512 0 24419067586359
55440 512 0 24419067864999
55952 512 0 24419068143638
56464 512 0 24419068422278
56976 512 0 24419068700917
57488 512 0 24419068979557
58000 512 0 24419069258196
58512 512 0 24419069536835
59024 512 0 24419069815475
59536 512 0 24419070094114
60048 512 0 24419070372754
60560 512 0 24419070651393
61072 512 0 24419070930033
61584 512 0 24419071208672
62096 512 0 24419071487312
62608 512 0 24419071765951
63120 512 0 24419072044591
63632 512 0 24419072323230
64144 512 0 24419072601870
64656 512 0 24419072880509
65168 512 0 24419073159147
65680 512 0 24419073437787
66192 512 0 24419073716426
66704 512 0 24419073995066
67216 512 0 24419074273705
67728 512 0 24419074552345
68240 512 0 24419074830984
68752 512 0 24419075109623
69264 512 0 24419075388263
69776 512 0 24419075666902
70288 512 0 24419075945542
70800 512 0 24419076224181
71312 512 0 24419076502821
71824 512 0 24419076781460
72336 512 0 24419077060100
72848 512 0 24419077338739
73360 512 0 24419077617379
73872 512 0 24419077896018
74384 512 0 24419078174657
74896 512 0 24419078453297
75408 512 0 24419078731936
75920 512 0 24419079010576
76432 512 0 24419079289215
76944 512 0 24419079567855
77456 512 0 24419079846494
77968 512 0 24419080125134
78480 512 0 24419080403773
78992 512 0 24419080682412
79504 512 0 24419080961052
80016 512 0 24419081239691
80528 512 0 24419081518331
81040 512 0 24419081796970
81552 512 0 24419082075617
82064 512 0 24419082354256
82576 512 0 24419082632896
83088 512 0 24419082911535
83600 512 0 24419083190175
84112 512 0 24419083468814
84624 512 0 24419083747454
85136 512 0 24419084026093
85648 512 0 24419084304733
86160 512 0 24419084583372
86672 512 0 24419084862012
87184 512 0 24419085140651
87696 512 0 24419085419291
88208 512 0 24419085697930
88720 512 0 24419085976570
89232 512 0 24419086255209
89744 512 0 24419086533849
90256 512 0 24419086812488
90768 512 0 24419087091128
91280 512 0 24419087369767
91792 512 0 24419087648407
92304 512 0 24419087927047
92816 512 0 24419088205686
93328 512 0 24419088484326
93840 512 0 24419088762965
94352 512 0 24419089041605
94864 512 0 24419089320244
95376 512 0 24419089598884
95888 512 0 24419089877523
96400 512 0 24419090156163
96912 512 0 24419090434802
97424 512 0 24419090713442
97936 512 0 24419090992114
98448 512 0 24419091270754
98960 512 0 24419091549394
99472 512 0 24419091828034
99984 512 0 24419092106674
100496 512 0 24419092385314
101008 512 0 24419092663954
101520 512 0 24419092942594
102032 512 0 24419093221233
102544 512 0 24419093499873
103056 512 0 24419093778513
103568 512 0 24419094057153
104080 512 0 24419094335793
104592 512 0 24419094614433
105104 512 0 24419094893073
105616 512 0 24419095171713
106128 512 0 24419095450352
106640 512 0 24419095728992
107152 512 0 24419096007632
107664 512 0 24419096286272
108176 512 0 24419096564912
108688 512 0 24419096843552
109200 512 0 24419097122192
109712 512 0 24419097400831
110224 512 0 24419097679471
110736 512 0 24419097958111
111248 512 0 24419098236751
111760 512 0 24419098515391
112272 512 0 24419098794031
112784 512 0 24419099072671
113296 512 0 24419099351311
113808 512 0 24419099629950
114320 512 0 24419099908607
114832 512 0 24419100187247
115344 512 0 24419100465887
115856 512 0 24419100744527
116368 512 0 24419101023167
116880 512 0 24419101301807
117392 512 0 24419101580447
117904 512 0 24419101859087
118416 512 0 24419102137727
118928 512 0 24419102416367
119440 512 0 24419102695007
119952 512 0 24419102973647
120464 512 0 24419103252287
120976 512 0 24419103530927
121488 512 0 24419103809568
122000 512 0 24419104088208
122512 512 0 24419104366848
123024 512 0 24419104645488
123536 512 0 24419104924128
124048 512 0 24419105202768
124560 512 0 24419105481408
125072 512 0 24419105760048
125584 512 0 24419106038688
126096 512 0 24419106317328
126608 512 0 24419106595968
127120 512 0 24419106874608
127632 512 0 24419107153248
128144 512 0 24419107431888
128656 512 0 24419107710528
129168 512 0 24419107989168
129680 512 0 24419108267808
130192 512 0 24419108546448
130704 512 0 24419108825099
131216 512 0 24419109103739
131728 512 0 24419109382379
132240 512 0 24419109661019
132752 512 0 24419109939659
133264 512 0 24419110218300
133776 512 0 24419110496940
134288 512 0 24419110775580
134800 512 0 24419111054220
135312 512 0 24419111332860
135824 512 0 24419111611500
136336 512 0 24419111890140
136848 512 0 24419112168780
137360 512 0 24419112447420
137872 512 0 24419112726061
138384 512 0 24419113004701
138896 512 0 24419113283341
139408 512 0 24419113561981
139920 512 0 24419113840621
140432 512 0 24419114119261
140944 512 0 24419114397901
141456 512 0 24419114676541
141968 512 0 24419114955181
142480 512 0 24419115233822
142992 512 0 24419115512462
143504 512 0 24419115791102
144016 512 0 24419116069742
144528 512 0 24419116348382
145040 512 0 24419116627022
145552 512 0 24419116905662
146064 512 0 24419117184302
146576 512 0 24419117462942
147088 512 0 24419117741592
147600 512 0 24419118020232
148112 512 0 24419118298872
148624 512 0 24419118577512
149136 512 0 24419118856152
149648 512 0 24419119134793
150160 512 0 24419119413433
150672 512 0 24419119692073
151184 512 0 24419119970713
151696 512 0 24419120249353
152208 512 0 24419120527994
152720 512 0 24419120806634
153232 512 0 24419121085274
153744 512 0 24419121363914
154256 512 0 24419121642554
154768 512 0 24419121921194
155280 512 0 24419122199835
155792 512 0 24419122478475
156304 512 0 24419122757115
156816 512 0 24419123035755
157328 512 0 24419123314395
157840 512 0 24419123593035
158352 512 0 24419123871676
158864 512 0 24419124150316
159376 512 0 24419124428956
159888 512 0 24419124707596
160400 512 0 24419124986236
160912 512 0 24419125264876
161424 512 0 24419125543517
161936 512 0 24419125822157
162448 512 0 24419126100797
162960 512 0 24419126379437
163472 512 0 24419126658087
163984 512 0 24419126936727
164496 512 0 24419127215367
165008 512 0 24419127494007
165520 512 0 24419127772648
166032 512 0 24419128051288
166544 512 0 24419128329928
167056 512 0 24419128608568
167568 512 0 24419128887208
168080 512 0 24419129165849
168592 512 0 24419129444489
169104 512 0 24419129723129
169616 512 0 24419130001769
170128 512 0 24419130280410
170640 512 0 24419130559050
171152 512 0 24419130837690
171664 512 0 24419131116330
172176 512 0 24419131394971
172688 512 0 24419131673611
173200 512 0 24419131952251
173712 512 0 24419132230891
174224 512 0 24419132509531
174736 512 0 24419132788172
175248 512 0 24419133066812
175760 512 0 24419133345452
176272 512 0 24419133624092
176784 512 0 24419133902733
177296 512 0 24419134181373
177808 512 0 24419134460013
178320 512 0 24419134738653
178832 512 0 24419135017294
179344 512 0 24419135295934
179856 512 0 24419135574581
180368 512 0 24419135853221
180880 512 0 24419136131862
181392 512 0 24419136410502
181904 512 0 24419136689142
182416 512 0 24419136967782
182928 512 0 24419137246423
183440 512 0 24419137525063
183952 512 0 24419137803703
184464 512 0 24419138082344
184976 512 0 24419138360984
185488 512 0 24419138639624
186000 512 0 24419138918264
186512 512 0 24419139196905
187024 512 0 24419139475545
187536 512 0 24419139754185
188048 512 0 24419140032825
188560 512 0 24419140311466
189072 512 0 24419140590106
189584 512 0 24419140868746
190096 512 0 24419141147387
190608 512 0 24419141426027
191120 512 0 24419141704667
191632 512 0 24419141983307
192144 512 0 24419142261948
192656 512 0 24419142540588
193168 512 0 24419142819228
193680 512 0 24419143097868
194192 512 0 24419143376509
194704 512 0 24419143655149
195216 512 0 24419143933789
195728 512 0 24419144212430
196240 512 0 24419144491075
196752 512 0 24419144769715
197264 512 0 24419145048356
197776 512 0 24419145326996
198288 512 0 24419145605636
198800 512 0 24419145884277
199312 512 0 24419146162917
199824 512 0 24419146441557
200336 512 0 24419146720198
200848 512 0 24419146998838
201360 512 0 24419147277478
201872 512 0 24419147556118
202384 512 0 24419147834759
202896 512 0 24419148113399
203408 512 0 24419148392039
203920 512 0 24419148670680
204432 512 0 24419148949320
204944 512 0 24419149227960
205456 512 0 24419149506601
205968 512 0 24419149785241
206480 512 0 24419150063881
206992 512 0 24419150342522
207504 512 0 24419150621162
208016 512 0 24419150899802
208528 512 0 24419151178442
209040 512 0 24419151457083
209552 512 0 24419151735723
210064 512 0 24419152014363
210576 512 0 24419152293004
211088 512 0 24419152571644
211600 512 0 24419152850284
212112 512 0 24419153128925
212624 512 0 24419153407569
213136 512 0 24419153686209
213648 512 0 24419153964850
214160 512 0 24419154243490
214672 512 0 24419154522130
215184 512 0 24419154800771
215696 512 0 24419155079411
216208 512 0 24419155358051
216720 512 0 24419155636692
217232 512 0 24419155915332
217744 512 0 24419156193972
218256 512 0 24419156472613
218768 512 0 24419156751253
219280 512 0 24419157029893
219792 512 0 24419157308534
220304 512 0 24419157587174
220816 512 0 24419157865814
221328 512 0 24419158144454
221840 512 0 24419158423095
222352 512 0 24419158701735
222864 512 0 24419158980375
223376 512 0 24419159259016
223888 512 0 24419159537656
224400 512 0 24419159816296
224912 512 0 24419160094937
225424 512 0 24419160373577
225936 512 0 24419160652217
226448 512 0 24419160930858
226960 512 0 24419161209498
227472 512 0 24419161488138
227984 512 0 24419161766779
228496 512 0 24419162045419
229008 512 0 24419162324064
229520 512 0 24419162602704
230032 512 0 24419162881344
230544 512 0 24419163159985
231056 512 0 24419163438625
231568 512 0 24419163717265
232080 512 0 24419163995906
232592 512 0 24419164274546
233104 512 0 24419164553187
233616 512 0 24419164831827
234128 512 0 24419165110467
234640 512 0 24419165389108
235152 512 0 24419165667748
235664 512 0 24419165946388
236176 512 0 24419166225029
236688 512 0 24419166503669
237200 512 0 24419166782309
237712 512 0 24419167060950
238224 512 0 24419167339590
238736 512 0 24419167618230
239248 512 0 24419167896871
239760 512 0 24419168175511
240272 512 0 24419168454152
240784 512 0 24419168732792
241296 512 0 24419169011432
241808 512 0 24419169290073
242320 512 0 24419169568713
242832 512 0 24419169847353
243344 512 0 24419170125994
243856 512 0 24419170404634
244368 512 0 24419170683274
244880 512 0 24419170961915
245392 512 0 24419171240557
245904 512 0 24419171519197
246416 512 0 24419171797838
246928 512 0 24419172076478
247440 512 0 24419172355119
247952 512 0 24419172633759
248464 512 0 24419172912399
248976 512 0 24419173191040
249488 512 0 24419173469680
250000 512 0 24419173748320
250512 512 0 24419174026961
251024 512 0 24419174305601
251536 512 0 24419174584242
252048 512 0 24419174862882
252560 512 0 24419175141522
253072 512 0 24419175420163
253584 512 0 24419175698803
254096 512 0 24419175977443
254608 512 0 24419176256084
255120 512 0 24419176534724
255632 512 0 24419176813364
256144 512 0 24419177092005
256656 512 0 24419177370645
257168 512 0 24419177649286
257680 512 0 24419177927926
258192 512 0 24419178206566
258704 512 0 24419178485207
259216 512 0 24419178763847
259728 512 0 24419179042487
260240 512 0 24419179321128
260752 512 0 24419179599768
261264 512 0 24419179878409
261776 512 0 24419180157050
262288 512 0 24419180435691
262800 512 0 24419180714331
263312 512 0 24419180992971
263824 512 0 24419181271612
264336 512 0 24419181550252
264848 512 0 24419181828892
265360 512 0 24419182107533
265872 512 0 24419182386173
266384 512 0 24419182664814
266896 512 0 24419182943454
267408 512 0 24419183222094
267920 512 0 24419183500735
268432 512 0 24419183779375
268944 512 0 24419184058015
269456 512 0 24419184336656
269968 512 0 24419184615296
270480 512 0 24419184893937
270992 512 0 24419185172577
271504 512 0 24419185451217
272016 512 0 24419185729858
272528 512 0 24419186008498
273040 512 0 24419186287138
273552 512 0 24419186565779
274064 512 0 24419186844419
274576 512 0 24419187123060
275088 512 0 24419187401700
275600 512 0 24419187680340
276112 512 0 24419187958981
276624 512 0 24419188237621
277136 512 0 24419188516261
277648 512 0 24419188794902
278160 512 0 24419189073544
278672 512 0 24419189352185
279184 512 0 24419189630825
279696 512 0 24419189909466
280208 512 0 24419190188106
280720 512 0 24419190466746
281232 512 0 24419190745387
281744 512 0 24419191024027
282256 512 0 24419191302667
282768 512 0 24419191581308
283280 512 0 24419191859948
283792 512 0 24419192138589
284304 512 0 24419192417229
284816 512 0 24419192695869
285328 512 0 24419192974510
285840 512 0 24419193253150
286352 512 0 24419193531790
286864 512 0 24419193810431
287376 512 0 24419194089071
287888 512 0 24419194367712
288400 512 0 24419194646352
288912 512 0 24419194924992
289424 512 0 24419195203633
289936 512 0 24419195482273
290448 512 0 24419195760914
290960 512 0 24419196039554
291472 512 0 24419196318194
291984 512 0 24419196596835
292496 512 0 24419196875475
293008 512 0 24419197154115
293520 512 0 24419197432756
294032 512 0 24419197711396
294544 512 0 24419197990037
295056 512 0 24419198268678
295568 512 0 24419198547318
296080 512 0 24419198825959
296592 512 0 24419199104599
297104 512 0 24419199383239
297616 512 0 24419199661880
298128 512 0 24419199940520
298640 512 0 24419200219161
299152 512 0 24419200497801
299664 512 0 24419200776441
300176 512 0 24419201055082
300688 512 0 24419201333722
301200 512 0 24419201612362
301712 512 0 24419201891003
302224 512 0 24419202169643
302736 512 0 24419202448284
303248 512 0 24419202726924
303760 512 0 24419203005564
304272 512 0 24419203284205
304784 512 0 24419203562845
305296 512 0 24419203841486
305808 512 0 24419204120126
306320 512 0 24419204398766
306832 512 0 24419204677407
307344 512 0 24419204956047
307856 512 0 24419205234687
308368 512 0 24419205513328
308880 512 0 24419205791968
309392 512 0 24419206070609
309904 512 0 24419206349249
310416 512 0 24419206627889
310928 512 0 24419206906532
311440 512 0 24419207185172
311952 512 0 24419207463812
312464 512 0 24419207742453
312976 512 0 24419208021093
313488 512 0 24419208299734
314000 512 0 24419208578374
314512 512 0 24419208857014
315024 512 0 24419209135655
315536 512 0 24419209414295
316048 512 0 24419209692936
316560 512 0 24419209971576
317072 512 0 24419210250216
317584 512 0 24419210528857
318096 512 0 24419210807497
318608 512 0 24419211086137
319120 512 0 24419211364778
319632 512 0 24419211643418
320144 512 0 24419211922059
320656 512 0 24419212200699
321168 512 0 24419212479339
321680 512 0 24419212757980
322192 512 0 24419213036620
322704 512 0 24419213315261
323216 512 0 24419213593901
323728 512 0 24419213872541
324240 512 0 24419214151182
324752 512 0 24419214429822
325264 512 0 24419214708463
325776 512 0 24419214987103
326288 512 0 24419215265743
326800 512 0 24419215544384
327312 512 0 24419215823026
327824 512 0 24419216101666
328336 512 0 24419216380307
328848 512 0 24419216658947
329360 512 0 24419216937587
329872 512 0 24419217216228
330384 512 0 24419217494868
330896 512 0 24419217773509
331408 512 0 24419218052149
331920 512 0 24419218330789
332432 512 0 24419218609430
332944 512 0 24419218888070
333456 512 0 24419219166711
333968 512 0 24419219445351
334480 512 0 24419219723991
334992 512 0 24419220002632
335504 512 0 24419220281272
336016 512 0 24419220559912
336528 512 0 24419220838553
337040 512 0 24419221117193
337552 512 0 24419221395834
338064 512 0 24419221674474
338576 512 0 24419221953114
339088 512 0 24419222231755
339600 512 0 24419222510395
340112 512 0 24419222789036
340624 512 0 24419223067676
341136 512 0 24419223346316
341648 512 0 24419223624957
342160 512 0 24419223903597
342672 512 0 24419224182238
343184 512 0 24419224460878
343696 512 0 24419224739519
344208 512 0 24419225018159
344720 512 0 24419225296800
345232 512 0 24419225575440
345744 512 0 24419225854080
346256 512 0 24419226132721
346768 512 0 24419226411361
347280 512 0 24419226690002
347792 512 0 24419226968642
348304 512 0 24419227247282
348816 512 0 24419227525923
349328 512 0 24419227804563
349840 512 0 24419228083204
350352 512 0 24419228361844
350864 512 0 24419228640484
351376 512 0 24419228919125
351888 512 0 24419229197765
352400 512 0 24419229476406
352912 512 0 24419229755046
353424 512 0 24419230033686
353936 512 0 24419230312327
354448 512 0 24419230590967
354960 512 0 24419230869608
355472 512 0 24419231148248
355984 512 0 24419231426888
356496 512 0 24419231705529
357008 512 0 24419231984169
357520 512 0 24419232262809
358032 512 0 24419232541450
358544 512 0 24419232820090
359056 512 0 24419233098731
359568 512 0 24419233377371
360080 512 0 24419233656013
360592 512 0 24419233934653
361104 512 0 24419234213294
361616 512 0 24419234491934
362128 512 0 24419234770575
362640 512 0 24419235049215
363152 512 0 24419235327855
363664 512 0 24419235606496
364176 512 0 24419235885136
364688 512 0 24419236163777
365200 512 0 24419236442417
365712 512 0 24419236721057
366224 512 0 24419236999698
366736 512 0 24419237278338
367248 512 0 24419237556979
367760 512 0 24419237835619
368272 512 0 24419238114259
368784 512 0 24419238392900
369296 512 0 24419238671540
369808 512 0 24419238950181
370320 512 0 24419239228821
370832 512 0 24419239507461
371344 512 0 24419239786102
371856 512 0 24419240064742
372368 512 0 24419240343383
372880 512 0 24419240622023
373392 512 0 24419240900663
373904 512 0 24419241179304
374416 512 0 24419241457944
374928 512 0 24419241736585
375440 512 0 24419242015225
375952 512 0 24419242293865
376464 512 0 24419242572508
376976 512 0 24419242851149
377488 512 0 24419243129789
378000 512 0 24419243408429
378512 512 0 24419243687070
379024 512 0 24419243965710
379536 512 0 24419244244351
380048 512 0 24419244522991
380560 512 0 24419244801631
381072 512 0 24419245080272
381584 512 0 24419245358912
382096 512 0 24419245637553
382608 512 0 24419245916193
383120 512 0 24419246194833
383632 512 0 24419246473474
384144 512 0 24419246752114
384656 512 0 24419247030755
385168 512 0 24419247309395
385680 512 0 24419247588035
386192 512 0 24419247866676
386704 512 0 24419248145316
387216 512 0 24419248423957
387728 512 0 24419248702597
388240 512 0 24419248981238
388752 512 0 24419249259878
389264 512 0 24419249538518
389776 512 0 24419249817159
390288 512 0 24419250095799
390800 512 0 24419250374440
391312 512 0 24419250653080
391824 512 0 24419250931720
392336 512 0 24419251210361
392848 512 0 24419251489002
393360 512 0 24419251767643
393872 512 0 24419252046283
394384 512 0 24419252324924
394896 512 0 24419252603564
395408 512 0 24419252882204
395920 512 0 24419253160845
396432 512 0 24419253439485
396944 512 0 24419253718126
397456 512 0 24419253996766
397968 512 0 24419254275406
398480 512 0 24419254554047
398992 512 0 24419254832687
399504 512 0 24419255111328
400016 512 0 24419255389968
400528 512 0 24419255668608
401040 512 0 24419255947249
401552 512 0 24419256225889
402064 512 0 24419256504530
402576 512 0 24419256783170
403088 512 0 24419257061810
403600 512 0 24419257340451
404112 512 0 24419257619091
404624 512 0 24419257897732
405136 512 0 24419258176372
405648 512 0 24419258455013
406160 512 0 24419258733653
406672 512 0 24419259012293
407184 512 0 24419259290934
407696 512 0 24419259569574
408208 512 0 24419259848215
408720 512 0 24419260126855
409232 512 0 24419260405496
409744 512 0 24419260684137
410256 512 0 24419260962777
410768 512 0 24419261241418
411280 512 0 24419261520058
411792 512 0 24419261798698
412304 512 0 24419262077339
412816 512 0 24419262355979
413328 512 0 24419262634620
413840 512 0 24419262913260
414352 512 0 24419263191900
414864 512 0 24419263470541
415376 512 0 24419263749181
415888 512 0 24419264027822
416400 512 0 24419264306462
416912 512 0 24419264585103
417424 512 0 24419264863743
417936 512 0 24419265142383
418448 512 0 24419265421024
418960 512 0 24419265699664
419472 512 0 24419265978305
419984 512 0 24419266256945
420496 512 0 24419266535585
421008 512 0 24419266814226
421520 512 0 24419267092866
422032 512 0 24419267371507
422544 512 0 24419267650147
423056 512 0 24419267928787
423568 512 0 24419268207428
424080 512 0 24419268486068
424592 512 0 24419268764709
425104 512 0 24419269043349
425616 512 0 24419269321990
426128 512 0 24419269600631
426640 512 0 24419269879271
427152 512 0 24419270157912
427664 512 0 24419270436552
428176 512 0 24419270715193
428688 512 0 24419270993833
429200 512 0 24419271272473
429712 512 0 24419271551114
430224 512 0 24419271829754
430736 512 0 24419272108395
431248 512 0 24419272387035
431760 512 0 24419272665675
432272 512 0 24419272944316
432784 512 0 24419273222956
433296 512 0 24419273501597
433808 512 0 24419273780237
434320 512 0 24419274058878
434832 512 0 24419274337518
435344 512 0 24419274616158
435856 512 0 24419274894799
436368 512 0 24419275173439
436880 512 0 24419275452080
437392 512 0 24419275730720
437904 512 0 24419276009360
438416 512 0 24419276288001
438928 512 0 24419276566641
439440 512 0 24419276845282
439952 512 0 24419277123922
440464 512 0 24419277402562
440976 512 0 24419277681203
441488 512 0 24419277959843
442000 512 0 24419278238485
442512 512 0 24419278517125
443024 512 0 24419278795765
443536 512 0 24419279074406
444048 512 0 24419279353046
444560 512 0 24419279631687
445072 512 0 24419279910327
445584 512 0 24419280188967
446096 512 0 24419280467608
446608 512 0 24419280746248
447120 512 0 24419281024889
447632 512 0 24419281303529
448144 512 0 24419281582170
448656 512 0 24419281860810
449168 512 0 24419282139450
449680 512 0 24419282418091
450192 512 0 24419282696731
450704 512 0 24419282975372
451216 512 0 24419283254012
451728 512 0 24419283532652
452240 512 0 24419283811293
452752 512 0 24419284089933
453264 512 0 24419284368574
453776 512 0 24419284647214
454288 512 0 24419284925855
454800 512 0 24419285204495
455312 512 0 24419285483135
455824 512 0 24419285761776
456336 512 0 24419286040416
456848 512 0 24419286319057
457360 512 0 24419286597697
457872 512 0 24419286876337
458384 512 0 24419287154980
458896 512 0 24419287433620
459408 512 0 24419287712261
459920 512 0 24419287990901
460432 512 0 24419288269541
460944 512 0 24419288548182
461456 512 0 24419288826822
461968 512 0 24419289105463
462480 512 0 24419289384103
462992 512 0 24419289662743
463504 512 0 24419289941384
464016 512 0 24419290220024
464528 512 0 24419290498665
465040 512 0 24419290777305
465552 512 0 24419291055946
466064 512 0 24419291334586
466576 512 0 24419291613226
467088 512 0 24419291891867
467600 512 0 24419292170507
468112 512 0 24419292449148
468624 512 0 24419292727788
469136 512 0 24419293006429
469648 512 0 24419293285069
470160 512 0 24419293563709
470672 512 0 24419293842350
471184 512 0 24419294120990
471696 512 0 24419294399631
472208 512 0 24419294678271
472720 512 0 24419294956912
473232 512 0 24419295235552
473744 512 0 24419295514192
474256 512 0 24419295792833
474768 512 0 24419296071474
475280 512 0 24419296350114
475792 512 0 24419296628755
476304 512 0 24419296907395
476816 512 0 24419297186035
477328 512 0 24419297464676
477840 512 0 24419297743316
478352 512 0 24419298021957
478864 512 0 24419298300597
479376 512 0 24419298579238
479888 512 0 24419298857878
480400 512 0 24419299136518
480912 512 0 24419299415159
481424 512 0 24419299693799
481936 512 0 24419299972440
482448 512 0 24419300251080
482960 512 0 24419300529721
483472 512 0 24419300808361
483984 512 0 24419301087001
484496 512 0 24419301365642
485008 512 0 24419301644282
485520 512 0 24419301922923
486032 512 0 24419302201563
486544 512 0 24419302480203
487056 512 0 24419302758844
487568 512 0 24419303037484
488080 512 0 24419303316125
488592 512 0 24419303594765
489104 512 0 24419303873406
489616 512 0 24419304152046
490128 512 0 24419304430686
490640 512 0 24419304709327
491152 512 0 24419304987968
491664 512 0 24419305266608
492176 512 0 24419305545249
492688 512 0 24419305823889
493200 512 0 24419306102529
493712 512 0 24419306381170
494224 512 0 24419306659810
494736 512 0 24419306938451
495248 512 0 24419307217091
495760 512 0 24419307495732
496272 512 0 24419307774372
496784 512 0 24419308053012
497296 512 0 24419308331653
497808 512 0 24419308610293
498320 512 0 24419308888934
498832 512 0 24419309167574
499344 512 0 24419309446215
499856 512 0 24419309724855
500368 512 0 24419310003495
500880 512 0 24419310282136
501392 512 0 24419310560776
501904 512 0 24419310839417
502416 512 0 24419311118057
502928 512 0 24419311396698
503440 512 0 24419311675338
503952 512 0 24419311953978
504464 512 0 24419312232619
504976 512 0 24419312511259
505488 512 0 24419312789900
506000 512 0 24419313068540
506512 512 0 24419313347181
507024 512 0 24419313625821
507536 512 0 24419313904463
508048 512 0 24419314183103
508560 512 0 24419314461744
509072 512 0 24419314740384
509584 512 0 24419315019025
510096 512 0 24419315297665
510608 512 0 24419315576306
511120 512 0 24419315854946
511632 512 0 24419316133586
512144 512 0 24419316412227
512656 512 0 24419316690867
513168 512 0 24419316969508
513680 512 0 24419317248148
514192 512 0 24419317526789
514704 512 0 24419317805429
515216 512 0 24419318084069
515728 512 0 24419318362710
516240 512 0 24419318641350
516752 512 0 24419318919991
517264 512 0 24419319198631
517776 512 0 24419319477272
518288 512 0 24419319755912
518800 512 0 24419320034552
519312 512 0 24419320313193
519824 512 0 24419320591833
520336 512 0 24419320870474
520848 512 0 24419321149114
521360 512 0 24419321427755
521872 512 0 24419321706395
522384 512 0 24419321985035
522896 512 0 24419322263676
523408 512 0 24419322542316
523920 512 0 24419322820957
524432 512 0 24419323099597
524944 512 0 24419323378238
525456 512 0 24419323656878
525968 512 0 24419323935519
526480 512 0 24419324214159
526992 512 0 24419324492800
527504 512 0 24419324771440
528016 512 0 24419325050080
528528 512 0 24419325328721
529040 512 0 24419325607361
529552 512 0 24419325886002
530064 512 0 24419326164642
530576 512 0 24419326443283
531088 512 0 24419326721923
531600 512 0 24419327000563
532112 512 0 24419327279204
532624 512 0 24419327557844
533136 512 0 24419327836485
533648 512 0 24419328115125
534160 512 0 24419328393766
534672 512 0 24419328672406
535184 512 0 24419328951046
535696 512 0 24419329229687
536208 512 0 24419329508327
536720 512 0 24419329786968
537232 512 0 24419330065608
537744 512 0 24419330344249
538256 512 0 24419330622889
538768 512 0 24419330901529
539280 512 0 24419331180170
539792 512 0 24419331458810
540304 512 0 24419331737452
540816 512 0 24419332016093
541328 512 0 24419332294733
541840 512 0 24419332573373
542352 512 0 24419332852014
542864 512 0 24419333130654
543376 512 0 24419333409295
543888 512 0 24419333687935
544400 512 0 24419333966576
544912 512 0 24419334245216
545424 512 0 24419334523856
545936 512 0 24419334802497
546448 512 0 24419335081137
546960 512 0 24419335359778
547472 512 0 24419335638418
547984 512 0 24419335917059
548496 512 0 24419336195699
549008 512 0 24419336474339
549520 512 0 24419336752980
550032 512 0 24419337031620
550544 512 0 24419337310261
551056 512 0 24419337588901
551568 512 0 24419337867542
552080 512 0 24419338146182
552592 512 0 24419338424822
553104 512 0 24419338703463
553616 512 0 24419338982103
554128 512 0 24419339260744
554640 512 0 24419339539384
555152 512 0 24419339818025
555664 512 0 24419340096665
556176 512 0 24419340375306
556688 512 0 24419340653946
557200 512 0 24419340932587
557712 512 0 24419341211227
558224 512 0 24419341489867
558736 512 0 24419341768508
559248 512 0 24419342047148
559760 512 0 24419342325789
560272 512 0 24419342604429
560784 512 0 24419342883070
561296 512 0 24419343161710
561808 512 0 24419343440350
562320 512 0 24419343718991
562832 512 0 24419343997631
563344 512 0 24419344276272
563856 512 0 24419344554912
564368 512 0 24419344833553
564880 512 0 24419345112193
565392 512 0 24419345390833
565904 512 0 24419345669474
566416 512 0 24419345948114
566928 512 0 24419346226755
567440 512 0 24419346505395
567952 512 0 24419346784036
568464 512 0 24419347062676
568976 512 0 24419347341317
569488 512 0 24419347619957
570000 512 0 24419347898597
570512 512 0 24419348177238
571024 512 0 24419348455878
571536 512 0 24419348734519
572048 512 0 24419349013159
572560 512 0 24419349291800
573072 512 0 24419349570441
573584 512 0 24419349849082
574096 512 0 24419350127722
574608 512 0 24419350406363
575120 512 0 24419350685003
575632 512 0 24419350963643
576144 512 0 24419351242284
576656 512 0 24419351520924
577168 512 0 24419351799565
577680 512 0 24419352078205
578192 512 0 24419352356846
578704 512 0 24419352635486
579216 512 0 24419352914126
579728 512 0 24419353192767
580240 512 0 24419353471407
580752 512 0 24419353750048
581264 512 0 24419354028688
581776 512 0 24419354307329
582288 512 0 24419354585969
582800 512 0 24419354864610
583312 512 0 24419355143250
583824 512 0 24419355421890
584336 512 0 24419355700531
584848 512 0 24419355979171
585360 512 0 24419356257812
585872 512 0 24419356536452
586384 512 0 24419356815093
586896 512 0 24419357093733
587408 512 0 24419357372373
587920 512 0 24419357651014
588432 512 0 24419357929654
588944 512 0 24419358208295
589456 512 0 24419358486935
589968 512 0 24419358765576
590480 512 0 24419359044216
590992 512 0 24419359322857
591504 512 0 24419359601497
592016 512 0 24419359880137
592528 512 0 24419360158778
593040 512 0 24419360437418
593552 512 0 24419360716059
594064 512 0 24419360994699
594576 512 0 24419361273340
595088 512 0 24419361551980
595600 512 0 24419361830620
596112 512 0 24419362109261
596624 512 0 24419362387901
597136 512 0 24419362666542
597648 512 0 24419362945182
598160 512 0 24419363223823
598672 512 0 24419363502463
599184 512 0 24419363781104
599696 512 0 24419364059744
600208 512 0 24419364338384
600720 512 0 24419364617025
601232 512 0 24419364895665
601744 512 0 24419365174306
602256 512 0 24419365452946
602768 512 0 24419365731587
603280 512 0 24419366010227
603792 512 0 24419366288867
604304 512 0 24419366567508
604816 512 0 24419366846148
605328 512 0 24419367124789
605840 512 0 24419367403430
606352 512 0 24419367682071
606864 512 0 24419367960711
607376 512 0 24419368239352
607888 512 0 24419368517992
608400 512 0 24419368796632
608912 512 0 24419369075273
609424 512 0 24419369353913
609936 512 0 24419369632554
610448 512 0 24419369911194
610960 512 0 24419370189835
611472 512 0 24419370468475
611984 512 0 24419370747116
612496 512 0 24419371025756
613008 512 0 24419371304396
613520 512 0 24419371583037
614032 512 0 24419371861677
614544 512 0 24419372140318
615056 512 0 24419372418958
615568 512 0 24419372697599
616080 512 0 24419372976239
616592 512 0 24419373254880
617104 512 0 24419373533520
617616 512 0 24419373812160
618128 512 0 24419374090801
618640 512 0 24419374369441
619152 512 0 24419374648082
619664 512 0 24419374926722
620176 512 0 24419375205363
620688 512 0 24419375484003
621200 512 0 24419375762644
621712 512 0 24419376041284
622224 512 0 24419376319924
622736 512 0 24419376598565
623248 512 0 24419376877205
623760 512 0 24419377155846
624272 512 0 24419377434486
624784 512 0 24419377713126
625296 512 0 24419377991767
625808 512 0 24419378270407
626320 512 0 24419378549048
626832 512 0 24419378827688
627344 512 0 24419379106329
627856 512 0 24419379384969
628368 512 0 24419379663610
628880 512 0 24419379942250
629392 512 0 24419380220890
629904 512 0 24419380499531
630416 512 0 24419380778171
630928 512 0 24419381056812
631440 512 0 24419381335452
631952 512 0 24419381614093
632464 512 0 24419381892733
632976 512 0 24419382171374
633488 512 0 24419382450014
634000 512 0 24419382728654
634512 512 0 24419383007295
635024 512 0 24419383285935
635536 512 0 24419383564576
636048 512 0 24419383843216
636560 512 0 24419384121857
637072 512 0 24419384400497
637584 512 0 24419384679137
638096 512 0 24419384957778
638608 512 0 24419385236419
639120 512 0 24419385515060
639632 512 0 24419385793700
640144 512 0 24419386072341
640656 512 0 24419386350981
641168 512 0 24419386629622
641680 512 0 24419386908262
642192 512 0 24419387186902
642704 512 0 24419387465543
643216 512 0 24419387744183
643728 512 0 24419388022824
644240 512 0 24419388301464
644752 512 0 24419388580105
645264 512 0 24419388858745
645776 512 0 24419389137386
646288 512 0 24419389416026
646800 512 0 24419389694666
647312 512 0 24419389973307
647824 512 0 24419390251947
648336 512 0 24419390530588
648848 512 0 24419390809228
649360 512 0 24419391087869
649872 512 0 24419391366509
650384 512 0 24419391645150
650896 512 0 24419391923790
651408 512 0 24419392202430
651920 512 0 24419392481071
652432 512 0 24419392759711
652944 512 0 24419393038352
653456 512 0 24419393316992
653968 512 0 24419393595633
654480 512 0 24419393874273
654992 512 0 24419394152913
655504 512 0 24419394431554
656016 512 0 24419394710194
656528 512 0 24419394988835
657040 512 0 24419395267475
657552 512 0 24419395546116
658064 512 0 24419395824756
658576 512 0 24419396103396
659088 512 0 24419396382037
659600 512 0 24419396660677
660112 512 0 24419396939318
660624 512 0 24419397217958
661136 512 0 24419397496599
661648 512 0 24419397775239
662160 512 0 24419398053880
662672 512 0 24419398332520
663184 512 0 24419398611160
663696 512 0 24419398889801
664208 512 0 24419399168441
664720 512 0 24419399447082
665232 512 0 24419399725722
665744 512 0 24419400004363
666256 512 0 24419400283003
666768 512 0 24419400561644
667280 512 0 24419400840284
667792 512 0 24419401118924
668304 512 0 24419401397565
668816 512 0 24419401676205
669328 512 0 24419401954846
669840 512 0 24419402233486
670352 512 0 24419402512127
670864 512 0 24419402790767
671376 512 0 24419403069408
671888 512 0 24419403348049
672400 512 0 24419403626689
672912 512 0 24419403905330
673424 512 0 24419404183970
673936 512 0 24419404462611
674448 512 0 24419404741251
674960 512 0 24419405019892
675472 512 0 24419405298532
675984 512 0 24419405577172
676496 512 0 24419405855813
677008 512 0 24419406134453
677520 512 0 24419406413094
678032 512 0 24419406691734
678544 512 0 24419406970375
679056 512 0 24419407249015
679568 512 0 24419407527656
680080 512 0 24419407806296
680592 512 0 24419408084936
681104 512 0 24419408363577
681616 512 0 24419408642217
682128 512 0 24419408920858
682640 512 0 24419409199498
683152 512 0 24419409478139
683664 512 0 24419409756779
684176 512 0 24419410035420
684688 512 0 24419410314060
685200 512 0 24419410592700
685712 512 0 24419410871341
686224 512 0 24419411149981
686736 512 0 24419411428622
687248 512 0 24419411707262
687760 512 0 24419411985904
688272 512 0 24419412264544
688784 512 0 24419412543184
689296 512 0 24419412821825
689808 512 0 24419413100465
690320 512 0 24419413379106
690832 512 0 24419413657746
691344 512 0 24419413936387
691856 512 0 24419414215027
692368 512 0 24419414493668
692880 512 0 24419414772308
693392 512 0 24419415050948
693904 512 0 24419415329589
694416 512 0 24419415608229
694928 512 0 24419415886870
695440 512 0 24419416165510
695952 512 0 24419416444151
696464 512 0 24419416722791
696976 512 0 24419417001432
697488 512 0 24419417280072
698000 512 0 24419417558712
698512 512 0 24419417837353
699024 512 0 24419418115993
699536 512 0 24419418394634
700048 512 0 24419418673274
700560 512 0 24419418951915
701072 512 0 24419419230555
701584 512 0 24419419509196
702096 512 0 24419419787836
702608 512 0 24419420066476
703120 512 0 24419420345117
703632 512 0 24419420623757
704144 512 0 24419420902397
704656 512 0 24419421181038
705168 512 0 24419421459678
705680 512 0 24419421738319
706192 512 0 24419422016959
706704 512 0 24419422295600
707216 512 0 24419422574240
707728 512 0 24419422852881
708240 512 0 24419423131521
708752 512 0 24419423410161
709264 512 0 24419423688802
709776 512 0 24419423967442
710288 512 0 24419424246083
710800 512 0 24419424524723
711312 512 0 24419424803364
711824 512 0 24419425082004
712336 512 0 24419425360645
712848 512 0 24419425639285
713360 512 0 24419425917926
713872 512 0 24419426196566
714384 512 0 24419426475206
714896 512 0 24419426753847
715408 512 0 24419427032487
715920 512 0 24419427311128
716432 512 0 24419427589768
716944 512 0 24419427868409
717456 512 0 24419428147049
717968 512 0 24419428425690
718480 512 0 24419428704330
718992 512 0 24419428982970
719504 512 0 24419429261611
720016 512 0 24419429540251
720528 512 0 24419429818893
721040 512 0 24419430097533
721552 512 0 24419430376173
722064 512 0 24419430654814
722576 512 0 24419430933454
723088 512 0 24419431212095
723600 512 0 24419431490735
724112 512 0 24419431769376
724624 512 0 24419432048016
725136 512 0 24419432326657
725648 512 0 24419432605297
726160 512 0 24419432883937
726672 512 0 24419433162578
727184 512 0 24419433441218
727696 512 0 24419433719859
728208 512 0 24419433998499
728720 512 0 24419434277140
729232 512 0 24419434555780
729744 512 0 24419434834421
730256 512 0 24419435113061
730768 512 0 24419435391702
731280 512 0 24419435670342
731792 512 0 24419435948982
732304 512 0 24419436227623
732816 512 0 24419436506263
733328 512 0 24419436784904
733840 512 0 24419437063544
734352 512 0 24419437342185
734864 512 0 24419437620825
735376 512 0 24419437899466
735888 512 0 24419438178106
736400 512 0 24419438456746
736912 512 0 24419438735387
737424 512 0 24419439014027
737936 512 0 24419439292667
738448 512 0 24419439571308
738960 512 0 24419439849948
739472 512 0 24419440128589
739984 512 0 24419440407229
740496 512 0 24419440685870
741008 512 0 24419440964510
741520 512 0 24419441243151
742032 512 0 24419441521791
742544 512 0 24419441800431
743056 512 0 24419442079072
743568 512 0 24419442357712
744080 512 0 24419442636353
744592 512 0 24419442914993
745104 512 0 24419443193634
745616 512 0 24419443472274
746128 512 0 24419443750915
746640 512 0 24419444029555
747152 512 0 24419444308195
747664 512 0 24419444586836
748176 512 0 24419444865476
748688 512 0 24419445144117
749200 512 0 24419445422757
749712 512 0 24419445701398
750224 512 0 24419445980038
750736 512 0 24419446258679
751248 512 0 24419446537319
751760 512 0 24419446815959
752272 512 0 24419447094600
752784 512 0 24419447373240
753296 512 0 24419447651882
753808 512 0 24419447930522
754320 512 0 24419448209162
754832 512 0 24419448487803
755344 512 0 24419448766443
755856 512 0 24419449045084
756368 512 0 24419449323724
756880 512 0 24419449602365
757392 512 0 24419449881005
757904 512 0 24419450159646
758416 512 0 24419450438286
758928 512 0 24419450716927
759440 512 0 24419450995567
759952 512 0 24419451274207
760464 512 0 24419451552848
760976 512 0 24419451831488
761488 512 0 24419452110129
762000 512 0 24419452388769
762512 512 0 24419452667410
763024 512 0 24419452946050
763536 512 0 24419453224691
764048 512 0 24419453503331
764560 512 0 24419453781971
765072 512 0 24419454060612
765584 512 0 24419454339252
766096 512 0 24419454617893
766608 512 0 24419454896533
767120 512 0 24419455175174
767632 512 0 24419455453814
768144 512 0 24419455732455
768656 512 0 24419456011095
769168 512 0 24419456289736
769680 512 0 24419456568376
770192 512 0 24419456847016
770704 512 0 24419457125656
771216 512 0 24419457404297
771728 512 0 24419457682937
772240 512 0 24419457961578
772752 512 0 24419458240218
773264 512 0 24419458518859
773776 512 0 24419458797499
774288 512 0 24419459076140
774800 512 0 24419459354780
775312 512 0 24419459633420
775824 512 0 24419459912061
776336 512 0 24419460190701
776848 512 0 24419460469342
777360 512 0 24419460747982
777872 512 0 24419461026623
778384 512 0 24419461305263
778896 512 0 24419461583904
779408 512 0 24419461862544
779920 512 0 24419462141185
780432 512 0 24419462419825
780944 512 0 24419462698465
781456 512 0 24419462977106
781968 512 0 24419463255746
782480 512 0 24419463534387
782992 512 0 24419463813027
783504 512 0 24419464091668
784016 512 0 24419464370308
784528 512 0 24419464648949
785040 512 0 24419464927589
785552 512 0 24419465206229
786064 512 0 24419465484871
786576 512 0 24419465763511
787088 512 0 24419466042151
787600 512 0 24419466320792
788112 512 0 24419466599432
788624 512 0 24419466878073
789136 512 0 24419467156713
789648 512 0 24419467435354
790160 512 0 24419467713994
790672 512 0 24419467992635
791184 512 0 24419468271275
791696 512 0 24419468549916
792208 512 0 24419468828556
792720 512 0 24419469107196
793232 512 0 24419469385837
793744 512 0 24419469664477
794256 512 0 24419469943118
794768 512 0 24419470221758
795280 512 0 24419470500399
795792 512 0 24419470779039
796304 512 0 24419471057680
796816 512 0 24419471336320
797328 512 0 24419471614961
797840 512 0 24419471893601
798352 512 0 24419472172241
798864 512 0 24419472450882
799376 512 0 24419472729522
799888 512 0 24419473008163
800400 512 0 24419473286803
800912 512 0 24419473565444
801424 512 0 24419473844084
801936 512 0 24419474122725
802448 512 0 24419474401365
802960 512 0 24419474680005
803472 512 0 24419474958645
803984 512 0 24419475237286
804496 512 0 24419475515926
805008 512 0 24419475794567
805520 512 0 24419476073207
806032 512 0 24419476351848
806544 512 0 24419476630488
807056 512 0 24419476909129
807568 512 0 24419477187769
808080 512 0 24419477466409
808592 512 0 24419477745050
809104 512 0 24419478023690
809616 512 0 24419478302331
810128 512 0 24419478580971
810640 512 0 24419478859612
811152 512 0 24419479138252
811664 512 0 24419479416893
812176 512 0 24419479695533
812688 512 0 24419479974174
813200 512 0 24419480252814
813712 512 0 24419480531454
814224 512 0 24419480810095
814736 512 0 24419481088735
815248 512 0 24419481367376
815760 512 0 24419481646016
816272 512 0 24419481924657
816784 512 0 24419482203297
817296 512 0 24419482481938
817808 512 0 24419482760578
818320 512 0 24419483039218
818832 512 0 24419483317860
819344 512 0 24419483596500
819856 512 0 24419483875141
820368 512 0 24419484153781
820880 512 0 24419484432421
821392 512 0 24419484711062
821904 512 0 24419484989702
822416 512 0 24419485268343
822928 512 0 24419485546983
823440 512 0 24419485825624
823952 512 0 24419486104264
824464 512 0 24419486382905
824976 512 0 24419486661545
825488 512 0 24419486940185
826000 512 0 24419487218826
826512 512 0 24419487497466
827024 512 0 24419487776107
827536 512 0 24419488054747
828048 512 0 24419488333388
828560 512 0 24419488612028
829072 512 0 24419488890669
829584 512 0 24419489169309
830096 512 0 24419489447950
830608 512 0 24419489726590
831120 512 0 24419490005230
831632 512 0 24419490283871
832144 512 0 24419490562511
832656 512 0 24419490841152
833168 512 0 24419491119792
833680 512 0 24419491398433
834192 512 0 24419491677073
834704 512 0 24419491955714
835216 512 0 24419492234354
835728 512 0 24419492512994
836240 512 0 24419492791634
836752 512 0 24419493070275
837264 512 0 24419493348915
837776 512 0 24419493627556
838288 512 0 24419493906196
838800 512 0 24419494184837
839312 512 0 24419494463477
839824 512 0 24419494742118
840336 512 0 24419495020758
840848 512 0 24419495299399
841360 512 0 24419495578039
841872 512 0 24419495856679
842384 512 0 24419496135320
842896 512 0 24419496413960
843408 512 0 24419496692601
843920 512 0 24419496971241
844432 512 0 24419497249882
844944 512 0 24419497528522
845456 512 0 24419497807163
845968 512 0 24419498085803
846480 512 0 24419498364443
846992 512 0 24419498643084
847504 512 0 24419498921724
848016 512 0 24419499200365
848528 512 0 24419499479005
849040 512 0 24419499757646
849552 512 0 24419500036286
850064 512 0 24419500314927
850576 512 0 24419500593567
851088 512 0 24419500872208
851600 512 0 24419501150849
852112 512 0 24419501429489
852624 512 0 24419501708130
853136 512 0 24419501986770
853648 512 0 24419502265410
854160 512 0 24419502544051
854672 512 0 24419502822691
855184 512 0 24419503101332
855696 512 0 24419503379972
856208 512 0 24419503658613
856720 512 0 24419503937253
857232 512 0 24419504215894
857744 512 0 24419504494534
858256 512 0 24419504773175
858768 512 0 24419505051815
859280 512 0 24419505330455
859792 512 0 24419505609096
860304 512 0 24419505887736
860816 512 0 24419506166377
861328 512 0 24419506445017
861840 512 0 24419506723658
862352 512 0 24419507002298
862864 512 0 24419507280939
863376 512 0 24419507559579
863888 512 0 24419507838219
864400 512 0 24419508116860
864912 512 0 24419508395500
865424 512 0 24419508674141
865936 512 0 24419508952781
866448 512 0 24419509231422
866960 512 0 24419509510062
867472 512 0 24419509788703
867984 512 0 24419510067343
868496 512 0 24419510345983
869008 512 0 24419510624623
869520 512 0 24419510903264
870032 512 0 24419511181904
870544 512 0 24419511460545
871056 512 0 24419511739185
871568 512 0 24419512017826
872080 512 0 24419512296466
872592 512 0 24419512575107
873104 512 0 24419512853747
873616 512 0 24419513132388
874128 512 0 24419513411028
874640 512 0 24419513689668
875152 512 0 24419513968309
875664 512 0 24419514246949
876176 512 0 24419514525590
876688 512 0 24419514804230
877200 512 0 24419515082871
877712 512 0 24419515361511
878224 512 0 24419515640152
878736 512 0 24419515918792
879248 512 0 24419516197432
879760 512 0 24419516476073
880272 512 0 24419516754713
880784 512 0 24419517033354
881296 512 0 24419517311994
881808 512 0 24419517590635
882320 512 0 24419517869275
882832 512 0 24419518147916
883344 512 0 24419518426556
883856 512 0 24419518705197
884368 512 0 24419518983838
884880 512 0 24419519262478
885392 512 0 24419519541119
885904 512 0 24419519819759
886416 512 0 24419520098399
886928 512 0 24419520377040
887440 512 0 24419520655680
887952 512 0 24419520934321
888464 512 0 24419521212961
888976 512 0 24419521491602
889488 512 0 24419521770242
890000 512 0 24419522048883
890512 512 0 24419522327523
891024 512 0 24419522606164
891536 512 0 24419522884804
892048 512 0 24419523163444
892560 512 0 24419523442085
893072 512 0 24419523720725
893584 512 0 24419523999366
894096 512 0 24419524278006
894608 512 0 24419524556647
895120 512 0 24419524835287
895632 512 0 24419525113928
896144 512 0 24419525392568
896656 512 0 24419525671208
897168 512 0 24419525949849
897680 512 0 24419526228489
898192 512 0 24419526507130
898704 512 0 24419526785770
899216 512 0 24419527064411
899728 512 0 24419527343051
900240 512 0 24419527621692
900752 512 0 24419527900332
901264 512 0 24419528178972
901776 512 0 24419528457613
902288 512 0 24419528736253
902800 512 0 24419529014893
903312 512 0 24419529293534
903824 512 0 24419529572174
904336 512 0 24419529850815
904848 512 0 24419530129455
905360 512 0 24419530408096
905872 512 0 24419530686736
906384 512 0 24419530965377
906896 512 0 24419531244017
907408 512 0 24419531522657
907920 512 0 24419531801298
908432 512 0 24419532079938
908944 512 0 24419532358579
909456 512 0 24419532637219
909968 512 0 24419532915860
910480 512 0 24419533194500
910992 512 0 24419533473141
911504 512 0 24419533751781
912016 512 0 24419534030422
912528 512 0 24419534309062
913040 512 0 24419534587702
913552 512 0 24419534866343
914064 512 0 24419535144983
914576 512 0 24419535423624
915088 512 0 24419535702264
915600 512 0 24419535980905
916112 512 0 24419536259545
916624 512 0 24419536538186
917136 512 0 24419536816826
917648 512 0 24419537095466
918160 512 0 24419537374106
918672 512 0 24419537652747
919184 512 0 24419537931387
919696 512 0 24419538210028
920208 512 0 24419538488668
920720 512 0 24419538767309
921232 512 0 24419539045949
921744 512 0 24419539324590
922256 512 0 24419539603230
922768 512 0 24419539881871
923280 512 0 24419540160511
923792 512 0 24419540439151
924304 512 0 24419540717792
924816 512 0 24419540996432
925328 512 0 24419541275073
925840 512 0 24419541553713
926352 512 0 24419541832354
926864 512 0 24419542110994
927376 512 0 24419542389635
927888 512 0 24419542668275
928400 512 0 24419542946915
928912 512 0 24419543225556
929424 512 0 24419543504196
929936 512 0 24419543782837
930448 512 0 24419544061477
930960 512 0 24419544340118
931472 512 0 24419544618758
931984 512 0 24419544897399
932496 512 0 24419545176039
933008 512 0 24419545454679
933520 512 0 24419545733321
934032 512 0 24419546011961
934544 512 0 24419546290602
935056 512 0 24419546569242
935568 512 0 24419546847882
936080 512 0 24419547126523
936592 512 0 24419547405163
937104 512 0 24419547683804
937616 512 0 24419547962444
938128 512 0 24419548241085
938640 512 0 24419548519725
939152 512 0 24419548798366
939664 512 0 24419549077006
940176 512 0 24419549355646
940688 512 0 24419549634287
941200 512 0 24419549912927
941712 512 0 24419550191568
942224 512 0 24419550470208
942736 512 0 24419550748849
943248 512 0 24419551027489
943760 512 0 24419551306130
944272 512 0 24419551584770
944784 512 0 24419551863411
945296 512 0 24419552142051
945808 512 0 24419552420691
946320 512 0 24419552699332
946832 512 0 24419552977972
947344 512 0 24419553256613
947856 512 0 24419553535253
948368 512 0 24419553813894
948880 512 0 24419554092534
949392 512 0 24419554371175
949904 512 0 24419554649815
950416 512 0 24419554928455
950928 512 0 24419555207095
951440 512 0 24419555485736
951952 512 0 24419555764376
952464 512 0 24419556043017
952976 512 0 24419556321657
953488 512 0 24419556600298
954000 512 0 24419556878938
954512 512 0 24419557157579
955024 512 0 24419557436219
955536 512 0 24419557714860
956048 512 0 24419557993500
956560 512 0 24419558272140
957072 512 0 24419558550781
957584 512 0 24419558829421
958096 512 0 24419559108062
958608 512 0 24419559386702
959120 512 0 24419559665343
959632 512 0 24419559943983
960144 512 0 24419560222624
960656 512 0 24419560501264
961168 512 0 24419560779904
961680 512 0 24419561058545
962192 512 0 24419561337185
962704 512 0 24419561615826
963216 512 0 24419561894466
963728 512 0 24419562173107
964240 512 0 24419562451747
964752 512 0 24419562730388
965264 512 0 24419563009028
965776 512 0 24419563287669
966288 512 0 24419563566310
966800 512 0 24419563844950
967312 512 0 24419564123591
967824 512 0 24419564402231
968336 512 0 24419564680871
968848 512 0 24419564959512
969360 512 0 24419565238152
969872 512 0 24419565516793
970384 512 0 24419565795433
970896 512 0 24419566074074
971408 512 0 24419566352714
971920 512 0 24419566631355
972432 512 0 24419566909995
972944 512 0 24419567188636
973456 512 0 24419567467276
973968 512 0 24419567745916
974480 512 0 24419568024557
974992 512 0 24419568303197
975504 512 0 24419568581838
976016 512 0 24419568860478
976528 512 0 24419569139119
977040 512 0 24419569417759
977552 512 0 24419569696400
978064 512 0 24419569975040
978576 512 0 24419570253680
979088 512 0 24419570532321
979600 512 0 24419570810961
980112 512 0 24419571089602
980624 512 0 24419571368242
981136 512 0 24419571646883
981648 512 0 24419571925523
982160 512 0 24419572204164
982672 512 0 24419572482805
983184 512 0 24419572761445
983696 512 0 24419573040086
984208 512 0 24419573318726
984720 512 0 24419573597367
985232 512 0 24419573876007
985744 512 0 24419574154647
986256 512 0 24419574433288
986768 512 0 24419574711928
987280 512 0 24419574990569
987792 512 0 24419575269209
988304 512 0 24419575547850
988816 512 0 24419575826490
989328 512 0 24419576105131
989840 512 0 24419576383771
990352 512 0 24419576662411
990864 512 0 24419576941052
991376 512 0 24419577219692
991888 512 0 24419577498333
992400 512 0 24419577776973
992912 512 0 24419578055614
993424 512 0 24419578334254
993936 512 0 24419578612895
994448 512 0 24419578891535
994960 512 0 24419579170176
995472 512 0 24419579448816
995984 512 0 24419579727456
996496 512 0 24419580006097
997008 512 0 24419580284737
997520 512 0 24419580563378
998032 512 0 24419580842018
998544 512 0 24419581120659
999056 512 0 24419581399299
999568 512 0 24419581677939
1000080 512 0 24419581956580
1000592 512 0 24419582235220
1001104 512 0 24419582513860
1001616 512 0 24419582792501
1002128 512 0 24419583071141
1002640 512 0 24419583349782
1003152 512 0 24419583628422
1003664 512 0 24419583907063
1004176 512 0 24419584185703
1004688 512 0 24419584464344
1005200 512 0 24419584742984
1005712 512 0 24419585021625
1006224 512 0 24419585300265
1006736 512 0 24419585578905
1007248 512 0 24419585857546
1007760 512 0 24419586136186
1008272 512 0 24419586414827
1008784 512 0 24419586693467
1009296 512 0 24419586972108
1009808 512 0 24419587250748
1010320 512 0 24419587529389
1010832 512 0 24419587808029
1011344 512 0 24419588086669
1011856 512 0 24419588365310
1012368 512 0 24419588643950
1012880 512 0 24419588922591
1013392 512 0 24419589201231
1013904 512 0 24419589479872
1014416 512 0 24419589758512
1014928 512 0 24419590037153
1015440 512 0 24419590315794
1015952 512 0 24419590594434
1016464 512 0 24419590873075
1016976 512 0 24419591151715
1017488 512 0 24419591430356
1018000 512 0 24419591708996
1018512 512 0 24419591987636
1019024 512 0 24419592266277
1019536 512 0 24419592544917
1020048 512 0 24419592823558
1020560 512 0 24419593102198
1021072 512 0 24419593380839
1021584 512 0 24419593659479
1022096 512 0 24419593938120
1022608 512 0 24419594216760
1023120 512 0 24419594495400
1023632 512 0 24419594774041
1024144 512 0 24419595052681
1024656 512 0 24419595331322
1025168 512 0 24419595609962
1025680 512 0 24419595888603
1026192 512 0 24419596167243
1026704 512 0 24419596445884
1027216 512 0 24419596724524
1027728 512 0 24419597003165
1028240 512 0 24419597281805
1028752 512 0 24419597560445
1029264 512 0 24419597839086
1029776 512 0 24419598117726
1030288 512 0 24419598396367
1030800 512 0 24419598675007
1031312 512 0 24419598953648
1031824 512 0 24419599232289
1032336 512 0 24419599510929
1032848 512 0 24419599789570
1033360 512 0 24419600068210
1033872 512 0 24419600346851
1034384 512 0 24419600625491
1034896 512 0 24419600904131
1035408 512 0 24419601182772
1035920 512 0 24419601461412
1036432 512 0 24419601740053
1036944 512 0 24419602018693
1037456 512 0 24419602297334
1037968 512 0 24419602575974
1038480 512 0 24419602854615
1038992 512 0 24419603133255
1039504 512 0 24419603411896
1040016 512 0 24419603690536
1040528 512 0 24419603969176
1041040 512 0 24419604247817
1041552 512 0 24419604526457
1042064 512 0 24419604805098
1042576 512 0 24419605083738
1043088 512 0 24419605362379
1043600 512 0 24419605641019
1044112 512 0 24419605919660
1044624 512 0 24419606198300
1045136 512 0 24419606476941
1045648 512 0 24419606755581
1046160 512 0 24419607034221
1046672 512 0 24419607312862
1047184 512 0 24419607591502
1047696 512 0 24419607870143
1048208 512 0 24419608148784
1048720 512 0 24419608427424
1049232 512 0 24419608706065
1049744 512 0 24419608984705
1050256 512 0 24419609263346
1050768 512 0 24419609541986
1051280 512 0 24419609820627
1051792 512 0 24419610099267
1052304 512 0 24419610377907
1052816 512 0 24419610656548
1053328 512 0 24419610935188
1053840 512 0 24419611213829
1054352 512 0 24419611492469
1054864 512 0 24419611771110
1055376 512 0 24419612049750
1055888 512 0 24419612328391
1056400 512 0 24419612607031
1056912 512 0 24419612885672
1057424 512 0 24419613164312
1057936 512 0 24419613442952
1058448 512 0 24419613721593
1058960 512 0 24419614000233
1059472 512 0 24419614278874
1059984 512 0 24419614557514
1060496 512 0 24419614836155
1061008 512 0 24419615114795
1061520 512 0 24419615393436
1062032 512 0 24419615672076
1062544 512 0 24419615950717
1063056 512 0 24419616229357
1063568 512 0 24419616507997
1064080 512 0 24419616786638
1064592 512 0 24419617065279
1065104 512 0 24419617343919
1065616 512 0 24419617622560
1066128 512 0 24419617901200
1066640 512 0 24419618179841
1067152 512 0 24419618458481
1067664 512 0 24419618737122
1068176 512 0 24419619015762
1068688 512 0 24419619294402
1069200 512 0 24419619573043
1069712 512 0 24419619851683
1070224 512 0 24419620130324
1070736 512 0 24419620408964
1071248 512 0 24419620687605
1071760 512 0 24419620966245
1072272 512 0 24419621244886
1072784 512 0 24419621523526
1073296 512 0 24419621802167
1073808 512 0 24419622080807
1074320 512 0 24419622359448
1074832 512 0 24419622638088
1075344 512 0 24419622916728
1075856 512 0 24419623195369
1076368 512 0 24419623474009
1076880 512 0 24419623752650
1077392 512 0 24419624031290
1077904 512 0 24419624309931
1078416 512 0 24419624588571
1078928 512 0 24419624867212
1079440 512 0 24419625145852
1079952 512 0 24419625424493
1080464 512 0 24419625703133
1080976 512 0 24419625981774
1081488 512 0 24419626260414
1082000 512 0 24419626539055
1082512 512 0 24419626817695
1083024 512 0 24419627096336
1083536 512 0 24419627374976
1084048 512 0 24419627653617
1084560 512 0 24419627932257
1085072 512 0 24419628210898
1085584 512 0 24419628489538
1086096 512 0 24419628768178
1086608 512 0 24419629046819
1087120 512 0 24419629325459
1087632 512 0 24419629604100
1088144 512 0 24419629882740
1088656 512 0 24419630161381
1089168 512 0 24419630440021
1089680 512 0 24419630718662
1090192 512 0 24419630997302
1090704 512 0 24419631275943
1091216 512 0 24419631554583
1091728 512 0 24419631833223
1092240 512 0 24419632111864
1092752 512 0 24419632390504
1093264 512 0 24419632669145
1093776 512 0 24419632947785
1094288 512 0 24419633226426
1094800 512 0 24419633505066
1095312 512 0 24419633783707
1095824 512 0 24419634062347
1096336 512 0 24419634340988
1096848 512 0 24419634619628
1097360 512 0 24419634898268
1097872 512 0 24419635176908
1098384 512 0 24419635455549
1098896 512 0 24419635734189
1099408 512 0 24419636012830
1099920 512 0 24419636291470
1100432 512 0 24419636570111
1100944 512 0 24419636848751
1101456 512 0 24419637127391
1101968 512 0 24419637406032
1102480 512 0 24419637684672
1102992 512 0 24419637963313
1103504 512 0 24419638241953
1104016 512 0 24419638520594
1104528 512 0 24419638799234
1105040 512 0 24419639077875
1105552 512 0 24419639356515
1106064 512 0 24419639635156
1106576 512 0 24419639913796
1107088 512 0 24419640192436
1107600 512 0 24419640471077
1108112 512 0 24419640749717
1108624 512 0 24419641028358
1109136 512 0 24419641306998
1109648 512 0 24419641585639
1110160 512 0 24419641864279
1110672 512 0 24419642142920
1111184 512 0 24419642421560
1111696 512 0 24419642700201
1112208 512 0 24419642978841
1112720 512 0 24419643257481
1113232 512 0 24419643536122
1113744 512 0 24419643814763
1114256 512 0 24419644093403
1114768 512 0 24419644372044
1115280 512 0 24419644650684
1115792 512 0 24419644929325
1116304 512 0 24419645207965
1116816 512 0 24419645486606
1117328 512 0 24419645765246
1117840 512 0 24419646043886
1118352 512 0 24419646322527
1118864 512 0 24419646601167
1119376 512 0 24419646879808
1119888 512 0 24419647158448
1120400 512 0 24419647437089
1120912 512 0 24419647715729
1121424 512 0 24419647994370
1121936 512 0 24419648273010
1122448 512 0 24419648551651
1122960 512 0 24419648830291
1123472 512 0 24419649108932
1123984 512 0 24419649387572
1124496 512 0 24419649666212
1125008 512 0 24419649944853
1125520 512 0 24419650223493
1126032 512 0 24419650502134
1126544 512 0 24419650780774
1127056 512 0 24419651059415
1127568 512 0 24419651338055
1128080 512 0 24419651616696
1128592 512 0 24419651895336
1129104 512 0 24419652173977
1129616 512 0 24419652452617
1130128 512 0 24419652731258
1130640 512 0 24419653009898
1131152 512 0 24419653288539
1131664 512 0 24419653567179
1132176 512 0 24419653845820
1132688 512 0 24419654124460
1133200 512 0 24419654403101
1133712 512 0 24419654681741
1134224 512 0 24419654960382
1134736 512 0 24419655239022
1135248 512 0 24419655517662
1135760 512 0 24419655796303
1136272 512 0 24419656074943
1136784 512 0 24419656353584
1137296 512 0 24419656632224
1137808 512 0 24419656910865
1138320 512 0 24419657189505
1138832 512 0 24419657468146
1139344 512 0 24419657746786
1139856 512 0 24419658025427
1140368 512 0 24419658304067
1140880 512 0 24419658582707
1141392 512 0 24419658861348
1141904 512 0 24419659139988
1142416 512 0 24419659418629
1142928 512 0 24419659697269
1143440 512 0 24419659975910
1143952 512 0 24419660254550
1144464 512 0 24419660533191
1144976 512 0 24419660811831
1145488 512 0 24419661090472
1146000 512 0 24419661369112
1146512 512 0 24419661647753
1147024 512 0 24419661926393
1147536 512 0 24419662205034
1148048 512 0 24419662483674
1148560 512 0 24419662762315
1149072 512 0 24419663040955
1149584 512 0 24419663319596
1150096 512 0 24419663598236
1150608 512 0 24419663876877
1151120 512 0 24419664155517
1151632 512 0 24419664434157
1152144 512 0 24419664712798
1152656 512 0 24419664991438
1153168 512 0 24419665270079
1153680 512 0 24419665548719
1154192 512 0 24419665827360
1154704 512 0 24419666106000
1155216 512 0 24419666384641
1155728 512 0 24419666663281
1156240 512 0 24419666941922
1156752 512 0 24419667220562
1157264 512 0 24419667499203
1157776 512 0 24419667777843
1158288 512 0 24419668056483
1158800 512 0 24419668335124
1159312 512 0 24419668613764
1159824 512 0 24419668892405
1160336 512 0 24419669171045
1160848 512 0 24419669449686
1161360 512 0 24419669728326
1161872 512 0 24419670006967
1162384 512 0 24419670285607
1162896 512 0 24419670564247
1163408 512 0 24419670842887
1163920 512 0 24419671121528
1164432 512 0 24419671400168
1164944 512 0 24419671678809
1165456 512 0 24419671957449
1165968 512 0 24419672236090
1166480 512 0 24419672514730
1166992 512 0 24419672793370
1167504 512 0 24419673072011
1168016 512 0 24419673350651
1168528 512 0 24419673629292
1169040 512 0 24419673907932
1169552 512 0 24419674186573
1170064 512 0 24419674465213
1170576 512 0 24419674743854
1171088 512 0 24419675022494
1171600 512 0 24419675301135
1172112 512 0 24419675579775
1172624 512 0 24419675858416
1173136 512 0 24419676137056
1173648 512 0 24419676415696
1174160 512 0 24419676694337
1174672 512 0 24419676972977
1175184 512 0 24419677251618
1175696 512 0 24419677530258
1176208 512 0 24419677808899
1176720 512 0 24419678087539
1177232 512 0 24419678366180
1177744 512 0 24419678644820
1178256 512 0 24419678923461
1178768 512 0 24419679202101
1179280 512 0 24419679480742
1179792 512 0 24419679759382
1180304 512 0 24419680038023
1180816 512 0 24419680316663
1181328 512 0 24419680595304
1181840 512 0 24419680873944
1182352 512 0 24419681152585
1182864 512 0 24419681431225
1183376 512 0 24419681709866
1183888 512 0 24419681988506
1184400 512 0 24419682267146
1184912 512 0 24419682545787
1185424 512 0 24419682824427
1185936 512 0 24419683103068
1186448 512 0 24419683381708
1186960 512 0 24419683660349
1187472 512 0 24419683938989
1187984 512 0 24419684217630
1188496 512 0 24419684496270
1189008 512 0 24419684774911
1189520 512 0 24419685053551
1190032 512 0 24419685332191
1190544 512 0 24419685610832
1191056 512 0 24419685889472
1191568 512 0 24419686168113
1192080 512 0 24419686446753
1192592 512 0 24419686725394
1193104 512 0 24419687004034
1193616 512 0 24419687282675
1194128 512 0 24419687561315
1194640 512 0 24419687839956
1195152 512 0 24419688118596
1195664 512 0 24419688397237
1196176 512 0 24419688675877
1196688 512 0 24419688954518
1197200 512 0 24419689233158
1197712 512 0 24419689511799
1198224 512 0 24419689790439
1198736 512 0 24419690069080
1199248 512 0 24419690347720
1199760 512 0 24419690626361
1200272 512 0 24419690905001
1200784 512 0 24419691183641
1201296 512 0 24419691462282
1201808 512 0 24419691740922
1202320 512 0 24419692019563
1202832 512 0 24419692298203
1203344 512 0 24419692576844
1203856 512 0 24419692855484
1204368 512 0 24419693134125
1204880 512 0 24419693412765
1205392 512 0 24419693691406
1205904 512 0 24419693970046
1206416 512 0 24419694248687
1206928 512 0 24419694527327
1207440 512 0 24419694805967
1207952 512 0 24419695084608
1208464 512 0 24419695363248
1208976 512 0 24419695641889
1209488 512 0 24419695920529
1210000 512 0 24419696199170
1210512 512 0 24419696477810
1211024 512 0 24419696756451
1211536 512 0 24419697035091
1212048 512 0 24419697313731
1212560 512 0 24419697592371
1213072 512 0 24419697871012
1213584 512 0 24419698149652
1214096 512 0 24419698428293
1214608 512 0 24419698706933
1215120 512 0 24419698985574
1215632 512 0 24419699264214
1216144 512 0 24419699542854
1216656 512 0 24419699821495
1217168 512 0 24419700100135
1217680 512 0 24419700378776
1218192 512 0 24419700657416
1218704 512 0 24419700936057
1219216 512 0 24419701214697
1219728 512 0 24419701493338
1220240 512 0 24419701771978
1220752 512 0 24419702050619
1221264 512 0 24419702329259
1221776 512 0 24419702607900
1222288 512 0 24419702886540
1222800 512 0 24419703165180
1223312 512 0 24419703443821
1223824 512 0 24419703722461
1224336 512 0 24419704001102
1224848 512 0 24419704279742
1225360 512 0 24419704558383
1225872 512 0 24419704837023
1226384 512 0 24419705115664
1226896 512 0 24419705394304
1227408 512 0 24419705672945
1227920 512 0 24419705951585
1228432 512 0 24419706230226
1228944 512 0 24419706508866
1229456 512 0 24419706787507
1229968 512 0 24419707066147
1230480 512 0 24419707344788
1230992 512 0 24419707623428
1231504 512 0 24419707902069
1232016 512 0 24419708180709
1232528 512 0 24419708459350
1233040 512 0 24419708737990
1233552 512 0 24419709016630
1234064 512 0 24419709295271
1234576 512 0 24419709573911
1235088 512 0 24419709852552
1235600 512 0 24419710131192
1236112 512 0 24419710409833
1236624 512 0 24419710688473
1237136 512 0 24419710967114
1237648 512 0 24419711245754
1238160 512 0 24419711524395
1238672 512 0 24419711803035
1239184 512 0 24419712081675
1239696 512 0 24419712360316
1240208 512 0 24419712638956
1240720 512 0 24419712917597
1241232 512 0 24419713196237
1241744 512 0 24419713474878
1242256 512 0 24419713753518
1242768 512 0 24419714032159
1243280 512 0 24419714310799
1243792 512 0 24419714589440
1244304 512 0 24419714868080
1244816 512 0 24419715146721
1245328 512 0 24419715425361
1245840 512 0 24419715704002
1246352 512 0 24419715982642
1246864 512 0 24419716261283
1247376 512 0 24419716539923
1247888 512 0 24419716818564
1248400 512 0 24419717097204
1248912 512 0 24419717375845
1249424 512 0 24419717654485
1249936 512 0 24419717933125
1250448 512 0 24419718211766
1250960 512 0 24419718490406
1251472 512 0 24419718769047
1251984 512 0 24419719047687
1252496 512 0 24419719326328
1253008 512 0 24419719604968
1253520 512 0 24419719883609
1254032 512 0 24419720162249
1254544 512 0 24419720440890
1255056 512 0 24419720719530
1255568 512 0 24419720998171
1256080 512 0 24419721276811
1256592 512 0 24419721555451
1257104 512 0 24419721834092
1257616 512 0 24419722112732
1258128 512 0 24419722391373
1258640 512 0 24419722670013
1259152 512 0 24419722948654
1259664 512 0 24419723227294
1260176 512 0 24419723505935
1260688 512 0 24419723784575
1261200 512 0 24419724063216
1261712 512 0 24419724341856
1262224 512 0 24419724620497
1262736 512 0 24419724899137
1263248 512 0 24419725177778
1263760 512 0 24419725456418
1264272 512 0 24419725735059
1264784 512 0 24419726013699
1265296 512 0 24419726292340
1265808 512 0 24419726570980
1266320 512 0 24419726849621
1266832 512 0 24419727128261
1267344 512 0 24419727406901
1267856 512 0 24419727685542
1268368 512 0 24419727964182
1268880 512 0 24419728242823
1269392 512 0 24419728521463
1269904 512 0 24419728800104
1270416 512 0 24419729078744
1270928 512 0 24419729357385
1271440 512 0 24419729636025
1271952 512 0 24419729914666
1272464 512 0 24419730193306
1272976 512 0 24419730471947
1273488 512 0 24419730750587
1274000 512 0 24419731029227
1274512 512 0 24419731307868
1275024 512 0 24419731586508
1275536 512 0 24419731865149
1276048 512 0 24419732143789
1276560 512 0 24419732422430
1277072 512 0 24419732701070
1277584 512 0 24419732979711
1278096 512 0 24419733258351
1278608 512 0 24419733536992
1279120 512 0 24419733815632
1279632 512 0 24419734094273
1280144 512 0 24419734372913
1280656 512 0 24419734651554
1281168 512 0 24419734930194
1281680 512 0 24419735208835
1282192 512 0 24419735487475
1282704 512 0 24419735766116
1283216 512 0 24419736044756
1283728 512 0 24419736323396
1284240 512 0 24419736602037
1284752 512 0 24419736880677
1285264 512 0 24419737159318
1285776 512 0 24419737437958
1286288 512 0 24419737716599
1286800 512 0 24419737995239
1287312 512 0 24419738273880
1287824 512 0 24419738552520
1288336 512 0 24419738831161
1288848 512 0 24419739109801
1289360 512 0 24419739388442
1289872 512 0 24419739667082
1290384 512 0 24419739945722
1290896 512 0 24419740224363
1291408 512 0 24419740503003
1291920 512 0 24419740781644
1292432 512 0 24419741060284
1292944 512 0 24419741338925
1293456 512 0 24419741617565
1293968 512 0 24419741896205
1294480 512 0 24419742174845
1294992 512 0 24419742453486
1295504 512 0 24419742732126
1296016 512 0 24419743010767
1296528 512 0 24419743289407
1297040 512 0 24419743568048
1297552 512 0 24419743846688
1298064 512 0 24419744125329
1298576 512 0 24419744403969
1299088 512 0 24419744682609
1299600 512 0 24419744961250
1300112 512 0 24419745239890
1300624 512 0 24419745518531
1301136 512 0 24419745797171
1301648 512 0 24419746075812
1302160 512 0 24419746354452
1302672 512 0 24419746633093
1303184 512 0 24419746911733
1303696 512 0 24419747190374
1304208 512 0 24419747469014
1304720 512 0 24419747747654
1305232 512 0 24419748026295
1305744 512 0 24419748304935
1306256 512 0 24419748583576
1306768 512 0 24419748862216
1307280 512 0 24419749140857
1307792 512 0 24419749419497
1308304 512 0 24419749698138
1308816 512 0 24419749976778
1309328 512 0 24419750255419
1309840 512 0 24419750534059
1310352 512 0 24419750812700
1310864 512 0 24419751091340
1311376 512 0 24419751369981
1311888 512 0 24419751648621
1312400 512 0 24419751927262
1312912 512 0 24419752205902
1313424 512 0 24419752484543
1313936 512 0 24419752763183
1314448 512 0 24419753041824
1314960 512 0 24419753320464
1315472 512 0 24419753599104
1315984 512 0 24419753877745
1316496 512 0 24419754156385
1317008 512 0 24419754435026
1317520 512 0 24419754713666
1318032 512 0 24419754992307
1318544 512 0 24419755270947
1319056 512 0 24419755549588
1319568 512 0 24419755828228
1320080 512 0 24419756106869
1320592 512 0 24419756385509
1321104 512 0 24419756664150
1321616 512 0 24419756942790
1322128 512 0 24419757221430
1322640 512 0 24419757500071
1323152 512 0 24419757778711
1323664 512 0 24419758057352
1324176 512 0 24419758335992
1324688 512 0 24419758614633
1325200 512 0 24419758893273
1325712 512 0 24419759171914
1326224 512 0 24419759450554
1326736 512 0 24419759729195
1327248 512 0 24419760007835
1327760 512 0 24419760286476
1328272 512 0 24419760565116
1328784 512 0 24419760843757
1329296 512 0 24419761122397
1329808 512 0 24419761401038
1330320 512 0 24419761679678
1330832 512 0 24419761958319
1331344 512 0 24419762236959
1331856 512 0 24419762515600
1332368 512 0 24419762794240
1332880 512 0 24419763072880
1333392 512 0 24419763351521
1333904 512 0 24419763630161
1334416 512 0 24419763908802
1334928 512 0 24419764187442
1335440 512 0 24419764466083
1335952 512 0 24419764744723
1336464 512 0 24419765023364
1336976 512 0 24419765302004
1337488 512 0 24419765580645
1338000 512 0 24419765859285
1338512 512 0 24419766137926
1339024 512 0 24419766416566
1339536 512 0 24419766695206
1340048 512 0 24419766973847
1340560 512 0 24419767252487
1341072 512 0 24419767531128
1341584 512 0 24419767809768
1342096 512 0 24419768088409
1342608 512 0 24419768367049
1343120 512 0 24419768645690
1343632 512 0 24419768924330
1344144 512 0 24419769202971
1344656 512 0 24419769481611
1345168 512 0 24419769760252
1345680 512 0 24419770038892
1346192 512 0 24419770317533
1346704 512 0 24419770596173
1347216 512 0 24419770874814
1347728 512 0 24419771153454
1348240 512 0 24419771432095
1348752 512 0 24419771710735
1349264 512 0 24419771989375
1349776 512 0 24419772268016
1350288 512 0 24419772546656
1350800 512 0 24419772825297
1351312 512 0 24419773103937
1351824 512 0 24419773382578
1352336 512 0 24419773661218
1352848 512 0 24419773939859
1353360 512 0 24419774218499
1353872 512 0 24419774497140
1354384 512 0 24419774775780
1354896 512 0 24419775054421
1355408 512 0 24419775333061
1355920 512 0 24419775611701
1356432 512 0 24419775890342
1356944 512 0 24419776168982
1357456 512 0 24419776447623
1357968 512 0 24419776726263
1358480 512 0 24419777004904
1358992 512 0 24419777283544
1359504 512 0 24419777562184
1360016 512 0 24419777840824
1360528 512 0 24419778119465
1361040 512 0 24419778398105
1361552 512 0 24419778676746
1362064 512 0 24419778955386
1362576 512 0 24419779234027
1363088 512 0 24419779512667
1363600 512 0 24419779791308
1364112 512 0 24419780069948
1364624 512 0 24419780348588
1365136 512 0 24419780627229
1365648 512 0 24419780905869
1366160 512 0 24419781184510
1366672 512 0 24419781463150
1367184 512 0 24419781741791
1367696 512 0 24419782020431
1368208 512 0 24419782299072
1368720 512 0 24419782577712
1369232 512 0 24419782856353
1369744 512 0 24419783134993
1370256 512 0 24419783413634
1370768 512 0 24419783692274
1371280 512 0 24419783970914
1371792 512 0 24419784249555
1372304 512 0 24419784528195
1372816 512 0 24419784806836
1373328 512 0 24419785085476
1373840 512 0 24419785364117
1374352 512 0 24419785642757
1374864 512 0 24419785921398
1375376 512 0 24419786200038
1375888 512 0 24419786478679
1376400 512 0 24419786757319
1376912 512 0 24419787035960
1377424 512 0 24419787314600
1377936 512 0 24419787593241
1378448 512 0 24419787871881
1378960 512 0 24419788150522
1379472 512 0 24419788429162
1379984 512 0 24419788707803
1380496 512 0 24419788986443
1381008 512 0 24419789265083
1381520 512 0 24419789543724
1382032 512 0 24419789822364
1382544 512 0 24419790101005
1383056 512 0 24419790379645
1383568 512 0 24419790658286
1384080 512 0 24419790936926
1384592 512 0 24419791215567
1385104 512 0 24419791494207
1385616 512 0 24419791772848
1386128 512 0 24419792051488
1386640 512 0 24419792330129
1387152 512 0 24419792608769
1387664 512 0 24419792887409
1388176 512 0 24419793166050
1388688 512 0 24419793444690
1389200 512 0 24419793723331
1389712 512 0 24419794001971
1390224 512 0 24419794280612
1390736 512 0 24419794559252
1391248 512 0 24419794837893
1391760 512 0 24419795116533
1392272 512 0 24419795395173
1392784 512 0 24419795673813
1393296 512 0 24419795952454
1393808 512 0 24419796231094
1394320 512 0 24419796509735
1394832 512 0 24419796788375
1395344 512 0 24419797067016
1395856 512 0 24419797345656
1396368 512 0 24419797624296
1396880 512 0 24419797902937
1397392 512 0 24419798181577
1397904 512 0 24419798460218
1398416 512 0 24419798738858
1398928 512 0 24419799017499
1399440 512 0 24419799296139
1399952 512 0 24419799574780
1400464 512 0 24419799853420
1400976 512 0 24419800132061
1401488 512 0 24419800410701
1402000 512 0 24419800689342
1402512 512 0 24419800967982
1403024 512 0 24419801246622
1403536 512 0 24419801525263
1404048 512 0 24419801803903
1404560 512 0 24419802082544
1405072 512 0 24419802361184
1405584 512 0 24419802639825
1406096 512 0 24419802918465
1406608 512 0 24419803197106
1407120 512 0 24419803475746
1407632 512 0 24419803754387
1408144 512 0 24419804033027
1408656 512 0 24419804311668
1409168 512 0 24419804590308
1409680 512 0 24419804868949
1410192 512 0 24419805147589
1410704 512 0 24419805426230
1411216 512 0 24419805704870
1411728 512 0 24419805983511
1412240 512 0 24419806262151
1412752 512 0 24419806540792
1413264 512 0 24419806819432
1413776 512 0 24419807098072
1414288 512 0 24419807376713
1414800 512 0 24419807655353
1415312 512 0 24419807933994
1415824 512 0 24419808212634
1416336 512 0 24419808491275
1416848 512 0 24419808769915
1417360 512 0 24419809048556
1417872 512 0 24419809327196
1418384 512 0 24419809605837
1418896 512 0 24419809884477
1419408 512 0 24419810163117
1419920 512 0 24419810441758
1420432 512 0 24419810720398
1420944 512 0 24419810999039
1421456 512 0 24419811277679
1421968 512 0 24419811556320
1422480 512 0 24419811834960
1422992 512 0 24419812113601
1423504 512 0 24419812392241
1424016 512 0 24419812670882
1424528 512 0 24419812949522
1425040 512 0 24419813228163
1425552 512 0 24419813506803
1426064 512 0 24419813785444
1426576 512 0 24419814064084
1427088 512 0 24419814342725
1427600 512 0 24419814621365
1428112 512 0 24419814900006
1428624 512 0 24419815178646
1429136 512 0 24419815457287
1429648 512 0 24419815735927
1430160 512 0 24419816014567
1430672 512 0 24419816293208
1431184 512 0 24419816571848
1431696 512 0 24419816850489
1432208 512 0 24419817129129
1432720 512 0 24419817407770
1433232 512 0 24419817686410
1433744 512 0 24419817965051
1434256 512 0 24419818243691
1434768 512 0 24419818522332
1435280 512 0 24419818800972
1435792 512 0 24419819079613
1436304 512 0 24419819358253
1436816 512 0 24419819636893
1437328 512 0 24419819915534
1437840 512 0 24419820194174
1438352 512 0 24419820472815
1438864 512 0 24419820751455
1439376 512 0 24419821030096
1439888 512 0 24419821308736
1440400 512 0 24419821587377
1440912 512 0 24419821866017
1441424 512 0 24419822144657
1441936 512 0 24419822423297
1442448 512 0 24419822701938
1442960 512 0 24419822980578
1443472 512 0 24419823259219
1443984 512 0 24419823537859
1444496 512 0 24419823816500
1445008 512 0 24419824095140
1445520 512 0 24419824373780
1446032 512 0 24419824652421
1446544 512 0 24419824931061
1447056 512 0 24419825209702
1447568 512 0 24419825488342
1448080 512 0 24419825766983
1448592 512 0 24419826045623
1449104 512 0 24419826324264
1449616 512 0 24419826602904
1450128 512 0 24419826881545
1450640 512 0 24419827160185
1451152 512 0 24419827438826
1451664 512 0 24419827717466
1452176 512 0 24419827996106
1452688 512 0 24419828274747
1453200 512 0 24419828553387
1453712 512 0 24419828832028
1454224 512 0 24419829110668
1454736 512 0 24419829389309
1455248 512 0 24419829667949
1455760 512 0 24419829946590
1456272 512 0 24419830225230
1456784 512 0 24419830503871
1457296 512 0 24419830782511
1457808 512 0 24419831061152
1458320 512 0 24419831339792
1458832 512 0 24419831618433
1459344 512 0 24419831897073
1459856 512 0 24419832175714
1460368 512 0 24419832454354
1460880 512 0 24419832732995
1461392 512 0 24419833011635
1461904 512 0 24419833290276
1462416 512 0 24419833568916
1462928 512 0 24419833847556
1463440 512 0 24419834126197
1463952 512 0 24419834404837
1464464 512 0 24419834683478
1464976 512 0 24419834962118
1465488 512 0 24419835240759
1466000 512 0 24419835519399
1466512 512 0 24419835798040
1467024 512 0 24419836076680
1467536 512 0 24419836355321
1468048 512 0 24419836633961
1468560 512 0 24419836912601
1469072 512 0 24419837191242
1469584 512 0 24419837469882
1470096 512 0 24419837748523
1470608 512 0 24419838027163
1471120 512 0 24419838305804
1471632 512 0 24419838584444
1472144 512 0 24419838863085
1472656 512 0 24419839141725
1473168 512 0 24419839420366
1473680 512 0 24419839699006
1474192 512 0 24419839977646
1474704 512 0 24419840256286
1475216 512 0 24419840534927
1475728 512 0 24419840813567
1476240 512 0 24419841092208
1476752 512 0 24419841370848
1477264 512 0 24419841649489
1477776 512 0 24419841928129
1478288 512 0 24419842206769
1478800 512 0 24419842485410
1479312 512 0 24419842764050
1479824 512 0 24419843042691
1480336 512 0 24419843321331
1480848 512 0 24419843599972
1481360 512 0 24419843878612
1481872 512 0 24419844157253
1482384 512 0 24419844435893
1482896 512 0 24419844714534
1483408 512 0 24419844993174
1483920 512 0 24419845271814
1484432 512 0 24419845550455
1484944 512 0 24419845829095
1485456 512 0 24419846107736
1485968 512 0 24419846386376
1486480 512 0 24419846665017
1486992 512 0 24419846943657
1487504 512 0 24419847222298
1488016 512 0 24419847500938
1488528 512 0 24419847779579
1489040 512 0 24419848058219
1489552 512 0 24419848336859
1490064 512 0 24419848615500
1490576 512 0 24419848894140
1491088 512 0 24419849172780
1491600 512 0 24419849451421
1492112 512 0 24419849730061
1492624 512 0 24419850008702
