9304 512 0 24419044097803
9816 512 0 24419044376442
10328 512 0 24419044655082
10840 512 0 24419044933721
11352 512 0 24419045212361
11864 512 0 24419045491000
12376 512 0 24419045769640
12888 512 0 24419046048279
13400 512 0 24419046326919
13912 512 0 24419046605558
14424 512 0 24419046884197
14936 512 0 24419047162837
15448 512 0 24419047441476
15960 512 0 24419047720116
16472 512 0 24419047998755
16984 512 0 24419048277395
17496 512 0 24419048556034
18008 512 0 24419048834673
18520 512 0 24419049113313
19032 512 0 24419049391952
19544 512 0 24419049670592
20056 512 0 24419049949231
20568 512 0 24419050227871
21080 512 0 24419050506510
21592 512 0 24419050785150
22104 512 0 24419051063789
22616 512 0 24419051342428
23128 512 0 24419051621068
23640 512 0 24419051899707
24152 512 0 24419052178347
24664 512 0 24419052456986
25176 512 0 24419052735624
25688 512 0 24419053014263
26200 512 0 24419053292903
26712 512 0 24419053571542
27224 512 0 24419053850181
27736 512 0 24419054128821
28248 512 0 24419054407460
28760 512 0 24419054686100
29272 512 0 24419054964739
29784 512 0 24419055243378
30296 512 0 24419055522018
30808 512 0 24419055800657
31320 512 0 24419056079296
31832 512 0 24419056357936
32344 512 0 24419056636575
32856 512 0 24419056915215
33368 512 0 24419057193864
33880 512 0 24419057472504
34392 512 0 24419057751144
34904 512 0 24419058029783
35416 512 0 24419058308423
35928 512 0 24419058587063
36440 512 0 24419058865702
36952 512 0 24419059144342
37464 512 0 24419059422982
37976 512 0 24419059701621
38488 512 0 24419059980261
39000 512 0 24419060258901
39512 512 0 24419060537540
40024 512 0 24419060816180
40536 512 0 24419061094820
41048 512 0 24419061373459
41560 512 0 24419061652118
42072 512 0 24419061930758
42584 512 0 24419062209398
43096 512 0 24419062488038
43608 512 0 24419062766678
44120 512 0 24419063045318
44632 512 0 24419063323958
45144 512 0 24419063602598
45656 512 0 24419063881238
46168 512 0 24419064159879
46680 512 0 24419064438519
47192 512 0 24419064717159
47704 512 0 24419064995799
48216 512 0 24419065274439
48728 512 0 24419065553079
49240 512 0 24419065831719
49752 512 0 24419066110365
50264 512 0 24419066389006
50776 512 0 24419066667646
51288 512 0 24419066946286
51800 512 0 24419067224926
52312 512 0 24419067503566
52824 512 0 24419067782206
53336 512 0 24419068060847
53848 512 0 24419068339487
54360 512 0 24419068618127
54872 512 0 24419068896767
55384 512 0 24419069175407
55896 512 0 24419069454048
56408 512 0 24419069732688
56920 512 0 24419070011328
57432 512 0 24419070289968
57944 512 0 24419070568610
58456 512 0 24419070847250
58968 512 0 24419071125890
59480 512 0 24419071404531
59992 512 0 24419071683171
60504 512 0 24419071961811
61016 512 0 24419072240451
61528 512 0 24419072519091
62040 512 0 24419072797732
62552 512 0 24419073076372
63064 512 0 24419073355012
63576 512 0 24419073633652
64088 512 0 24419073912293
64600 512 0 24419074190933
65112 512 0 24419074469573
65624 512 0 24419074748213
66136 512 0 24419075026857
66648 512 0 24419075305498
67160 512 0 24419075584138
67672 512 0 24419075862778
68184 512 0 24419076141418
68696 512 0 24419076420059
69208 512 0 24419076698699
69720 512 0 24419076977339
70232 512 0 24419077255980
70744 512 0 24419077534620
71256 512 0 24419077813260
71768 512 0 24419078091901
72280 512 0 24419078370541
72792 512 0 24419078649181
73304 512 0 24419078927821
73816 512 0 24419079206462
74328 512 0 24419079485102
74840 512 0 24419079763743
75352 512 0 24419080042383
75864 512 0 24419080321023
76376 512 0 24419080599664
76888 512 0 24419080878304
77400 512 0 24419081156944
77912 512 0 24419081435584
78424 512 0 24419081714225
78936 512 0 24419081992865
79448 512 0 24419082271505
79960 512 0 24419082550146
80472 512 0 24419082828786
80984 512 0 24419083107426
81496 512 0 24419083386067
82008 512 0 24419083664707
82520 512 0 24419083943347
83032 512 0 24419084221988
83544 512 0 24419084500628
84056 512 0 24419084779268
84568 512 0 24419085057909
85080 512 0 24419085336549
85592 512 0 24419085615189
86104 512 0 24419085893830
86616 512 0 24419086172470
87128 512 0 24419086451110
87640 512 0 24419086729750
88152 512 0 24419087008391
88664 512 0 24419087287031
89176 512 0 24419087565671
89688 512 0 24419087844312
90200 512 0 24419088122952
90712 512 0 24419088401594
91224 512 0 24419088680234
91736 512 0 24419088958874
92248 512 0 24419089237515
92760 512 0 24419089516155
93272 512 0 24419089794795
93784 512 0 24419090073436
94296 512 0 24419090352076
94808 512 0 24419090630716
95320 512 0 24419090909357
95832 512 0 24419091187997
96344 512 0 24419091466637
96856 512 0 24419091745278
97368 512 0 24419092023918
97880 512 0 24419092302558
98392 512 0 24419092581199
98904 512 0 24419092859841
99416 512 0 24419093138482
99928 512 0 24419093417122
100440 512 0 24419093695762
100952 512 0 24419093974403
101464 512 0 24419094253043
101976 512 0 24419094531683
102488 512 0 24419094810324
103000 512 0 24419095088964
103512 512 0 24419095367604
104024 512 0 24419095646245
104536 512 0 24419095924885
105048 512 0 24419096203525
105560 512 0 24419096482166
106072 512 0 24419096760806
106584 512 0 24419097039447
107096 512 0 24419097318089
107608 512 0 24419097596729
108120 512 0 24419097875369
108632 512 0 24419098154010
109144 512 0 24419098432650
109656 512 0 24419098711290
110168 512 0 24419098989931
110680 512 0 24419099268571
111192 512 0 24419099547212
111704 512 0 24419099825852
112216 512 0 24419100104492
112728 512 0 24419100383133
113240 512 0 24419100661773
113752 512 0 24419100940413
114264 512 0 24419101219054
114776 512 0 24419101497694
115288 512 0 24419101776336
115800 512 0 24419102054976
116312 512 0 24419102333617
116824 512 0 24419102612257
117336 512 0 24419102890897
117848 512 0 24419103169538
118360 512 0 24419103448178
118872 512 0 24419103726819
119384 512 0 24419104005459
119896 512 0 24419104284099
120408 512 0 24419104562740
120920 512 0 24419104841380
121432 512 0 24419105120021
121944 512 0 24419105398661
122456 512 0 24419105677301
122968 512 0 24419105955942
123480 512 0 24419106234584
123992 512 0 24419106513225
124504 512 0 24419106791865
125016 512 0 24419107070506
125528 512 0 24419107349146
126040 512 0 24419107627786
126552 512 0 24419107906427
127064 512 0 24419108185067
127576 512 0 24419108463708
128088 512 0 24419108742348
128600 512 0 24419109020989
129112 512 0 24419109299629
129624 512 0 24419109578269
130136 512 0 24419109856910
130648 512 0 24419110135550
131160 512 0 24419110414191
131672 512 0 24419110692830
132184 512 0 24419110971471
132696 512 0 24419111250111
133208 512 0 24419111528751
133720 512 0 24419111807392
134232 512 0 24419112086032
134744 512 0 24419112364673
135256 512 0 24419112643313
135768 512 0 24419112921953
136280 512 0 24419113200594
136792 512 0 24419113479234
137304 512 0 24419113757875
137816 512 0 24419114036515
138328 512 0 24419114315155
138840 512 0 24419114593796
139352 512 0 24419114872436
139864 512 0 24419115151077
140376 512 0 24419115429718
140888 512 0 24419115708358
141400 512 0 24419115986999
141912 512 0 24419116265639
142424 512 0 24419116544279
142936 512 0 24419116822920
143448 512 0 24419117101560
143960 512 0 24419117380201
144472 512 0 24419117658841
144984 512 0 24419117937481
145496 512 0 24419118216122
146008 512 0 24419118494762
146520 512 0 24419118773403
147032 512 0 24419119052043
147544 512 0 24419119330683
148056 512 0 24419119609324
148568 512 0 24419119887965
149080 512 0 24419120166605
149592 512 0 24419120445246
150104 512 0 24419120723886
150616 512 0 24419121002526
151128 512 0 24419121281167
151640 512 0 24419121559807
152152 512 0 24419121838448
152664 512 0 24419122117088
153176 512 0 24419122395728
153688 512 0 24419122674369
154200 512 0 24419122953009
154712 512 0 24419123231650
155224 512 0 24419123510290
155736 512 0 24419123788931
156248 512 0 24419124067570
156760 512 0 24419124346211
157272 512 0 24419124624851
157784 512 0 24419124903491
158296 512 0 24419125182132
158808 512 0 24419125460772
159320 512 0 24419125739413
159832 512 0 24419126018053
160344 512 0 24419126296694
160856 512 0 24419126575334
161368 512 0 24419126853974
161880 512 0 24419127132615
162392 512 0 24419127411255
162904 512 0 24419127689896
163416 512 0 24419127968536
163928 512 0 24419128247176
164440 512 0 24419128525817
164952 512 0 24419128804458
165464 512 0 24419129083098
165976 512 0 24419129361739
166488 512 0 24419129640379
167000 512 0 24419129919019
167512 512 0 24419130197660
168024 512 0 24419130476300
168536 512 0 24419130754941
169048 512 0 24419131033581
169560 512 0 24419131312221
170072 512 0 24419131590862
170584 512 0 24419131869502
171096 512 0 24419132148143
171608 512 0 24419132426783
172120 512 0 24419132705423
172632 512 0 24419132984064
173144 512 0 24419133262705
173656 512 0 24419133541345
174168 512 0 24419133819986
174680 512 0 24419134098626
175192 512 0 24419134377266
175704 512 0 24419134655907
176216 512 0 24419134934547
176728 512 0 24419135213188
177240 512 0 24419135491828
177752 512 0 24419135770468
178264 512 0 24419136049109
178776 512 0 24419136327749
179288 512 0 24419136606390
179800 512 0 24419136885030
180312 512 0 24419137163671
180824 512 0 24419137442311
181336 512 0 24419137720952
181848 512 0 24419137999592
182360 512 0 24419138278233
182872 512 0 24419138556873
183384 512 0 24419138835513
183896 512 0 24419139114154
184408 512 0 24419139392794
184920 512 0 24419139671435
185432 512 0 24419139950075
185944 512 0 24419140228716
186456 512 0 24419140507356
186968 512 0 24419140785996
187480 512 0 24419141064637
187992 512 0 24419141343277
188504 512 0 24419141621918
189016 512 0 24419141900558
189528 512 0 24419142179199
190040 512 0 24419142457839
190552 512 0 24419142736480
191064 512 0 24419143015120
191576 512 0 24419143293761
192088 512 0 24419143572401
192600 512 0 24419143851041
193112 512 0 24419144129682
193624 512 0 24419144408322
194136 512 0 24419144686963
194648 512 0 24419144965603
195160 512 0 24419145244243
195672 512 0 24419145522884
196184 512 0 24419145801524
196696 512 0 24419146080165
197208 512 0 24419146358804
197720 512 0 24419146637445
198232 512 0 24419146916085
198744 512 0 24419147194726
199256 512 0 24419147473366
199768 512 0 24419147752006
200280 512 0 24419148030647
200792 512 0 24419148309287
201304 512 0 24419148587928
201816 512 0 24419148866568
202328 512 0 24419149145208
202840 512 0 24419149423849
203352 512 0 24419149702489
203864 512 0 24419149981130
204376 512 0 24419150259770
204888 512 0 24419150538411
205400 512 0 24419150817051
205912 512 0 24419151095692
206424 512 0 24419151374332
206936 512 0 24419151652973
207448 512 0 24419151931613
207960 512 0 24419152210253
208472 512 0 24419152488894
208984 512 0 24419152767534
209496 512 0 24419153046175
210008 512 0 24419153324815
210520 512 0 24419153603456
211032 512 0 24419153882096
211544 512 0 24419154160736
212056 512 0 24419154439377
212568 512 0 24419154718017
213080 512 0 24419154996658
213592 512 0 24419155275300
214104 512 0 24419155553940
214616 512 0 24419155832580
215128 512 0 24419156111221
215640 512 0 24419156389861
216152 512 0 24419156668502
216664 512 0 24419156947142
217176 512 0 24419157225783
217688 512 0 24419157504423
218200 512 0 24419157783063
218712 512 0 24419158061704
219224 512 0 24419158340344
219736 512 0 24419158618985
220248 512 0 24419158897625
220760 512 0 24419159176265
221272 512 0 24419159454906
221784 512 0 24419159733547
222296 512 0 24419160012187
222808 512 0 24419160290827
223320 512 0 24419160569468
223832 512 0 24419160848108
224344 512 0 24419161126749
224856 512 0 24419161405389
225368 512 0 24419161684030
225880 512 0 24419161962670
226392 512 0 24419162241310
226904 512 0 24419162519951
227416 512 0 24419162798591
227928 512 0 24419163077232
228440 512 0 24419163355872
228952 512 0 24419163634513
229464 512 0 24419163913153
229976 512 0 24419164191794
230488 512 0 24419164470434
231000 512 0 24419164749074
231512 512 0 24419165027715
232024 512 0 24419165306355
232536 512 0 24419165584996
233048 512 0 24419165863636
233560 512 0 24419166142277
234072 512 0 24419166420917
234584 512 0 24419166699557
235096 512 0 24419166978198
235608 512 0 24419167256838
236120 512 0 24419167535479
236632 512 0 24419167814119
237144 512 0 24419168092760
237656 512 0 24419168371400
238168 512 0 24419168650041
238680 512 0 24419168928681
239192 512 0 24419169207321
239704 512 0 24419169485962
240216 512 0 24419169764602
240728 512 0 24419170043243
241240 512 0 24419170321883
241752 512 0 24419170600524
242264 512 0 24419170879164
242776 512 0 24419171157804
243288 512 0 24419171436445
243800 512 0 24419171715085
244312 512 0 24419171993726
244824 512 0 24419172272366
245336 512 0 24419172551007
245848 512 0 24419172829647
246360 512 0 24419173108288
246872 512 0 24419173386928
247384 512 0 24419173665568
247896 512 0 24419173944209
248408 512 0 24419174222849
248920 512 0 24419174501490
249432 512 0 24419174780130
249944 512 0 24419175058771
250456 512 0 24419175337411
250968 512 0 24419175616051
251480 512 0 24419175894692
251992 512 0 24419176173332
252504 512 0 24419176451973
253016 512 0 24419176730613
253528 512 0 24419177009254
254040 512 0 24419177287894
254552 512 0 24419177566536
255064 512 0 24419177845176
255576 512 0 24419178123817
256088 512 0 24419178402457
256600 512 0 24419178681097
257112 512 0 24419178959738
257624 512 0 24419179238378
258136 512 0 24419179517019
258648 512 0 24419179795659
259160 512 0 24419180074300
259672 512 0 24419180352940
260184 512 0 24419180631581
260696 512 0 24419180910221
261208 512 0 24419181188861
261720 512 0 24419181467502
262232 512 0 24419181746142
262744 512 0 24419182024783
263256 512 0 24419182303423
263768 512 0 24419182582064
264280 512 0 24419182860704
264792 512 0 24419183139344
265304 512 0 24419183417985
265816 512 0 24419183696625
266328 512 0 24419183975266
266840 512 0 24419184253906
267352 512 0 24419184532547
267864 512 0 24419184811187
268376 512 0 24419185089828
268888 512 0 24419185368468
269400 512 0 24419185647108
269912 512 0 24419185925749
270424 512 0 24419186204389
270936 512 0 24419186483030
271448 512 0 24419186761670
271960 512 0 24419187040311
272472 512 0 24419187318951
272984 512 0 24419187597591
273496 512 0 24419187876232
274008 512 0 24419188154872
274520 512 0 24419188433513
275032 512 0 24419188712153
275544 512 0 24419188990794
276056 512 0 24419189269434
276568 512 0 24419189548075
277080 512 0 24419189826715
277592 512 0 24419190105355
278104 512 0 24419190383996
278616 512 0 24419190662636
279128 512 0 24419190941277
279640 512 0 24419191219917
280152 512 0 24419191498558
280664 512 0 24419191777198
281176 512 0 24419192055838
281688 512 0 24419192334479
282200 512 0 24419192613119
282712 512 0 24419192891760
283224 512 0 24419193170400
283736 512 0 24419193449041
284248 512 0 24419193727681
284760 512 0 24419194006322
285272 512 0 24419194284962
285784 512 0 24419194563602
286296 512 0 24419194842243
286808 512 0 24419195120883
287320 512 0 24419195399524
287832 512 0 24419195678164
288344 512 0 24419195956805
288856 512 0 24419196235445
289368 512 0 24419196514085
289880 512 0 24419196792726
290392 512 0 24419197071366
290904 512 0 24419197350007
291416 512 0 24419197628647
291928 512 0 24419197907288
292440 512 0 24419198185928
292952 512 0 24419198464569
293464 512 0 24419198743209
293976 512 0 24419199021849
294488 512 0 24419199300490
295000 512 0 24419199579130
295512 512 0 24419199857772
296024 512 0 24419200136412
296536 512 0 24419200415053
297048 512 0 24419200693693
297560 512 0 24419200972334
298072 512 0 24419201250974
298584 512 0 24419201529615
299096 512 0 24419201808255
299608 512 0 24419202086895
300120 512 0 24419202365536
300632 512 0 24419202644176
301144 512 0 24419202922817
301656 512 0 24419203201457
302168 512 0 24419203480098
302680 512 0 24419203758738
303192 512 0 24419204037379
303704 512 0 24419204316019
304216 512 0 24419204594659
304728 512 0 24419204873300
305240 512 0 24419205151940
305752 512 0 24419205430581
306264 512 0 24419205709221
306776 512 0 24419205987862
307288 512 0 24419206266502
307800 512 0 24419206545142
308312 512 0 24419206823783
308824 512 0 24419207102423
309336 512 0 24419207381064
309848 512 0 24419207659704
310360 512 0 24419207938345
310872 512 0 24419208216985
311384 512 0 24419208495625
311896 512 0 24419208774266
312408 512 0 24419209052906
312920 512 0 24419209331547
313432 512 0 24419209610187
313944 512 0 24419209888828
314456 512 0 24419210167468
314968 512 0 24419210446108
315480 512 0 24419210724749
315992 512 0 24419211003389
316504 512 0 24419211282030
317016 512 0 24419211560670
317528 512 0 24419211839311
318040 512 0 24419212117951
318552 512 0 24419212396592
319064 512 0 24419212675232
319576 512 0 24419212953872
320088 512 0 24419213232513
320600 512 0 24419213511153
321112 512 0 24419213789794
321624 512 0 24419214068434
322136 512 0 24419214347075
322648 512 0 24419214625715
323160 512 0 24419214904355
323672 512 0 24419215182996
324184 512 0 24419215461636
324696 512 0 24419215740277
325208 512 0 24419216018917
325720 512 0 24419216297558
326232 512 0 24419216576198
326744 512 0 24419216854839
327256 512 0 24419217133479
327768 512 0 24419217412119
328280 512 0 24419217690760
328792 512 0 24419217969400
329304 512 0 24419218248041
329816 512 0 24419218526681
330328 512 0 24419218805322
330840 512 0 24419219083962
331352 512 0 24419219362602
331864 512 0 24419219641243
332376 512 0 24419219919883
332888 512 0 24419220198524
333400 512 0 24419220477164
333912 512 0 24419220755805
334424 512 0 24419221034445
334936 512 0 24419221313086
335448 512 0 24419221591726
335960 512 0 24419221870366
336472 512 0 24419222149007
336984 512 0 24419222427647
337496 512 0 24419222706288
338008 512 0 24419222984928
338520 512 0 24419223263569
339032 512 0 24419223542209
339544 512 0 24419223820849
340056 512 0 24419224099490
340568 512 0 24419224378130
341080 512 0 24419224656771
341592 512 0 24419224935411
342104 512 0 24419225214052
342616 512 0 24419225492692
343128 512 0 24419225771333
343640 512 0 24419226049973
344152 512 0 24419226328613
344664 512 0 24419226607255
345176 512 0 24419226885895
345688 512 0 24419227164536
346200 512 0 24419227443176
346712 512 0 24419227721817
347224 512 0 24419228000457
347736 512 0 24419228279098
348248 512 0 24419228557738
348760 512 0 24419228836378
349272 512 0 24419229115019
349784 512 0 24419229393659
350296 512 0 24419229672300
350808 512 0 24419229950940
351320 512 0 24419230229581
351832 512 0 24419230508221
352344 512 0 24419230786862
352856 512 0 24419231065502
353368 512 0 24419231344142
353880 512 0 24419231622783
354392 512 0 24419231901423
354904 512 0 24419232180064
355416 512 0 24419232458704
355928 512 0 24419232737345
356440 512 0 24419233015985
356952 512 0 24419233294625
357464 512 0 24419233573266
357976 512 0 24419233851906
358488 512 0 24419234130547
359000 512 0 24419234409187
359512 512 0 24419234687828
360024 512 0 24419234966468
360536 512 0 24419235245109
361048 512 0 24419235523749
361560 512 0 24419235802389
362072 512 0 24419236081030
362584 512 0 24419236359670
363096 512 0 24419236638311
363608 512 0 24419236916951
364120 512 0 24419237195592
364632 512 0 24419237474232
365144 512 0 24419237752872
365656 512 0 24419238031513
366168 512 0 24419238310153
366680 512 0 24419238588794
367192 512 0 24419238867434
367704 512 0 24419239146075
368216 512 0 24419239424715
368728 512 0 24419239703356
369240 512 0 24419239981996
369752 512 0 24419240260636
370264 512 0 24419240539277
370776 512 0 24419240817917
371288 512 0 24419241096558
371800 512 0 24419241375198
372312 512 0 24419241653839
372824 512 0 24419241932479
373336 512 0 24419242211119
373848 512 0 24419242489760
374360 512 0 24419242768400
374872 512 0 24419243047041
375384 512 0 24419243325681
375896 512 0 24419243604322
376408 512 0 24419243882962
376920 512 0 24419244161603
377432 512 0 24419244440243
377944 512 0 24419244718883
378456 512 0 24419244997524
378968 512 0 24419245276164
379480 512 0 24419245554805
379992 512 0 24419245833445
380504 512 0 24419246112086
381016 512 0 24419246390726
381528 512 0 24419246669366
382040 512 0 24419246948007
382552 512 0 24419247226647
383064 512 0 24419247505288
383576 512 0 24419247783928
384088 512 0 24419248062569
384600 512 0 24419248341209
385112 512 0 24419248619850
385624 512 0 24419248898490
386136 512 0 24419249177130
386648 512 0 24419249455771
387160 512 0 24419249734411
387672 512 0 24419250013052
388184 512 0 24419250291692
388696 512 0 24419250570333
389208 512 0 24419250848973
389720 512 0 24419251127613
390232 512 0 24419251406254
390744 512 0 24419251684894
391256 512 0 24419251963535
391768 512 0 24419252242175
392280 512 0 24419252520816
392792 512 0 24419252799456
393304 512 0 24419253078096
393816 512 0 24419253356738
394328 512 0 24419253635378
394840 512 0 24419253914019
395352 512 0 24419254192659
395864 512 0 24419254471300
396376 512 0 24419254749940
396888 512 0 24419255028581
397400 512 0 24419255307221
397912 512 0 24419255585862
398424 512 0 24419255864502
398936 512 0 24419256143142
399448 512 0 24419256421783
399960 512 0 24419256700423
400472 512 0 24419256979064
400984 512 0 24419257257704
401496 512 0 24419257536345
402008 512 0 24419257814985
402520 512 0 24419258093625
403032 512 0 24419258372266
403544 512 0 24419258650906
404056 512 0 24419258929547
404568 512 0 24419259208187
405080 512 0 24419259486828
405592 512 0 24419259765468
406104 512 0 24419260044109
406616 512 0 24419260322749
407128 512 0 24419260601389
407640 512 0 24419260880030
408152 512 0 24419261158670
408664 512 0 24419261437311
409176 512 0 24419261715951
409688 512 0 24419261994592
410200 512 0 24419262273232
410712 512 0 24419262551872
411224 512 0 24419262830513
411736 512 0 24419263109153
412248 512 0 24419263387794
412760 512 0 24419263666434
413272 512 0 24419263945075
413784 512 0 24419264223715
414296 512 0 24419264502355
414808 512 0 24419264780996
415320 512 0 24419265059636
415832 512 0 24419265338277
416344 512 0 24419265616917
416856 512 0 24419265895558
417368 512 0 24419266174198
417880 512 0 24419266452839
418392 512 0 24419266731479
418904 512 0 24419267010119
419416 512 0 24419267288760
419928 512 0 24419267567400
420440 512 0 24419267846041
420952 512 0 24419268124681
421464 512 0 24419268403322
421976 512 0 24419268681962
422488 512 0 24419268960602
423000 512 0 24419269239243
423512 512 0 24419269517883
424024 512 0 24419269796524
424536 512 0 24419270075164
425048 512 0 24419270353805
425560 512 0 24419270632445
426072 512 0 24419270911086
426584 512 0 24419271189726
427096 512 0 24419271468366
427608 512 0 24419271747007
428120 512 0 24419272025647
428632 512 0 24419272304288
429144 512 0 24419272582928
429656 512 0 24419272861569
430168 512 0 24419273140209
430680 512 0 24419273418849
431192 512 0 24419273697490
431704 512 0 24419273976130
432216 512 0 24419274254771
432728 512 0 24419274533411
433240 512 0 24419274812052
433752 512 0 24419275090692
434264 512 0 24419275369333
434776 512 0 24419275647973
435288 512 0 24419275926613
435800 512 0 24419276205254
436312 512 0 24419276483894
436824 512 0 24419276762535
437336 512 0 24419277041175
437848 512 0 24419277319816
438360 512 0 24419277598456
438872 512 0 24419277877096
439384 512 0 24419278155737
439896 512 0 24419278434377
440408 512 0 24419278713018
440920 512 0 24419278991658
441432 512 0 24419279270299
441944 512 0 24419279548939
442456 512 0 24419279827580
442968 512 0 24419280106220
443480 512 0 24419280384860
443992 512 0 24419280663501
444504 512 0 24419280942141
445016 512 0 24419281220782
445528 512 0 24419281499422
446040 512 0 24419281778063
446552 512 0 24419282056703
447064 512 0 24419282335343
447576 512 0 24419282613984
448088 512 0 24419282892624
448600 512 0 24419283171265
449112 512 0 24419283449905
449624 512 0 24419283728546
450136 512 0 24419284007186
450648 512 0 24419284285827
451160 512 0 24419284564468
451672 512 0 24419284843108
452184 512 0 24419285121749
452696 512 0 24419285400389
453208 512 0 24419285679030
453720 512 0 24419285957670
454232 512 0 24419286236311
454744 512 0 24419286514951
455256 512 0 24419286793592
455768 512 0 24419287072232
456280 512 0 24419287350872
456792 512 0 24419287629513
457304 512 0 24419287908153
457816 512 0 24419288186794
458328 512 0 24419288465434
458840 512 0 24419288744075
459352 512 0 24419289022715
459864 512 0 24419289301355
460376 512 0 24419289579996
460888 512 0 24419289858636
461400 512 0 24419290137277
461912 512 0 24419290415917
462424 512 0 24419290694558
462936 512 0 24419290973198
463448 512 0 24419291251839
463960 512 0 24419291530479
464472 512 0 24419291809119
464984 512 0 24419292087760
465496 512 0 24419292366400
466008 512 0 24419292645041
466520 512 0 24419292923681
467032 512 0 24419293202322
467544 512 0 24419293480962
468056 512 0 24419293759602
468568 512 0 24419294038243
469080 512 0 24419294316883
469592 512 0 24419294595524
470104 512 0 24419294874164
470616 512 0 24419295152805
471128 512 0 24419295431445
471640 512 0 24419295710085
472152 512 0 24419295988726
472664 512 0 24419296267366
473176 512 0 24419296546007
473688 512 0 24419296824647
474200 512 0 24419297103288
474712 512 0 24419297381928
475224 512 0 24419297660569
475736 512 0 24419297939209
476248 512 0 24419298217849
476760 512 0 24419298496490
477272 512 0 24419298775130
477784 512 0 24419299053771
478296 512 0 24419299332411
478808 512 0 24419299611052
479320 512 0 24419299889692
479832 512 0 24419300168332
480344 512 0 24419300446973
480856 512 0 24419300725613
481368 512 0 24419301004254
481880 512 0 24419301282894
482392 512 0 24419301561535
482904 512 0 24419301840175
483416 512 0 24419302118816
483928 512 0 24419302397456
484440 512 0 24419302676096
484952 512 0 24419302954737
485464 512 0 24419303233377
485976 512 0 24419303512018
486488 512 0 24419303790658
487000 512 0 24419304069299
487512 512 0 24419304347939
488024 512 0 24419304626579
488536 512 0 24419304905220
489048 512 0 24419305183860
489560 512 0 24419305462501
490072 512 0 24419305741141
490584 512 0 24419306019782
491096 512 0 24419306298422
491608 512 0 24419306577063
492120 512 0 24419306855703
492632 512 0 24419307134343
493144 512 0 24419307412984
493656 512 0 24419307691624
494168 512 0 24419307970265
494680 512 0 24419308248905
495192 512 0 24419308527546
495704 512 0 24419308806186
496216 512 0 24419309084826
496728 512 0 24419309363467
497240 512 0 24419309642107
497752 512 0 24419309920748
498264 512 0 24419310199388
498776 512 0 24419310478029
499288 512 0 24419310756669
499800 512 0 24419311035310
500312 512 0 24419311313951
500824 512 0 24419311592591
501336 512 0 24419311871232
501848 512 0 24419312149872
502360 512 0 24419312428513
502872 512 0 24419312707153
503384 512 0 24419312985794
503896 512 0 24419313264434
504408 512 0 24419313543075
504920 512 0 24419313821715
505432 512 0 24419314100355
505944 512 0 24419314378996
506456 512 0 24419314657636
506968 512 0 24419314936277
507480 512 0 24419315214917
507992 512 0 24419315493558
508504 512 0 24419315772198
509016 512 0 24419316050838
509528 512 0 24419316329479
510040 512 0 24419316608119
510552 512 0 24419316886760
511064 512 0 24419317165400
511576 512 0 24419317444041
512088 512 0 24419317722681
512600 512 0 24419318001322
513112 512 0 24419318279962
513624 512 0 24419318558602
514136 512 0 24419318837243
514648 512 0 24419319115883
515160 512 0 24419319394524
515672 512 0 24419319673164
516184 512 0 24419319951805
516696 512 0 24419320230445
517208 512 0 24419320509085
517720 512 0 24419320787726
518232 512 0 24419321066366
518744 512 0 24419321345007
519256 512 0 24419321623647
519768 512 0 24419321902288
520280 512 0 24419322180928
520792 512 0 24419322459569
521304 512 0 24419322738209
521816 512 0 24419323016849
522328 512 0 24419323295490
522840 512 0 24419323574130
523352 512 0 24419323852771
523864 512 0 24419324131411
524376 512 0 24419324410052
524888 512 0 24419324688692
525400 512 0 24419324967332
525912 512 0 24419325245973
526424 512 0 24419325524613
526936 512 0 24419325803254
527448 512 0 24419326081894
527960 512 0 24419326360535
528472 512 0 24419326639175
528984 512 0 24419326917815
529496 512 0 24419327196456
530008 512 0 24419327475096
530520 512 0 24419327753737
531032 512 0 24419328032377
531544 512 0 24419328311018
532056 512 0 24419328589658
532568 512 0 24419328868299
533080 512 0 24419329146939
533592 512 0 24419329425579
534104 512 0 24419329704220
534616 512 0 24419329982860
535128 512 0 24419330261501
535640 512 0 24419330540141
536152 512 0 24419330818782
536664 512 0 24419331097422
537176 512 0 24419331376062
537688 512 0 24419331654703
538200 512 0 24419331933343
538712 512 0 24419332211984
539224 512 0 24419332490624
539736 512 0 24419332769265
540248 512 0 24419333047905
540760 512 0 24419333326546
541272 512 0 24419333605187
541784 512 0 24419333883827
542296 512 0 24419334162468
542808 512 0 24419334441108
543320 512 0 24419334719749
543832 512 0 24419334998389
544344 512 0 24419335277030
544856 512 0 24419335555670
545368 512 0 24419335834311
545880 512 0 24419336112951
546392 512 0 24419336391592
546904 512 0 24419336670232
547416 512 0 24419336948872
547928 512 0 24419337227513
548440 512 0 24419337506153
548952 512 0 24419337784794
549464 512 0 24419338063434
549976 512 0 24419338342074
550488 512 0 24419338620715
551000 512 0 24419338899355
551512 512 0 24419339177996
552024 512 0 24419339456636
552536 512 0 24419339735277
553048 512 0 24419340013917
553560 512 0 24419340292558
554072 512 0 24419340571198
554584 512 0 24419340849838
555096 512 0 24419341128479
555608 512 0 24419341407119
556120 512 0 24419341685760
556632 512 0 24419341964400
557144 512 0 24419342243041
557656 512 0 24419342521681
558168 512 0 24419342800321
558680 512 0 24419343078962
559192 512 0 24419343357602
559704 512 0 24419343636243
560216 512 0 24419343914883
560728 512 0 24419344193524
561240 512 0 24419344472164
561752 512 0 24419344750805
562264 512 0 24419345029445
562776 512 0 24419345308085
563288 512 0 24419345586726
563800 512 0 24419345865366
564312 512 0 24419346144007
564824 512 0 24419346422647
565336 512 0 24419346701288
565848 512 0 24419346979928
566360 512 0 24419347258568
566872 512 0 24419347537209
567384 512 0 24419347815849
567896 512 0 24419348094490
568408 512 0 24419348373130
568920 512 0 24419348651771
569432 512 0 24419348930411
569944 512 0 24419349209052
570456 512 0 24419349487692
570968 512 0 24419349766332
571480 512 0 24419350044973
571992 512 0 24419350323613
572504 512 0 24419350602254
573016 512 0 24419350880894
573528 512 0 24419351159535
574040 512 0 24419351438175
574552 512 0 24419351716816
575064 512 0 24419351995457
575576 512 0 24419352274097
576088 512 0 24419352552738
576600 512 0 24419352831378
577112 512 0 24419353110019
577624 512 0 24419353388659
578136 512 0 24419353667300
578648 512 0 24419353945940
579160 512 0 24419354224581
579672 512 0 24419354503221
580184 512 0 24419354781861
580696 512 0 24419355060502
581208 512 0 24419355339142
581720 512 0 24419355617783
582232 512 0 24419355896423
582744 512 0 24419356175063
583256 512 0 24419356453704
583768 512 0 24419356732344
584280 512 0 24419357010985
584792 512 0 24419357289625
585304 512 0 24419357568266
585816 512 0 24419357846906
586328 512 0 24419358125547
586840 512 0 24419358404187
587352 512 0 24419358682828
587864 512 0 24419358961468
588376 512 0 24419359240108
588888 512 0 24419359518749
589400 512 0 24419359797389
589912 512 0 24419360076030
590424 512 0 24419360354669
590936 512 0 24419360633309
591448 512 0 24419360911950
591960 512 0 24419361190590
592472 512 0 24419361469231
592984 512 0 24419361747871
593496 512 0 24419362026512
594008 512 0 24419362305152
594520 512 0 24419362583792
595032 512 0 24419362862433
595544 512 0 24419363141073
596056 512 0 24419363419714
596568 512 0 24419363698354
597080 512 0 24419363976995
597592 512 0 24419364255635
598104 512 0 24419364534276
598616 512 0 24419364812917
599128 512 0 24419365091557
599640 512 0 24419365370198
600152 512 0 24419365648838
600664 512 0 24419365927479
601176 512 0 24419366206119
601688 512 0 24419366484760
602200 512 0 24419366763400
602712 512 0 24419367042041
603224 512 0 24419367320681
603736 512 0 24419367599321
604248 512 0 24419367877962
604760 512 0 24419368156602
605272 512 0 24419368435243
605784 512 0 24419368713883
606296 512 0 24419368992524
606808 512 0 24419369271164
607320 512 0 24419369549804
607832 512 0 24419369828445
608344 512 0 24419370107085
608856 512 0 24419370385726
609368 512 0 24419370664366
609880 512 0 24419370943007
610392 512 0 24419371221647
610904 512 0 24419371500288
611416 512 0 24419371778928
611928 512 0 24419372057568
612440 512 0 24419372336209
612952 512 0 24419372614849
613464 512 0 24419372893490
613976 512 0 24419373172130
614488 512 0 24419373450771
615000 512 0 24419373729411
615512 512 0 24419374008051
616024 512 0 24419374286692
616536 512 0 24419374565332
617048 512 0 24419374843973
617560 512 0 24419375122613
618072 512 0 24419375401254
618584 512 0 24419375679894
619096 512 0 24419375958535
619608 512 0 24419376237175
620120 512 0 24419376515815
620632 512 0 24419376794456
621144 512 0 24419377073096
621656 512 0 24419377351737
622168 512 0 24419377630377
622680 512 0 24419377909018
623192 512 0 24419378187658
623704 512 0 24419378466298
624216 512 0 24419378744939
624728 512 0 24419379023579
625240 512 0 24419379302220
625752 512 0 24419379580860
626264 512 0 24419379859501
626776 512 0 24419380138141
627288 512 0 24419380416781
627800 512 0 24419380695422
628312 512 0 24419380974062
628824 512 0 24419381252703
629336 512 0 24419381531343
629848 512 0 24419381809984
630360 512 0 24419382088624
630872 512 0 24419382367265
631384 512 0 24419382645906
631896 512 0 24419382924546
632408 512 0 24419383203187
632920 512 0 24419383481827
633432 512 0 24419383760468
633944 512 0 24419384039108
634456 512 0 24419384317749
634968 512 0 24419384596389
635480 512 0 24419384875030
635992 512 0 24419385153670
636504 512 0 24419385432311
637016 512 0 24419385710951
637528 512 0 24419385989591
638040 512 0 24419386268232
638552 512 0 24419386546872
639064 512 0 24419386825513
639576 512 0 24419387104153
640088 512 0 24419387382793
640600 512 0 24419387661434
641112 512 0 24419387940074
641624 512 0 24419388218715
642136 512 0 24419388497355
642648 512 0 24419388775996
643160 512 0 24419389054636
643672 512 0 24419389333277
644184 512 0 24419389611917
644696 512 0 24419389890557
645208 512 0 24419390169198
645720 512 0 24419390447838
646232 512 0 24419390726479
646744 512 0 24419391005119
647256 512 0 24419391283760
647768 512 0 24419391562400
648280 512 0 24419391841040
648792 512 0 24419392119681
649304 512 0 24419392398321
649816 512 0 24419392676962
650328 512 0 24419392955602
650840 512 0 24419393234243
651352 512 0 24419393512883
651864 512 0 24419393791524
652376 512 0 24419394070164
652888 512 0 24419394348804
653400 512 0 24419394627445
653912 512 0 24419394906085
654424 512 0 24419395184726
654936 512 0 24419395463366
655448 512 0 24419395742007
655960 512 0 24419396020647
656472 512 0 24419396299287
656984 512 0 24419396577928
657496 512 0 24419396856568
658008 512 0 24419397135209
658520 512 0 24419397413849
659032 512 0 24419397692490
659544 512 0 24419397971130
660056 512 0 24419398249771
660568 512 0 24419398528411
661080 512 0 24419398807051
661592 512 0 24419399085692
662104 512 0 24419399364332
662616 512 0 24419399642973
663128 512 0 24419399921613
663640 512 0 24419400200254
664152 512 0 24419400478895
664664 512 0 24419400757535
665176 512 0 24419401036176
665688 512 0 24419401314816
666200 512 0 24419401593457
666712 512 0 24419401872097
667224 512 0 24419402150738
667736 512 0 24419402429378
668248 512 0 24419402708019
668760 512 0 24419402986659
669272 512 0 24419403265300
669784 512 0 24419403543940
670296 512 0 24419403822580
670808 512 0 24419404101221
671320 512 0 24419404379861
671832 512 0 24419404658502
672344 512 0 24419404937141
672856 512 0 24419405215781
673368 512 0 24419405494422
673880 512 0 24419405773062
674392 512 0 24419406051703
674904 512 0 24419406330343
675416 512 0 24419406608984
675928 512 0 24419406887624
676440 512 0 24419407166264
676952 512 0 24419407444905
677464 512 0 24419407723545
677976 512 0 24419408002186
678488 512 0 24419408280826
679000 512 0 24419408559467
679512 512 0 24419408838107
680024 512 0 24419409116748
680536 512 0 24419409395389
681048 512 0 24419409674029
681560 512 0 24419409952670
682072 512 0 24419410231310
682584 512 0 24419410509951
683096 512 0 24419410788591
683608 512 0 24419411067232
684120 512 0 24419411345872
684632 512 0 24419411624513
685144 512 0 24419411903153
685656 512 0 24419412181793
686168 512 0 24419412460434
686680 512 0 24419412739074
687192 512 0 24419413017715
687704 512 0 24419413296355
688216 512 0 24419413574996
688728 512 0 24419413853636
689240 512 0 24419414132276
689752 512 0 24419414410917
690264 512 0 24419414689557
690776 512 0 24419414968198
691288 512 0 24419415246838
691800 512 0 24419415525479
692312 512 0 24419415804119
692824 512 0 24419416082760
693336 512 0 24419416361400
693848 512 0 24419416640040
694360 512 0 24419416918681
694872 512 0 24419417197321
695384 512 0 24419417475962
695896 512 0 24419417754602
696408 512 0 24419418033243
696920 512 0 24419418311883
697432 512 0 24419418590523
697944 512 0 24419418869164
698456 512 0 24419419147804
698968 512 0 24419419426445
699480 512 0 24419419705085
699992 512 0 24419419983726
700504 512 0 24419420262366
701016 512 0 24419420541007
701528 512 0 24419420819647
702040 512 0 24419421098287
702552 512 0 24419421376928
703064 512 0 24419421655568
703576 512 0 24419421934209
704088 512 0 24419422212849
704600 512 0 24419422491490
705112 512 0 24419422770130
705624 512 0 24419423048770
706136 512 0 24419423327411
706648 512 0 24419423606051
707160 512 0 24419423884692
707672 512 0 24419424163332
708184 512 0 24419424441973
708696 512 0 24419424720613
709208 512 0 24419424999254
709720 512 0 24419425277894
710232 512 0 24419425556534
710744 512 0 24419425835175
711256 512 0 24419426113815
711768 512 0 24419426392456
712280 512 0 24419426671096
712792 512 0 24419426949737
713304 512 0 24419427228378
713816 512 0 24419427507018
714328 512 0 24419427785659
714840 512 0 24419428064299
715352 512 0 24419428342940
715864 512 0 24419428621580
716376 512 0 24419428900221
716888 512 0 24419429178861
717400 512 0 24419429457502
717912 512 0 24419429736142
718424 512 0 24419430014783
718936 512 0 24419430293423
719448 512 0 24419430572063
719960 512 0 24419430850704
720472 512 0 24419431129344
720984 512 0 24419431407985
721496 512 0 24419431686624
722008 512 0 24419431965264
722520 512 0 24419432243905
723032 512 0 24419432522545
723544 512 0 24419432801186
724056 512 0 24419433079826
724568 512 0 24419433358467
725080 512 0 24419433637107
725592 512 0 24419433915747
726104 512 0 24419434194388
726616 512 0 24419434473028
727128 512 0 24419434751669
727640 512 0 24419435030309
728152 512 0 24419435308950
728664 512 0 24419435587590
729176 512 0 24419435866231
729688 512 0 24419436144871
730200 512 0 24419436423511
730712 512 0 24419436702152
731224 512 0 24419436980792
731736 512 0 24419437259433
732248 512 0 24419437538073
732760 512 0 24419437816714
733272 512 0 24419438095354
733784 512 0 24419438373994
734296 512 0 24419438652635
734808 512 0 24419438931275
735320 512 0 24419439209916
735832 512 0 24419439488556
736344 512 0 24419439767197
736856 512 0 24419440045837
737368 512 0 24419440324478
737880 512 0 24419440603119
738392 512 0 24419440881759
738904 512 0 24419441160400
739416 512 0 24419441439040
739928 512 0 24419441717681
740440 512 0 24419441996321
740952 512 0 24419442274962
741464 512 0 24419442553602
741976 512 0 24419442832243
742488 512 0 24419443110883
743000 512 0 24419443389523
743512 512 0 24419443668164
744024 512 0 24419443946804
744536 512 0 24419444225445
745048 512 0 24419444504085
745560 512 0 24419444782726
746072 512 0 24419445061366
746584 512 0 24419445340006
747096 512 0 24419445618647
747608 512 0 24419445897287
748120 512 0 24419446175928
748632 512 0 24419446454568
749144 512 0 24419446733209
749656 512 0 24419447011849
750168 512 0 24419447290490
750680 512 0 24419447569130
751192 512 0 24419447847770
751704 512 0 24419448126411
752216 512 0 24419448405051
752728 512 0 24419448683692
753240 512 0 24419448962332
753752 512 0 24419449240973
754264 512 0 24419449519613
754776 512 0 24419449798253
755288 512 0 24419450076894
755800 512 0 24419450355534
756312 512 0 24419450634175
756824 512 0 24419450912815
757336 512 0 24419451191456
757848 512 0 24419451470096
758360 512 0 24419451748737
758872 512 0 24419452027377
759384 512 0 24419452306017
759896 512 0 24419452584658
760408 512 0 24419452863298
760920 512 0 24419453141939
761432 512 0 24419453420579
761944 512 0 24419453699220
762456 512 0 24419453977860
762968 512 0 24419454256500
763480 512 0 24419454535141
763992 512 0 24419454813781
764504 512 0 24419455092422
765016 512 0 24419455371062
765528 512 0 24419455649703
766040 512 0 24419455928343
766552 512 0 24419456206983
767064 512 0 24419456485624
767576 512 0 24419456764264
768088 512 0 24419457042905
768600 512 0 24419457321545
769112 512 0 24419457600186
769624 512 0 24419457878826
770136 512 0 24419458157467
770648 512 0 24419458436107
771160 512 0 24419458714747
771672 512 0 24419458993388
772184 512 0 24419459272028
772696 512 0 24419459550669
773208 512 0 24419459829309
773720 512 0 24419460107950
774232 512 0 24419460386590
774744 512 0 24419460665230
775256 512 0 24419460943871
775768 512 0 24419461222511
776280 512 0 24419461501152
776792 512 0 24419461779792
777304 512 0 24419462058433
777816 512 0 24419462337073
778328 512 0 24419462615714
778840 512 0 24419462894354
779352 512 0 24419463172994
779864 512 0 24419463451635
780376 512 0 24419463730275
780888 512 0 24419464008916
781400 512 0 24419464287556
781912 512 0 24419464566197
782424 512 0 24419464844837
782936 512 0 24419465123477
783448 512 0 24419465402118
783960 512 0 24419465680758
784472 512 0 24419465959399
784984 512 0 24419466238039
785496 512 0 24419466516680
786008 512 0 24419466795320
786520 512 0 24419467073961
787032 512 0 24419467352601
787544 512 0 24419467631241
788056 512 0 24419467909882
788568 512 0 24419468188522
789080 512 0 24419468467163
789592 512 0 24419468745803
790104 512 0 24419469024444
790616 512 0 24419469303084
791128 512 0 24419469581724
791640 512 0 24419469860365
792152 512 0 24419470139005
792664 512 0 24419470417646
793176 512 0 24419470696286
793688 512 0 24419470974927
794200 512 0 24419471253567
794712 512 0 24419471532208
795224 512 0 24419471810849
795736 512 0 24419472089489
796248 512 0 24419472368130
796760 512 0 24419472646770
797272 512 0 24419472925411
797784 512 0 24419473204051
798296 512 0 24419473482692
798808 512 0 24419473761332
799320 512 0 24419474039973
799832 512 0 24419474318613
800344 512 0 24419474597253
800856 512 0 24419474875894
801368 512 0 24419475154534
801880 512 0 24419475433175
802392 512 0 24419475711815
802904 512 0 24419475990456
803416 512 0 24419476269096
803928 512 0 24419476547736
804440 512 0 24419476826377
804952 512 0 24419477105017
805464 512 0 24419477383658
805976 512 0 24419477662298
806488 512 0 24419477940939
807000 512 0 24419478219579
807512 512 0 24419478498220
808024 512 0 24419478776860
808536 512 0 24419479055500
809048 512 0 24419479334141
809560 512 0 24419479612781
810072 512 0 24419479891422
810584 512 0 24419480170062
811096 512 0 24419480448703
811608 512 0 24419480727343
812120 512 0 24419481005983
812632 512 0 24419481284624
813144 512 0 24419481563264
813656 512 0 24419481841905
814168 512 0 24419482120545
814680 512 0 24419482399186
815192 512 0 24419482677826
815704 512 0 24419482956467
816216 512 0 24419483235107
816728 512 0 24419483513747
817240 512 0 24419483792388
817752 512 0 24419484071028
818264 512 0 24419484349669
818776 512 0 24419484628309
819288 512 0 24419484906950
819800 512 0 24419485185590
820312 512 0 24419485464230
820824 512 0 24419485742871
821336 512 0 24419486021511
821848 512 0 24419486300152
822360 512 0 24419486578792
822872 512 0 24419486857433
823384 512 0 24419487136073
823896 512 0 24419487414713
824408 512 0 24419487693354
824920 512 0 24419487971994
825432 512 0 24419488250635
825944 512 0 24419488529275
826456 512 0 24419488807916
826968 512 0 24419489086556
827480 512 0 24419489365197
827992 512 0 24419489643837
828504 512 0 24419489922477
829016 512 0 24419490201118
829528 512 0 24419490479758
830040 512 0 24419490758399
830552 512 0 24419491037039
831064 512 0 24419491315680
831576 512 0 24419491594320
832088 512 0 24419491872960
832600 512 0 24419492151601
833112 512 0 24419492430241
833624 512 0 24419492708882
834136 512 0 24419492987522
834648 512 0 24419493266163
835160 512 0 24419493544803
835672 512 0 24419493823444
836184 512 0 24419494102085
836696 512 0 24419494380725
837208 512 0 24419494659366
837720 512 0 24419494938006
838232 512 0 24419495216647
838744 512 0 24419495495287
839256 512 0 24419495773928
839768 512 0 24419496052568
840280 512 0 24419496331209
840792 512 0 24419496609849
841304 512 0 24419496888489
841816 512 0 24419497167130
842328 512 0 24419497445770
842840 512 0 24419497724411
843352 512 0 24419498003051
843864 512 0 24419498281692
844376 512 0 24419498560332
844888 512 0 24419498838972
845400 512 0 24419499117613
845912 512 0 24419499396253
846424 512 0 24419499674894
846936 512 0 24419499953534
847448 512 0 24419500232175
847960 512 0 24419500510815
848472 512 0 24419500789456
848984 512 0 24419501068096
849496 512 0 24419501346736
850008 512 0 24419501625377
850520 512 0 24419501904017
851032 512 0 24419502182658
851544 512 0 24419502461298
852056 512 0 24419502739939
852568 512 0 24419503018579
853080 512 0 24419503297219
853592 512 0 24419503575860
854104 512 0 24419503854500
854616 512 0 24419504133141
855128 512 0 24419504411781
855640 512 0 24419504690422
856152 512 0 24419504969062
856664 512 0 24419505247703
857176 512 0 24419505526343
857688 512 0 24419505804983
858200 512 0 24419506083624
858712 512 0 24419506362264
859224 512 0 24419506640905
859736 512 0 24419506919545
860248 512 0 24419507198186
860760 512 0 24419507476826
861272 512 0 24419507755466
861784 512 0 24419508034107
862296 512 0 24419508312747
862808 512 0 24419508591388
863320 512 0 24419508870028
863832 512 0 24419509148669
864344 512 0 24419509427309
864856 512 0 24419509705950
865368 512 0 24419509984590
865880 512 0 24419510263230
866392 512 0 24419510541871
866904 512 0 24419510820511
867416 512 0 24419511099152
867928 512 0 24419511377792
868440 512 0 24419511656433
868952 512 0 24419511935073
869464 512 0 24419512213713
869976 512 0 24419512492354
870488 512 0 24419512770994
871000 512 0 24419513049635
871512 512 0 24419513328275
872024 512 0 24419513606916
872536 512 0 24419513885556
873048 512 0 24419514164196
873560 512 0 24419514442837
874072 512 0 24419514721477
874584 512 0 24419515000118
875096 512 0 24419515278758
875608 512 0 24419515557399
876120 512 0 24419515836039
876632 512 0 24419516114680
877144 512 0 24419516393320
877656 512 0 24419516671960
878168 512 0 24419516950601
878680 512 0 24419517229241
879192 512 0 24419517507882
879704 512 0 24419517786522
880216 512 0 24419518065163
880728 512 0 24419518343803
881240 512 0 24419518622443
881752 512 0 24419518901084
882264 512 0 24419519179724
882776 512 0 24419519458365
883288 512 0 24419519737005
883800 512 0 24419520015646
884312 512 0 24419520294286
884824 512 0 24419520572927
885336 512 0 24419520851568
885848 512 0 24419521130208
886360 512 0 24419521408849
886872 512 0 24419521687489
887384 512 0 24419521966130
887896 512 0 24419522244770
888408 512 0 24419522523411
888920 512 0 24419522802051
889432 512 0 24419523080692
889944 512 0 24419523359332
890456 512 0 24419523637973
890968 512 0 24419523916613
891480 512 0 24419524195253
891992 512 0 24419524473894
892504 512 0 24419524752534
893016 512 0 24419525031175
893528 512 0 24419525309815
894040 512 0 24419525588455
894552 512 0 24419525867096
895064 512 0 24419526145736
895576 512 0 24419526424377
896088 512 0 24419526703017
896600 512 0 24419526981658
897112 512 0 24419527260298
897624 512 0 24419527538939
898136 512 0 24419527817579
898648 512 0 24419528096219
899160 512 0 24419528374860
899672 512 0 24419528653500
900184 512 0 24419528932141
900696 512 0 24419529210781
901208 512 0 24419529489422
901720 512 0 24419529768062
902232 512 0 24419530046702
902744 512 0 24419530325343
903256 512 0 24419530603983
903768 512 0 24419530882624
904280 512 0 24419531161264
904792 512 0 24419531439905
905304 512 0 24419531718545
905816 512 0 24419531997186
906328 512 0 24419532275826
906840 512 0 24419532554466
907352 512 0 24419532833107
907864 512 0 24419533111747
908376 512 0 24419533390388
908888 512 0 24419533669028
909400 512 0 24419533947669
909912 512 0 24419534226311
910424 512 0 24419534504952
910936 512 0 24419534783592
911448 512 0 24419535062233
911960 512 0 24419535340873
912472 512 0 24419535619513
912984 512 0 24419535898154
913496 512 0 24419536176794
914008 512 0 24419536455435
914520 512 0 24419536734075
915032 512 0 24419537012716
915544 512 0 24419537291356
916056 512 0 24419537569997
916568 512 0 24419537848637
917080 512 0 24419538127278
917592 512 0 24419538405918
918104 512 0 24419538684558
918616 512 0 24419538963199
919128 512 0 24419539241839
919640 512 0 24419539520479
920152 512 0 24419539799120
920664 512 0 24419540077760
921176 512 0 24419540356401
921688 512 0 24419540635041
922200 512 0 24419540913682
922712 512 0 24419541192322
923224 512 0 24419541470963
923736 512 0 24419541749603
924248 512 0 24419542028244
924760 512 0 24419542306884
925272 512 0 24419542585525
925784 512 0 24419542864165
926296 512 0 24419543142805
926808 512 0 24419543421446
927320 512 0 24419543700086
927832 512 0 24419543978726
928344 512 0 24419544257367
928856 512 0 24419544536007
929368 512 0 24419544814648
929880 512 0 24419545093288
930392 512 0 24419545371929
930904 512 0 24419545650569
931416 512 0 24419545929210
931928 512 0 24419546207850
932440 512 0 24419546486491
932952 512 0 24419546765131
933464 512 0 24419547043771
933976 512 0 24419547322412
934488 512 0 24419547601052
935000 512 0 24419547879692
935512 512 0 24419548158333
936024 512 0 24419548436973
936536 512 0 24419548715614
937048 512 0 24419548994254
937560 512 0 24419549272895
938072 512 0 24419549551535
938584 512 0 24419549830176
939096 512 0 24419550108816
939608 512 0 24419550387457
940120 512 0 24419550666097
940632 512 0 24419550944737
941144 512 0 24419551223378
941656 512 0 24419551502018
942168 512 0 24419551780659
942680 512 0 24419552059299
943192 512 0 24419552337939
943704 512 0 24419552616580
944216 512 0 24419552895220
944728 512 0 24419553173861
945240 512 0 24419553452501
945752 512 0 24419553731142
946264 512 0 24419554009782
946776 512 0 24419554288423
947288 512 0 24419554567063
947800 512 0 24419554845704
948312 512 0 24419555124344
948824 512 0 24419555402984
949336 512 0 24419555681625
949848 512 0 24419555960265
950360 512 0 24419556238906
950872 512 0 24419556517546
951384 512 0 24419556796188
951896 512 0 24419557074828
952408 512 0 24419557353468
952920 512 0 24419557632109
953432 512 0 24419557910749
953944 512 0 24419558189390
954456 512 0 24419558468030
954968 512 0 24419558746671
955480 512 0 24419559025311
955992 512 0 24419559303952
956504 512 0 24419559582592
957016 512 0 24419559861233
957528 512 0 24419560139873
958040 512 0 24419560418513
958552 512 0 24419560697154
959064 512 0 24419560975794
959576 512 0 24419561254435
960088 512 0 24419561533075
960600 512 0 24419561811715
961112 512 0 24419562090356
961624 512 0 24419562368996
962136 512 0 24419562647637
962648 512 0 24419562926277
963160 512 0 24419563204918
963672 512 0 24419563483558
964184 512 0 24419563762199
964696 512 0 24419564040839
965208 512 0 24419564319480
965720 512 0 24419564598120
966232 512 0 24419564876760
966744 512 0 24419565155401
967256 512 0 24419565434042
967768 512 0 24419565712683
968280 512 0 24419565991323
968792 512 0 24419566269964
969304 512 0 24419566548604
969816 512 0 24419566827244
970328 512 0 24419567105885
970840 512 0 24419567384525
971352 512 0 24419567663166
971864 512 0 24419567941806
972376 512 0 24419568220447
972888 512 0 24419568499087
973400 512 0 24419568777728
973912 512 0 24419569056368
974424 512 0 24419569335009
974936 512 0 24419569613649
975448 512 0 24419569892289
975960 512 0 24419570170930
976472 512 0 24419570449570
976984 512 0 24419570728210
977496 512 0 24419571006851
978008 512 0 24419571285491
978520 512 0 24419571564132
979032 512 0 24419571842772
979544 512 0 24419572121413
980056 512 0 24419572400053
980568 512 0 24419572678694
981080 512 0 24419572957334
981592 512 0 24419573235975
982104 512 0 24419573514615
982616 512 0 24419573793256
983128 512 0 24419574071896
983640 512 0 24419574350537
984152 512 0 24419574629178
984664 512 0 24419574907818
985176 512 0 24419575186459
985688 512 0 24419575465099
986200 512 0 24419575743739
986712 512 0 24419576022380
987224 512 0 24419576301020
987736 512 0 24419576579661
988248 512 0 24419576858301
988760 512 0 24419577136942
989272 512 0 24419577415582
989784 512 0 24419577694223
990296 512 0 24419577972863
990808 512 0 24419578251504
991320 512 0 24419578530144
991832 512 0 24419578808785
992344 512 0 24419579087426
992856 512 0 24419579366066
993368 512 0 24419579644707
993880 512 0 24419579923347
994392 512 0 24419580201988
994904 512 0 24419580480628
995416 512 0 24419580759268
995928 512 0 24419581037909
996440 512 0 24419581316549
996952 512 0 24419581595190
997464 512 0 24419581873830
997976 512 0 24419582152471
998488 512 0 24419582431111
999000 512 0 24419582709752
999512 512 0 24419582988392
1000024 512 0 24419583267032
1000536 512 0 24419583545673
1001048 512 0 24419583824313
1001560 512 0 24419584102954
1002072 512 0 24419584381594
1002584 512 0 24419584660235
1003096 512 0 24419584938875
1003608 512 0 24419585217515
1004120 512 0 24419585496156
1004632 512 0 24419585774796
1005144 512 0 24419586053437
1005656 512 0 24419586332077
1006168 512 0 24419586610718
1006680 512 0 24419586889358
1007192 512 0 24419587167999
1007704 512 0 24419587446639
1008216 512 0 24419587725279
1008728 512 0 24419588003920
1009240 512 0 24419588282560
1009752 512 0 24419588561201
1010264 512 0 24419588839841
1010776 512 0 24419589118481
1011288 512 0 24419589397122
1011800 512 0 24419589675762
1012312 512 0 24419589954403
1012824 512 0 24419590233043
1013336 512 0 24419590511684
1013848 512 0 24419590790324
1014360 512 0 24419591068965
1014872 512 0 24419591347605
1015384 512 0 24419591626246
1015896 512 0 24419591904886
1016408 512 0 24419592183526
1016920 512 0 24419592462167
1017432 512 0 24419592740807
1017944 512 0 24419593019447
1018456 512 0 24419593298088
1018968 512 0 24419593576728
1019480 512 0 24419593855369
1019992 512 0 24419594134009
1020504 512 0 24419594412650
1021016 512 0 24419594691290
1021528 512 0 24419594969931
1022040 512 0 24419595248571
1022552 512 0 24419595527212
1023064 512 0 24419595805852
1023576 512 0 24419596084493
1024088 512 0 24419596363133
1024600 512 0 24419596641773
1025112 512 0 24419596920414
1025624 512 0 24419597199054
1026136 512 0 24419597477694
1026648 512 0 24419597756335
1027160 512 0 24419598034975
1027672 512 0 24419598313616
1028184 512 0 24419598592256
1028696 512 0 24419598870897
1029208 512 0 24419599149537
1029720 512 0 24419599428178
1030232 512 0 24419599706818
1030744 512 0 24419599985459
1031256 512 0 24419600264099
1031768 512 0 24419600542739
1032280 512 0 24419600821380
1032792 512 0 24419601100021
1033304 512 0 24419601378662
1033816 512 0 24419601657302
1034328 512 0 24419601935943
1034840 512 0 24419602214583
1035352 512 0 24419602493223
1035864 512 0 24419602771864
1036376 512 0 24419603050504
1036888 512 0 24419603329145
1037400 512 0 24419603607785
1037912 512 0 24419603886426
1038424 512 0 24419604165066
1038936 512 0 24419604443707
1039448 512 0 24419604722347
1039960 512 0 24419605000988
1040472 512 0 24419605279628
1040984 512 0 24419605558268
1041496 512 0 24419605836909
1042008 512 0 24419606115549
1042520 512 0 24419606394189
1043032 512 0 24419606672830
1043544 512 0 24419606951470
1044056 512 0 24419607230111
1044568 512 0 24419607508751
1045080 512 0 24419607787392
1045592 512 0 24419608066032
1046104 512 0 24419608344673
1046616 512 0 24419608623313
1047128 512 0 24419608901954
1047640 512 0 24419609180594
1048152 512 0 24419609459235
1048664 512 0 24419609737875
1049176 512 0 24419610016515
1049688 512 0 24419610295156
1050200 512 0 24419610573796
1050712 512 0 24419610852436
1051224 512 0 24419611131077
1051736 512 0 24419611409717
1052248 512 0 24419611688358
1052760 512 0 24419611966998
1053272 512 0 24419612245639
1053784 512 0 24419612524279
1054296 512 0 24419612802920
1054808 512 0 24419613081560
1055320 512 0 24419613360201
1055832 512 0 24419613638841
1056344 512 0 24419613917481
1056856 512 0 24419614196122
1057368 512 0 24419614474762
1057880 512 0 24419614753403
1058392 512 0 24419615032043
1058904 512 0 24419615310683
1059416 512 0 24419615589324
1059928 512 0 24419615867964
1060440 512 0 24419616146605
1060952 512 0 24419616425245
1061464 512 0 24419616703886
1061976 512 0 24419616982526
1062488 512 0 24419617261167
1063000 512 0 24419617539807
1063512 512 0 24419617818448
1064024 512 0 24419618097088
1064536 512 0 24419618375728
1065048 512 0 24419618654369
1065560 512 0 24419618933009
1066072 512 0 24419619211650
1066584 512 0 24419619490290
1067096 512 0 24419619768930
1067608 512 0 24419620047571
1068120 512 0 24419620326211
1068632 512 0 24419620604852
1069144 512 0 24419620883492
1069656 512 0 24419621162133
1070168 512 0 24419621440773
1070680 512 0 24419621719414
1071192 512 0 24419621998054
1071704 512 0 24419622276694
1072216 512 0 24419622555335
1072728 512 0 24419622833975
1073240 512 0 24419623112616
1073752 512 0 24419623391256
1074264 512 0 24419623669896
1074776 512 0 24419623948537
1075288 512 0 24419624227177
1075800 512 0 24419624505818
1076312 512 0 24419624784458
1076824 512 0 24419625063099
1077336 512 0 24419625341739
1077848 512 0 24419625620380
1078360 512 0 24419625899020
1078872 512 0 24419626177661
1079384 512 0 24419626456301
1079896 512 0 24419626734941
1080408 512 0 24419627013582
1080920 512 0 24419627292222
1081432 512 0 24419627570863
1081944 512 0 24419627849504
1082456 512 0 24419628128145
1082968 512 0 24419628406785
1083480 512 0 24419628685425
1083992 512 0 24419628964066
1084504 512 0 24419629242706
1085016 512 0 24419629521347
1085528 512 0 24419629799987
1086040 512 0 24419630078628
1086552 512 0 24419630357268
1087064 512 0 24419630635909
1087576 512 0 24419630914549
1088088 512 0 24419631193190
1088600 512 0 24419631471830
1089112 512 0 24419631750470
1089624 512 0 24419632029111
1090136 512 0 24419632307751
1090648 512 0 24419632586392
1091160 512 0 24419632865032
1091672 512 0 24419633143672
1092184 512 0 24419633422313
1092696 512 0 24419633700953
1093208 512 0 24419633979594
1093720 512 0 24419634258234
1094232 512 0 24419634536875
1094744 512 0 24419634815515
1095256 512 0 24419635094156
1095768 512 0 24419635372796
1096280 512 0 24419635651437
1096792 512 0 24419635930077
1097304 512 0 24419636208717
1097816 512 0 24419636487358
1098328 512 0 24419636765998
1098840 512 0 24419637044638
1099352 512 0 24419637323279
1099864 512 0 24419637601919
1100376 512 0 24419637880560
1100888 512 0 24419638159200
1101400 512 0 24419638437841
1101912 512 0 24419638716481
1102424 512 0 24419638995122
1102936 512 0 24419639273762
1103448 512 0 24419639552403
1103960 512 0 24419639831043
1104472 512 0 24419640109683
1104984 512 0 24419640388324
1105496 512 0 24419640666964
1106008 512 0 24419640945605
1106520 512 0 24419641224245
1107032 512 0 24419641502885
1107544 512 0 24419641781526
1108056 512 0 24419642060166
1108568 512 0 24419642338807
1109080 512 0 24419642617447
1109592 512 0 24419642896088
1110104 512 0 24419643174728
1110616 512 0 24419643453369
1111128 512 0 24419643732009
1111640 512 0 24419644010650
1112152 512 0 24419644289290
1112664 512 0 24419644567930
1113176 512 0 24419644846571
1113688 512 0 24419645125211
1114200 512 0 24419645403852
1114712 512 0 24419645682493
1115224 512 0 24419645961134
1115736 512 0 24419646239774
1116248 512 0 24419646518414
1116760 512 0 24419646797055
1117272 512 0 24419647075695
1117784 512 0 24419647354336
1118296 512 0 24419647632976
1118808 512 0 24419647911617
1119320 512 0 24419648190257
1119832 512 0 24419648468898
1120344 512 0 24419648747538
1120856 512 0 24419649026179
1121368 512 0 24419649304819
1121880 512 0 24419649583459
1122392 512 0 24419649862100
1122904 512 0 24419650140740
1123416 512 0 24419650419381
1123928 512 0 24419650698021
1124440 512 0 24419650976661
1124952 512 0 24419651255302
1125464 512 0 24419651533942
1125976 512 0 24419651812583
1126488 512 0 24419652091223
1127000 512 0 24419652369864
1127512 512 0 24419652648504
1128024 512 0 24419652927145
1128536 512 0 24419653205785
1129048 512 0 24419653484426
1129560 512 0 24419653763066
1130072 512 0 24419654041706
1130584 512 0 24419654320347
1131096 512 0 24419654598987
1131608 512 0 24419654877627
1132120 512 0 24419655156268
1132632 512 0 24419655434908
1133144 512 0 24419655713549
1133656 512 0 24419655992189
1134168 512 0 24419656270830
1134680 512 0 24419656549470
1135192 512 0 24419656828111
1135704 512 0 24419657106751
1136216 512 0 24419657385392
1136728 512 0 24419657664032
1137240 512 0 24419657942672
1137752 512 0 24419658221313
1138264 512 0 24419658499953
1138776 512 0 24419658778594
1139288 512 0 24419659057236
1139800 512 0 24419659335877
1140312 512 0 24419659614517
1140824 512 0 24419659893158
1141336 512 0 24419660171798
1141848 512 0 24419660450438
1142360 512 0 24419660729079
1142872 512 0 24419661007719
1143384 512 0 24419661286360
1143896 512 0 24419661565000
1144408 512 0 24419661843641
1144920 512 0 24419662122281
1145432 512 0 24419662400922
1145944 512 0 24419662679562
1146456 512 0 24419662958203
1146968 512 0 24419663236843
1147480 512 0 24419663515483
1147992 512 0 24419663794124
1148504 512 0 24419664072764
1149016 512 0 24419664351404
1149528 512 0 24419664630045
1150040 512 0 24419664908685
1150552 512 0 24419665187326
1151064 512 0 24419665465966
1151576 512 0 24419665744607
1152088 512 0 24419666023247
1152600 512 0 24419666301888
1153112 512 0 24419666580528
1153624 512 0 24419666859169
1154136 512 0 24419667137809
1154648 512 0 24419667416450
1155160 512 0 24419667695090
1155672 512 0 24419667973730
1156184 512 0 24419668252371
1156696 512 0 24419668531011
1157208 512 0 24419668809651
1157720 512 0 24419669088292
1158232 512 0 24419669366932
1158744 512 0 24419669645573
1159256 512 0 24419669924213
1159768 512 0 24419670202854
1160280 512 0 24419670481494
1160792 512 0 24419670760135
1161304 512 0 24419671038775
1161816 512 0 24419671317416
1162328 512 0 24419671596056
1162840 512 0 24419671874696
1163352 512 0 24419672153337
1163864 512 0 24419672431978
1164376 512 0 24419672710619
1164888 512 0 24419672989259
1165400 512 0 24419673267900
1165912 512 0 24419673546540
1166424 512 0 24419673825180
1166936 512 0 24419674103821
1167448 512 0 24419674382461
1167960 512 0 24419674661102
1168472 512 0 24419674939742
1168984 512 0 24419675218383
1169496 512 0 24419675497023
1170008 512 0 24419675775664
1170520 512 0 24419676054304
1171032 512 0 24419676332945
1171544 512 0 24419676611585
1172056 512 0 24419676890225
1172568 512 0 24419677168866
1173080 512 0 24419677447506
1173592 512 0 24419677726146
1174104 512 0 24419678004787
1174616 512 0 24419678283427
1175128 512 0 24419678562068
1175640 512 0 24419678840708
1176152 512 0 24419679119349
1176664 512 0 24419679397989
1177176 512 0 24419679676630
1177688 512 0 24419679955270
1178200 512 0 24419680233911
1178712 512 0 24419680512551
1179224 512 0 24419680791192
1179736 512 0 24419681069832
1180248 512 0 24419681348472
1180760 512 0 24419681627113
1181272 512 0 24419681905753
1181784 512 0 24419682184393
1182296 512 0 24419682463034
1182808 512 0 24419682741674
1183320 512 0 24419683020315
1183832 512 0 24419683298955
1184344 512 0 24419683577596
1184856 512 0 24419683856236
1185368 512 0 24419684134877
1185880 512 0 24419684413517
1186392 512 0 24419684692158
1186904 512 0 24419684970798
1187416 512 0 24419685249438
1187928 512 0 24419685528079
1188440 512 0 24419685806720
1188952 512 0 24419686085361
1189464 512 0 24419686364001
1189976 512 0 24419686642642
1190488 512 0 24419686921282
1191000 512 0 24419687199922
1191512 512 0 24419687478563
1192024 512 0 24419687757203
1192536 512 0 24419688035844
1193048 512 0 24419688314484
1193560 512 0 24419688593125
1194072 512 0 24419688871765
1194584 512 0 24419689150406
1195096 512 0 24419689429046
1195608 512 0 24419689707687
1196120 512 0 24419689986327
1196632 512 0 24419690264967
1197144 512 0 24419690543608
1197656 512 0 24419690822248
1198168 512 0 24419691100888
1198680 512 0 24419691379529
1199192 512 0 24419691658169
1199704 512 0 24419691936810
1200216 512 0 24419692215450
1200728 512 0 24419692494091
1201240 512 0 24419692772731
1201752 512 0 24419693051372
1202264 512 0 24419693330012
1202776 512 0 24419693608653
1203288 512 0 24419693887293
1203800 512 0 24419694165934
1204312 512 0 24419694444574
1204824 512 0 24419694723214
1205336 512 0 24419695001855
1205848 512 0 24419695280495
1206360 512 0 24419695559135
1206872 512 0 24419695837776
1207384 512 0 24419696116416
1207896 512 0 24419696395057
1208408 512 0 24419696673697
1208920 512 0 24419696952338
1209432 512 0 24419697230978
1209944 512 0 24419697509619
1210456 512 0 24419697788259
1210968 512 0 24419698066900
1211480 512 0 24419698345540
1211992 512 0 24419698624180
1212504 512 0 24419698902821
1213016 512 0 24419699181462
1213528 512 0 24419699460103
1214040 512 0 24419699738743
1214552 512 0 24419700017384
1215064 512 0 24419700296024
1215576 512 0 24419700574664
1216088 512 0 24419700853305
1216600 512 0 24419701131945
1217112 512 0 24419701410586
1217624 512 0 24419701689226
1218136 512 0 24419701967867
1218648 512 0 24419702246507
1219160 512 0 24419702525148
1219672 512 0 24419702803788
1220184 512 0 24419703082429
1220696 512 0 24419703361069
1221208 512 0 24419703639709
1221720 512 0 24419703918350
1222232 512 0 24419704196990
1222744 512 0 24419704475630
1223256 512 0 24419704754271
1223768 512 0 24419705032911
1224280 512 0 24419705311552
1224792 512 0 24419705590192
1225304 512 0 24419705868833
1225816 512 0 24419706147473
1226328 512 0 24419706426114
1226840 512 0 24419706704754
1227352 512 0 24419706983395
1227864 512 0 24419707262035
1228376 512 0 24419707540676
1228888 512 0 24419707819316
1229400 512 0 24419708097956
1229912 512 0 24419708376597
1230424 512 0 24419708655237
1230936 512 0 24419708933877
1231448 512 0 24419709212518
1231960 512 0 24419709491158
1232472 512 0 24419709769799
1232984 512 0 24419710048439
1233496 512 0 24419710327080
1234008 512 0 24419710605720
1234520 512 0 24419710884361
1235032 512 0 24419711163001
1235544 512 0 24419711441642
1236056 512 0 24419711720282
1236568 512 0 24419711998922
1237080 512 0 24419712277563
1237592 512 0 24419712556204
1238104 512 0 24419712834845
1238616 512 0 24419713113485
1239128 512 0 24419713392126
1239640 512 0 24419713670766
1240152 512 0 24419713949406
1240664 512 0 24419714228047
1241176 512 0 24419714506687
1241688 512 0 24419714785328
1242200 512 0 24419715063968
1242712 512 0 24419715342609
1243224 512 0 24419715621249
1243736 512 0 24419715899890
1244248 512 0 24419716178530
1244760 512 0 24419716457171
1245272 512 0 24419716735811
1245784 512 0 24419717014451
1246296 512 0 24419717293092
1246808 512 0 24419717571732
1247320 512 0 24419717850372
1247832 512 0 24419718129013
1248344 512 0 24419718407653
1248856 512 0 24419718686294
1249368 512 0 24419718964934
1249880 512 0 24419719243575
1250392 512 0 24419719522215
1250904 512 0 24419719800856
1251416 512 0 24419720079496
1251928 512 0 24419720358137
1252440 512 0 24419720636777
1252952 512 0 24419720915418
1253464 512 0 24419721194058
1253976 512 0 24419721472698
1254488 512 0 24419721751339
1255000 512 0 24419722029979
1255512 512 0 24419722308619
1256024 512 0 24419722587260
1256536 512 0 24419722865900
1257048 512 0 24419723144541
1257560 512 0 24419723423181
1258072 512 0 24419723701822
1258584 512 0 24419723980462
1259096 512 0 24419724259103
1259608 512 0 24419724537743
1260120 512 0 24419724816384
1260632 512 0 24419725095024
1261144 512 0 24419725373664
1261656 512 0 24419725652305
1262168 512 0 24419725930945
1262680 512 0 24419726209586
1263192 512 0 24419726488226
1263704 512 0 24419726766866
1264216 512 0 24419727045507
1264728 512 0 24419727324147
1265240 512 0 24419727602788
1265752 512 0 24419727881428
1266264 512 0 24419728160069
1266776 512 0 24419728438709
1267288 512 0 24419728717350
1267800 512 0 24419728995990
1268312 512 0 24419729274631
1268824 512 0 24419729553271
1269336 512 0 24419729831911
1269848 512 0 24419730110552
1270360 512 0 24419730389193
1270872 512 0 24419730667834
1271384 512 0 24419730946474
1271896 512 0 24419731225114
1272408 512 0 24419731503755
1272920 512 0 24419731782395
1273432 512 0 24419732061036
1273944 512 0 24419732339676
1274456 512 0 24419732618317
1274968 512 0 24419732896957
1275480 512 0 24419733175598
1275992 512 0 24419733454238
1276504 512 0 24419733732879
1277016 512 0 24419734011519
1277528 512 0 24419734290160
1278040 512 0 24419734568800
1278552 512 0 24419734847440
1279064 512 0 24419735126081
1279576 512 0 24419735404721
1280088 512 0 24419735683361
1280600 512 0 24419735962002
1281112 512 0 24419736240642
1281624 512 0 24419736519283
1282136 512 0 24419736797923
1282648 512 0 24419737076564
1283160 512 0 24419737355204
1283672 512 0 24419737633845
1284184 512 0 24419737912485
1284696 512 0 24419738191126
1285208 512 0 24419738469766
1285720 512 0 24419738748407
1286232 512 0 24419739027047
1286744 512 0 24419739305687
1287256 512 0 24419739584328
1287768 512 0 24419739862968
1288280 512 0 24419740141608
1288792 512 0 24419740420249
1289304 512 0 24419740698889
1289816 512 0 24419740977530
1290328 512 0 24419741256170
1290840 512 0 24419741534811
1291352 512 0 24419741813451
1291864 512 0 24419742092092
1292376 512 0 24419742370732
1292888 512 0 24419742649373
1293400 512 0 24419742928013
1293912 512 0 24419743206653
1294424 512 0 24419743485294
1294936 512 0 24419743763935
1295448 512 0 24419744042576
1295960 512 0 24419744321216
1296472 512 0 24419744599856
1296984 512 0 24419744878497
1297496 512 0 24419745157137
1298008 512 0 24419745435778
1298520 512 0 24419745714418
1299032 512 0 24419745993059
1299544 512 0 24419746271699
1300056 512 0 24419746550340
1300568 512 0 24419746828980
1301080 512 0 24419747107621
1301592 512 0 24419747386261
1302104 512 0 24419747664902
1302616 512 0 24419747943542
1303128 512 0 24419748222182
1303640 512 0 24419748500823
1304152 512 0 24419748779463
1304664 512 0 24419749058103
1305176 512 0 24419749336744
1305688 512 0 24419749615384
1306200 512 0 24419749894025
1306712 512 0 24419750172665
1307224 512 0 24419750451306
1307736 512 0 24419750729946
1308248 512 0 24419751008587
1308760 512 0 24419751287227
1309272 512 0 24419751565868
1309784 512 0 24419751844508
1310296 512 0 24419752123149
1310808 512 0 24419752401789
1311320 512 0 24419752680429
1311832 512 0 24419752959070
1312344 512 0 24419753237710
1312856 512 0 24419753516350
1313368 512 0 24419753794991
1313880 512 0 24419754073631
1314392 512 0 24419754352272
1314904 512 0 24419754630912
1315416 512 0 24419754909553
1315928 512 0 24419755188193
1316440 512 0 24419755466834
1316952 512 0 24419755745474
1317464 512 0 24419756024115
1317976 512 0 24419756302755
1318488 512 0 24419756581395
1319000 512 0 24419756860036
1319512 512 0 24419757138676
1320024 512 0 24419757417317
1320536 512 0 24419757695957
1321048 512 0 24419757974597
1321560 512 0 24419758253238
1322072 512 0 24419758531878
1322584 512 0 24419758810519
1323096 512 0 24419759089159
1323608 512 0 24419759367800
1324120 512 0 24419759646440
1324632 512 0 24419759925081
1325144 512 0 24419760203721
1325656 512 0 24419760482362
1326168 512 0 24419760761002
1326680 512 0 24419761039642
1327192 512 0 24419761318283
1327704 512 0 24419761596924
1328216 512 0 24419761875565
1328728 512 0 24419762154205
1329240 512 0 24419762432845
1329752 512 0 24419762711486
1330264 512 0 24419762990126
1330776 512 0 24419763268767
1331288 512 0 24419763547407
1331800 512 0 24419763826048
1332312 512 0 24419764104688
1332824 512 0 24419764383329
1333336 512 0 24419764661969
1333848 512 0 24419764940610
1334360 512 0 24419765219250
1334872 512 0 24419765497891
1335384 512 0 24419765776531
1335896 512 0 24419766055170
1336408 512 0 24419766333810
1336920 512 0 24419766612451
1337432 512 0 24419766891091
1337944 512 0 24419767169732
1338456 512 0 24419767448372
1338968 512 0 24419767727013
1339480 512 0 24419768005653
1339992 512 0 24419768284294
1340504 512 0 24419768562934
1341016 512 0 24419768841575
1341528 512 0 24419769120215
1342040 512 0 24419769398855
1342552 512 0 24419769677496
1343064 512 0 24419769956136
1343576 512 0 24419770234777
1344088 512 0 24419770513417
1344600 512 0 24419770792057
1345112 512 0 24419771070698
1345624 512 0 24419771349338
1346136 512 0 24419771627979
1346648 512 0 24419771906619
1347160 512 0 24419772185260
1347672 512 0 24419772463900
1348184 512 0 24419772742541
1348696 512 0 24419773021181
1349208 512 0 24419773299822
1349720 512 0 24419773578462
1350232 512 0 24419773857102
1350744 512 0 24419774135743
1351256 512 0 24419774414383
1351768 512 0 24419774693024
1352280 512 0 24419774971665
1352792 512 0 24419775250306
1353304 512 0 24419775528946
1353816 512 0 24419775807586
1354328 512 0 24419776086227
1354840 512 0 24419776364867
1355352 512 0 24419776643508
1355864 512 0 24419776922148
1356376 512 0 24419777200789
1356888 512 0 24419777479429
1357400 512 0 24419777758070
1357912 512 0 24419778036710
1358424 512 0 24419778315351
1358936 512 0 24419778593991
1359448 512 0 24419778872631
1359960 512 0 24419779151272
1360472 512 0 24419779429912
1360984 512 0 24419779708553
1361496 512 0 24419779987193
1362008 512 0 24419780265833
1362520 512 0 24419780544474
1363032 512 0 24419780823114
1363544 512 0 24419781101755
1364056 512 0 24419781380395
1364568 512 0 24419781659036
1365080 512 0 24419781937676
1365592 512 0 24419782216317
1366104 512 0 24419782494957
1366616 512 0 24419782773598
1367128 512 0 24419783052238
1367640 512 0 24419783330878
1368152 512 0 24419783609519
1368664 512 0 24419783888159
1369176 512 0 24419784166799
1369688 512 0 24419784445440
1370200 512 0 24419784724080
1370712 512 0 24419785002721
1371224 512 0 24419785281361
1371736 512 0 24419785560002
1372248 512 0 24419785838642
1372760 512 0 24419786117283
1373272 512 0 24419786395923
1373784 512 0 24419786674564
1374296 512 0 24419786953204
1374808 512 0 24419787231844
1375320 512 0 24419787510485
1375832 512 0 24419787789125
1376344 512 0 24419788067766
1376856 512 0 24419788346406
1377368 512 0 24419788625046
1377880 512 0 24419788903687
1378392 512 0 24419789182327
1378904 512 0 24419789460968
1379416 512 0 24419789739608
1379928 512 0 24419790018249
1380440 512 0 24419790296889
1380952 512 0 24419790575530
1381464 512 0 24419790854170
1381976 512 0 24419791132811
1382488 512 0 24419791411451
1383000 512 0 24419791690091
1383512 512 0 24419791968732
1384024 512 0 24419792247372
1384536 512 0 24419792526013
1385048 512 0 24419792804653
1385560 512 0 24419793083293
1386072 512 0 24419793361934
1386584 512 0 24419793640574
1387096 512 0 24419793919215
1387608 512 0 24419794197855
1388120 512 0 24419794476496
1388632 512 0 24419794755136
1389144 512 0 24419795033777
1389656 512 0 24419795312417
1390168 512 0 24419795591058
1390680 512 0 24419795869698
1391192 512 0 24419796148338
1391704 512 0 24419796426979
1392216 512 0 24419796705619
1392728 512 0 24419796984260
1393240 512 0 24419797262900
1393752 512 0 24419797541540
1394264 512 0 24419797820181
1394776 512 0 24419798098821
1395288 512 0 24419798377462
1395800 512 0 24419798656102
1396312 512 0 24419798934743
1396824 512 0 24419799213383
1397336 512 0 24419799492024
1397848 512 0 24419799770664
1398360 512 0 24419800049305
1398872 512 0 24419800327945
1399384 512 0 24419800606585
1399896 512 0 24419800885226
1400408 512 0 24419801163866
1400920 512 0 24419801442507
1401432 512 0 24419801721147
1401944 512 0 24419801999787
1402456 512 0 24419802278428
1402968 512 0 24419802557068
1403480 512 0 24419802835709
1403992 512 0 24419803114349
1404504 512 0 24419803392990
1405016 512 0 24419803671630
1405528 512 0 24419803950271
1406040 512 0 24419804228911
1406552 512 0 24419804507551
1407064 512 0 24419804786192
1407576 512 0 24419805064832
1408088 512 0 24419805343473
1408600 512 0 24419805622113
1409112 512 0 24419805900754
1409624 512 0 24419806179395
1410136 512 0 24419806458035
1410648 512 0 24419806736676
1411160 512 0 24419807015316
1411672 512 0 24419807293957
1412184 512 0 24419807572597
1412696 512 0 24419807851238
1413208 512 0 24419808129878
1413720 512 0 24419808408519
1414232 512 0 24419808687159
1414744 512 0 24419808965800
1415256 512 0 24419809244440
1415768 512 0 24419809523080
1416280 512 0 24419809801721
1416792 512 0 24419810080361
1417304 512 0 24419810359002
1417816 512 0 24419810637642
1418328 512 0 24419810916282
1418840 512 0 24419811194923
1419352 512 0 24419811473563
1419864 512 0 24419811752204
1420376 512 0 24419812030844
1420888 512 0 24419812309485
1421400 512 0 24419812588125
1421912 512 0 24419812866766
1422424 512 0 24419813145406
1422936 512 0 24419813424047
1423448 512 0 24419813702687
1423960 512 0 24419813981327
1424472 512 0 24419814259968
1424984 512 0 24419814538608
1425496 512 0 24419814817249
1426008 512 0 24419815095889
1426520 512 0 24419815374529
1427032 512 0 24419815653170
1427544 512 0 24419815931810
1428056 512 0 24419816210451
1428568 512 0 24419816489091
1429080 512 0 24419816767732
1429592 512 0 24419817046372
1430104 512 0 24419817325013
1430616 512 0 24419817603653
1431128 512 0 24419817882294
1431640 512 0 24419818160934
1432152 512 0 24419818439574
1432664 512 0 24419818718215
1433176 512 0 24419818996855
1433688 512 0 24419819275496
1434200 512 0 24419819554136
1434712 512 0 24419819832776
1435224 512 0 24419820111417
1435736 512 0 24419820390057
1436248 512 0 24419820668698
1436760 512 0 24419820947338
1437272 512 0 24419821225979
1437784 512 0 24419821504619
1438296 512 0 24419821783260
1438808 512 0 24419822061900
1439320 512 0 24419822340540
1439832 512 0 24419822619181
1440344 512 0 24419822897821
1440856 512 0 24419823176462
1441368 512 0 24419823455102
1441880 512 0 24419823733743
1442392 512 0 24419824012383
1442904 512 0 24419824291023
1443416 512 0 24419824569664
1443928 512 0 24419824848304
1444440 512 0 24419825126945
1444952 512 0 24419825405585
1445464 512 0 24419825684226
1445976 512 0 24419825962866
1446488 512 0 24419826241507
1447000 512 0 24419826520147
1447512 512 0 24419826798787
1448024 512 0 24419827077428
1448536 512 0 24419827356068
1449048 512 0 24419827634709
1449560 512 0 24419827913349
1450072 512 0 24419828191990
1450584 512 0 24419828470631
1451096 512 0 24419828749271
1451608 512 0 24419829027912
1452120 512 0 24419829306552
1452632 512 0 24419829585193
1453144 512 0 24419829863833
1453656 512 0 24419830142474
1454168 512 0 24419830421114
1454680 512 0 24419830699755
1455192 512 0 24419830978395
1455704 512 0 24419831257036
1456216 512 0 24419831535676
1456728 512 0 24419831814316
1457240 512 0 24419832092957
1457752 512 0 24419832371597
1458264 512 0 24419832650238
1458776 512 0 24419832928878
1459288 512 0 24419833207518
1459800 512 0 24419833486159
1460312 512 0 24419833764799
1460824 512 0 24419834043440
1461336 512 0 24419834322080
1461848 512 0 24419834600721
1462360 512 0 24419834879361
1462872 512 0 24419835158002
1463384 512 0 24419835436642
1463896 512 0 24419835715283
1464408 512 0 24419835993923
1464920 512 0 24419836272563
1465432 512 0 24419836551204
1465944 512 0 24419836829844
1466456 512 0 24419837108485
1466968 512 0 24419837387125
1467480 512 0 24419837665765
1467992 512 0 24419837944406
1468504 512 0 24419838223046
1469016 512 0 24419838501687
1469528 512 0 24419838780327
1470040 512 0 24419839058968
1470552 512 0 24419839337608
1471064 512 0 24419839616249
1471576 512 0 24419839894889
1472088 512 0 24419840173530
1472600 512 0 24419840452170
1473112 512 0 24419840730810
1473624 512 0 24419841009451
1474136 512 0 24419841288091
1474648 512 0 24419841566732
1475160 512 0 24419841845372
1475672 512 0 24419842124012
1476184 512 0 24419842402653
1476696 512 0 24419842681293
1477208 512 0 24419842959934
1477720 512 0 24419843238574
1478232 512 0 24419843517215
1478744 512 0 24419843795855
1479256 512 0 24419844074496
1479768 512 0 24419844353136
1480280 512 0 24419844631776
1480792 512 0 24419844910417
1481304 512 0 24419845189057
1481816 512 0 24419845467698
1482328 512 0 24419845746338
1482840 512 0 24419846024979
1483352 512 0 24419846303619
1483864 512 0 24419846582259
1484376 512 0 24419846860900
1484888 512 0 24419847139540
1485400 512 0 24419847418181
1485912 512 0 24419847696821
1486424 512 0 24419847975462
1486936 512 0 24419848254102
1487448 512 0 24419848532743
1487960 512 0 24419848811383
1488472 512 0 24419849090023
1488984 512 0 24419849368664
1489496 512 0 24419849647304
1490008 512 0 24419849925945
1490520 512 0 24419850204585
1491032 512 0 24419850483226
1491544 512 0 24419850761866
1492056 512 0 24419851040506
1492568 512 0 24419851319147
1493080 512 0 24419851597787
1493592 512 0 24419851876428
1494104 512 0 24419852155068
1494616 512 0 24419852433709
1495128 512 0 24419852712349
1495640 512 0 24419852990990
