9420 512 0 24417427953020
9932 512 0 24417428231660
10444 512 0 24417428510299
10956 512 0 24417428788939
11468 512 0 24417429067578
11980 512 0 24417429346217
12492 512 0 24417429624857
13004 512 0 24417429903496
13516 512 0 24417430182136
14028 512 0 24417430460775
14540 512 0 24417430739415
15052 512 0 24417431018054
15564 512 0 24417431296694
16076 512 0 24417431575333
16588 512 0 24417431853972
17100 512 0 24417432132612
17612 512 0 24417432411251
18124 512 0 24417432689891
18636 512 0 24417432968530
19148 512 0 24417433247170
19660 512 0 24417433525809
20172 512 0 24417433804448
20684 512 0 24417434083088
21196 512 0 24417434361727
21708 512 0 24417434640367
22220 512 0 24417434919006
22732 512 0 24417435197646
23244 512 0 24417435476285
23756 512 0 24417435754925
24268 512 0 24417436033564
24780 512 0 24417436312203
25292 512 0 24417436590856
25804 512 0 24417436869495
26316 512 0 24417437148135
26828 512 0 24417437426775
27340 512 0 24417437705415
27852 512 0 24417437984054
28364 512 0 24417438262694
28876 512 0 24417438541334
29388 512 0 24417438819974
29900 512 0 24417439098613
30412 512 0 24417439377253
30924 512 0 24417439655893
31436 512 0 24417439934533
31948 512 0 24417440213173
32460 512 0 24417440491812
32972 512 0 24417440770452
33484 512 0 24417441049099
33996 512 0 24417441327739
34508 512 0 24417441606378
35020 512 0 24417441885018
35532 512 0 24417442163658
36044 512 0 24417442442298
36556 512 0 24417442720938
37068 512 0 24417442999578
37580 512 0 24417443278218
38092 512 0 24417443556858
38604 512 0 24417443835498
39116 512 0 24417444114138
39628 512 0 24417444392778
40140 512 0 24417444671418
40652 512 0 24417444950058
41164 512 0 24417445228698
41676 512 0 24417445507341
42188 512 0 24417445785981
42700 512 0 24417446064621
43212 512 0 24417446343261
43724 512 0 24417446621901
44236 512 0 24417446900541
44748 512 0 24417447179181
45260 512 0 24417447457821
45772 512 0 24417447736461
46284 512 0 24417448015101
46796 512 0 24417448293741
47308 512 0 24417448572381
47820 512 0 24417448851021
48332 512 0 24417449129661
48844 512 0 24417449408301
49356 512 0 24417449686941
49868 512 0 24417449965591
50380 512 0 24417450244232
50892 512 0 24417450522872
51404 512 0 24417450801512
51916 512 0 24417451080152
52428 512 0 24417451358793
52940 512 0 24417451637433
53452 512 0 24417451916073
53964 512 0 24417452194713
54476 512 0 24417452473353
54988 512 0 24417452751994
55500 512 0 24417453030634
56012 512 0 24417453309274
56524 512 0 24417453587914
57036 512 0 24417453866555
57548 512 0 24417454145195
58060 512 0 24417454423839
58572 512 0 24417454702479
59084 512 0 24417454981119
59596 512 0 24417455259760
60108 512 0 24417455538400
60620 512 0 24417455817040
61132 512 0 24417456095681
61644 512 0 24417456374321
62156 512 0 24417456652961
62668 512 0 24417456931601
63180 512 0 24417457210242
63692 512 0 24417457488882
64204 512 0 24417457767522
64716 512 0 24417458046163
65228 512 0 24417458324803
65740 512 0 24417458603443
66252 512 0 24417458882085
66764 512 0 24417459160726
67276 512 0 24417459439366
67788 512 0 24417459718006
68300 512 0 24417459996647
68812 512 0 24417460275287
69324 512 0 24417460553927
69836 512 0 24417460832568
70348 512 0 24417461111208
70860 512 0 24417461389848
71372 512 0 24417461668489
71884 512 0 24417461947129
72396 512 0 24417462225770
72908 512 0 24417462504410
73420 512 0 24417462783050
73932 512 0 24417463061691
74444 512 0 24417463340332
74956 512 0 24417463618972
75468 512 0 24417463897612
75980 512 0 24417464176253
76492 512 0 24417464454893
77004 512 0 24417464733533
77516 512 0 24417465012174
78028 512 0 24417465290814
78540 512 0 24417465569454
79052 512 0 24417465848095
79564 512 0 24417466126735
80076 512 0 24417466405375
80588 512 0 24417466684016
81100 512 0 24417466962656
81612 512 0 24417467241296
82124 512 0 24417467519937
82636 512 0 24417467798579
83148 512 0 24417468077219
83660 512 0 24417468355860
84172 512 0 24417468634500
84684 512 0 24417468913141
85196 512 0 24417469191781
85708 512 0 24417469470421
86220 512 0 24417469749062
86732 512 0 24417470027702
87244 512 0 24417470306342
87756 512 0 24417470584983
88268 512 0 24417470863623
88780 512 0 24417471142263
89292 512 0 24417471420904
89804 512 0 24417471699544
90316 512 0 24417471978185
90828 512 0 24417472256826
91340 512 0 24417472535467
91852 512 0 24417472814107
92364 512 0 24417473092747
92876 512 0 24417473371388
93388 512 0 24417473650028
93900 512 0 24417473928669
94412 512 0 24417474207309
94924 512 0 24417474485949
95436 512 0 24417474764590
95948 512 0 24417475043230
96460 512 0 24417475321871
96972 512 0 24417475600511
97484 512 0 24417475879151
97996 512 0 24417476157792
98508 512 0 24417476436432
99020 512 0 24417476715074
99532 512 0 24417476993714
100044 512 0 24417477272354
100556 512 0 24417477550995
101068 512 0 24417477829635
101580 512 0 24417478108276
102092 512 0 24417478386916
102604 512 0 24417478665556
103116 512 0 24417478944197
103628 512 0 24417479222837
104140 512 0 24417479501478
104652 512 0 24417479780118
105164 512 0 24417480058758
105676 512 0 24417480337399
106188 512 0 24417480616039
106700 512 0 24417480894680
107212 512 0 24417481173321
107724 512 0 24417481451961
108236 512 0 24417481730602
108748 512 0 24417482009242
109260 512 0 24417482287882
109772 512 0 24417482566523
110284 512 0 24417482845163
110796 512 0 24417483123804
111308 512 0 24417483402444
111820 512 0 24417483681084
112332 512 0 24417483959725
112844 512 0 24417484238365
113356 512 0 24417484517006
113868 512 0 24417484795646
114380 512 0 24417485074286
114892 512 0 24417485352927
115404 512 0 24417485631569
115916 512 0 24417485910210
116428 512 0 24417486188850
116940 512 0 24417486467490
117452 512 0 24417486746131
117964 512 0 24417487024771
118476 512 0 24417487303412
118988 512 0 24417487582052
119500 512 0 24417487860693
120012 512 0 24417488139333
120524 512 0 24417488417973
121036 512 0 24417488696614
121548 512 0 24417488975254
122060 512 0 24417489253895
122572 512 0 24417489532535
123084 512 0 24417489811176
123596 512 0 24417490089815
124108 512 0 24417490368455
124620 512 0 24417490647096
125132 512 0 24417490925736
125644 512 0 24417491204377
126156 512 0 24417491483017
126668 512 0 24417491761657
127180 512 0 24417492040298
127692 512 0 24417492318938
128204 512 0 24417492597579
128716 512 0 24417492876219
129228 512 0 24417493154859
129740 512 0 24417493433500
130252 512 0 24417493712140
130764 512 0 24417493990781
131276 512 0 24417494269421
131788 512 0 24417494548063
132300 512 0 24417494826704
132812 512 0 24417495105344
133324 512 0 24417495383985
133836 512 0 24417495662625
134348 512 0 24417495941265
134860 512 0 24417496219906
135372 512 0 24417496498546
135884 512 0 24417496777187
136396 512 0 24417497055827
136908 512 0 24417497334468
137420 512 0 24417497613108
137932 512 0 24417497891749
138444 512 0 24417498170389
138956 512 0 24417498449029
139468 512 0 24417498727670
139980 512 0 24417499006311
140492 512 0 24417499284952
141004 512 0 24417499563592
141516 512 0 24417499842233
142028 512 0 24417500120873
142540 512 0 24417500399514
143052 512 0 24417500678154
143564 512 0 24417500956794
144076 512 0 24417501235435
144588 512 0 24417501514075
145100 512 0 24417501792716
145612 512 0 24417502071356
146124 512 0 24417502349997
146636 512 0 24417502628637
147148 512 0 24417502907278
147660 512 0 24417503185918
148172 512 0 24417503464558
148684 512 0 24417503743199
149196 512 0 24417504021839
149708 512 0 24417504300480
150220 512 0 24417504579120
150732 512 0 24417504857761
151244 512 0 24417505136401
151756 512 0 24417505415041
152268 512 0 24417505693682
152780 512 0 24417505972322
153292 512 0 24417506250963
153804 512 0 24417506529603
154316 512 0 24417506808244
154828 512 0 24417507086884
155340 512 0 24417507365525
155852 512 0 24417507644165
156364 512 0 24417507922805
156876 512 0 24417508201446
157388 512 0 24417508480086
157900 512 0 24417508758727
158412 512 0 24417509037367
158924 512 0 24417509316008
159436 512 0 24417509594648
159948 512 0 24417509873288
160460 512 0 24417510151929
160972 512 0 24417510430569
161484 512 0 24417510709210
161996 512 0 24417510987850
162508 512 0 24417511266491
163020 512 0 24417511545131
163532 512 0 24417511823772
164044 512 0 24417512102412
164556 512 0 24417512381052
165068 512 0 24417512659693
165580 512 0 24417512938333
166092 512 0 24417513216974
166604 512 0 24417513495614
167116 512 0 24417513774255
167628 512 0 24417514052895
168140 512 0 24417514331535
168652 512 0 24417514610176
169164 512 0 24417514888816
169676 512 0 24417515167457
170188 512 0 24417515446097
170700 512 0 24417515724738
171212 512 0 24417516003378
171724 512 0 24417516282019
172236 512 0 24417516560659
172748 512 0 24417516839299
173260 512 0 24417517117940
173772 512 0 24417517396580
174284 512 0 24417517675221
174796 512 0 24417517953861
175308 512 0 24417518232502
175820 512 0 24417518511142
176332 512 0 24417518789782
176844 512 0 24417519068423
177356 512 0 24417519347063
177868 512 0 24417519625704
178380 512 0 24417519904344
178892 512 0 24417520182985
179404 512 0 24417520461625
179916 512 0 24417520740265
180428 512 0 24417521018906
180940 512 0 24417521297546
181452 512 0 24417521576187
181964 512 0 24417521854827
182476 512 0 24417522133468
182988 512 0 24417522412108
183500 512 0 24417522690749
184012 512 0 24417522969389
184524 512 0 24417523248029
185036 512 0 24417523526670
185548 512 0 24417523805310
186060 512 0 24417524083951
186572 512 0 24417524362591
187084 512 0 24417524641232
187596 512 0 24417524919872
188108 512 0 24417525198512
188620 512 0 24417525477153
189132 512 0 24417525755794
189644 512 0 24417526034435
190156 512 0 24417526313075
190668 512 0 24417526591716
191180 512 0 24417526870356
191692 512 0 24417527148997
192204 512 0 24417527427637
192716 512 0 24417527706278
193228 512 0 24417527984918
193740 512 0 24417528263558
194252 512 0 24417528542199
194764 512 0 24417528820839
195276 512 0 24417529099480
195788 512 0 24417529378120
196300 512 0 24417529656761
196812 512 0 24417529935401
197324 512 0 24417530214041
197836 512 0 24417530492682
198348 512 0 24417530771322
198860 512 0 24417531049963
199372 512 0 24417531328603
199884 512 0 24417531607244
200396 512 0 24417531885884
200908 512 0 24417532164525
201420 512 0 24417532443165
201932 512 0 24417532721805
202444 512 0 24417533000446
202956 512 0 24417533279086
203468 512 0 24417533557727
203980 512 0 24417533836367
204492 512 0 24417534115008
205004 512 0 24417534393648
205516 512 0 24417534672289
206028 512 0 24417534950930
206540 512 0 24417535229570
207052 512 0 24417535508211
207564 512 0 24417535786851
208076 512 0 24417536065492
208588 512 0 24417536344132
209100 512 0 24417536622773
209612 512 0 24417536901413
210124 512 0 24417537180054
210636 512 0 24417537458694
211148 512 0 24417537737334
211660 512 0 24417538015975
212172 512 0 24417538294615
212684 512 0 24417538573256
213196 512 0 24417538851896
213708 512 0 24417539130536
214220 512 0 24417539409177
214732 512 0 24417539687817
215244 512 0 24417539966458
215756 512 0 24417540245098
216268 512 0 24417540523739
216780 512 0 24417540802379
217292 512 0 24417541081020
217804 512 0 24417541359660
218316 512 0 24417541638301
218828 512 0 24417541916941
219340 512 0 24417542195581
219852 512 0 24417542474222
220364 512 0 24417542752862
220876 512 0 24417543031503
221388 512 0 24417543310143
221900 512 0 24417543588782
222412 512 0 24417543867423
222924 512 0 24417544146063
223436 512 0 24417544424704
223948 512 0 24417544703344
224460 512 0 24417544981985
224972 512 0 24417545260625
225484 512 0 24417545539265
225996 512 0 24417545817906
226508 512 0 24417546096546
227020 512 0 24417546375187
227532 512 0 24417546653827
228044 512 0 24417546932468
228556 512 0 24417547211108
229068 512 0 24417547489749
229580 512 0 24417547768389
230092 512 0 24417548047030
230604 512 0 24417548325671
231116 512 0 24417548604311
231628 512 0 24417548882952
232140 512 0 24417549161592
232652 512 0 24417549440233
233164 512 0 24417549718873
233676 512 0 24417549997514
234188 512 0 24417550276154
234700 512 0 24417550554794
235212 512 0 24417550833435
235724 512 0 24417551112075
236236 512 0 24417551390716
236748 512 0 24417551669356
237260 512 0 24417551947997
237772 512 0 24417552226637
238284 512 0 24417552505277
238796 512 0 24417552783918
239308 512 0 24417553062558
239820 512 0 24417553341199
240332 512 0 24417553619839
240844 512 0 24417553898480
241356 512 0 24417554177120
241868 512 0 24417554455761
242380 512 0 24417554734401
242892 512 0 24417555013041
243404 512 0 24417555291682
243916 512 0 24417555570322
244428 512 0 24417555848963
244940 512 0 24417556127603
245452 512 0 24417556406244
245964 512 0 24417556684884
246476 512 0 24417556963526
246988 512 0 24417557242166
247500 512 0 24417557520806
248012 512 0 24417557799447
248524 512 0 24417558078087
249036 512 0 24417558356728
249548 512 0 24417558635368
250060 512 0 24417558914009
250572 512 0 24417559192649
251084 512 0 24417559471290
251596 512 0 24417559749930
252108 512 0 24417560028570
252620 512 0 24417560307211
253132 512 0 24417560585851
253644 512 0 24417560864492
254156 512 0 24417561143132
254668 512 0 24417561421772
255180 512 0 24417561700413
255692 512 0 24417561979053
256204 512 0 24417562257694
256716 512 0 24417562536334
257228 512 0 24417562814975
257740 512 0 24417563093615
258252 512 0 24417563372256
258764 512 0 24417563650896
259276 512 0 24417563929537
259788 512 0 24417564208177
260300 512 0 24417564486817
260812 512 0 24417564765458
261324 512 0 24417565044098
261836 512 0 24417565322739
262348 512 0 24417565601379
262860 512 0 24417565880019
263372 512 0 24417566158660
263884 512 0 24417566437300
264396 512 0 24417566715941
264908 512 0 24417566994581
265420 512 0 24417567273222
265932 512 0 24417567551862
266444 512 0 24417567830503
266956 512 0 24417568109143
267468 512 0 24417568387783
267980 512 0 24417568666424
268492 512 0 24417568945064
269004 512 0 24417569223705
269516 512 0 24417569502345
270028 512 0 24417569780986
270540 512 0 24417570059626
271052 512 0 24417570338266
271564 512 0 24417570616907
272076 512 0 24417570895547
272588 512 0 24417571174188
273100 512 0 24417571452828
273612 512 0 24417571731469
274124 512 0 24417572010109
274636 512 0 24417572288750
275148 512 0 24417572567390
275660 512 0 24417572846030
276172 512 0 24417573124671
276684 512 0 24417573403311
277196 512 0 24417573681952
277708 512 0 24417573960592
278220 512 0 24417574239233
278732 512 0 24417574517873
279244 512 0 24417574796515
279756 512 0 24417575075155
280268 512 0 24417575353795
280780 512 0 24417575632436
281292 512 0 24417575911076
281804 512 0 24417576189717
282316 512 0 24417576468357
282828 512 0 24417576746998
283340 512 0 24417577025638
283852 512 0 24417577304279
284364 512 0 24417577582919
284876 512 0 24417577861560
285388 512 0 24417578140200
285900 512 0 24417578418840
286412 512 0 24417578697481
286924 512 0 24417578976121
287436 512 0 24417579254761
287948 512 0 24417579533402
288460 512 0 24417579812042
288972 512 0 24417580090683
289484 512 0 24417580369323
289996 512 0 24417580647964
290508 512 0 24417580926604
291020 512 0 24417581205245
291532 512 0 24417581483885
292044 512 0 24417581762526
292556 512 0 24417582041166
293068 512 0 24417582319806
293580 512 0 24417582598447
294092 512 0 24417582877087
294604 512 0 24417583155728
295116 512 0 24417583434368
295628 512 0 24417583713008
296140 512 0 24417583991649
296652 512 0 24417584270289
297164 512 0 24417584548930
297676 512 0 24417584827570
298188 512 0 24417585106211
298700 512 0 24417585384851
299212 512 0 24417585663492
299724 512 0 24417585942132
300236 512 0 24417586220773
300748 512 0 24417586499413
301260 512 0 24417586778053
301772 512 0 24417587056694
302284 512 0 24417587335334
302796 512 0 24417587613975
303308 512 0 24417587892615
303820 512 0 24417588171255
304332 512 0 24417588449896
304844 512 0 24417588728536
305356 512 0 24417589007177
305868 512 0 24417589285817
306380 512 0 24417589564458
306892 512 0 24417589843098
307404 512 0 24417590121739
307916 512 0 24417590400379
308428 512 0 24417590679019
308940 512 0 24417590957660
309452 512 0 24417591236300
309964 512 0 24417591514941
310476 512 0 24417591793581
310988 512 0 24417592072222
311500 512 0 24417592350862
312012 512 0 24417592629504
312524 512 0 24417592908144
313036 512 0 24417593186784
313548 512 0 24417593465425
314060 512 0 24417593744065
314572 512 0 24417594022706
315084 512 0 24417594301346
315596 512 0 24417594579987
316108 512 0 24417594858627
316620 512 0 24417595137268
317132 512 0 24417595415908
317644 512 0 24417595694549
318156 512 0 24417595973189
318668 512 0 24417596251829
319180 512 0 24417596530470
319692 512 0 24417596809110
320204 512 0 24417597087751
320716 512 0 24417597366391
321228 512 0 24417597645031
321740 512 0 24417597923672
322252 512 0 24417598202312
322764 512 0 24417598480953
323276 512 0 24417598759593
323788 512 0 24417599038234
324300 512 0 24417599316874
324812 512 0 24417599595515
325324 512 0 24417599874155
325836 512 0 24417600152795
326348 512 0 24417600431436
326860 512 0 24417600710076
327372 512 0 24417600988717
327884 512 0 24417601267357
328396 512 0 24417601545997
328908 512 0 24417601824638
329420 512 0 24417602103278
329932 512 0 24417602381919
330444 512 0 24417602660559
330956 512 0 24417602939200
331468 512 0 24417603217840
331980 512 0 24417603496481
332492 512 0 24417603775121
333004 512 0 24417604053762
333516 512 0 24417604332402
334028 512 0 24417604611042
334540 512 0 24417604889683
335052 512 0 24417605168323
335564 512 0 24417605446964
336076 512 0 24417605725604
336588 512 0 24417606004246
337100 512 0 24417606282886
337612 512 0 24417606561526
338124 512 0 24417606840167
338636 512 0 24417607118807
339148 512 0 24417607397448
339660 512 0 24417607676088
340172 512 0 24417607954729
340684 512 0 24417608233369
341196 512 0 24417608512010
341708 512 0 24417608790650
342220 512 0 24417609069291
342732 512 0 24417609347931
343244 512 0 24417609626571
343756 512 0 24417609905212
344268 512 0 24417610183852
344780 512 0 24417610462493
345292 512 0 24417610741133
345804 512 0 24417611019773
346316 512 0 24417611298414
346828 512 0 24417611577054
347340 512 0 24417611855695
347852 512 0 24417612134335
348364 512 0 24417612412976
348876 512 0 24417612691616
349388 512 0 24417612970257
349900 512 0 24417613248897
350412 512 0 24417613527538
350924 512 0 24417613806178
351436 512 0 24417614084818
351948 512 0 24417614363459
352460 512 0 24417614642099
352972 512 0 24417614920739
353484 512 0 24417615199380
353996 512 0 24417615478020
354508 512 0 24417615756661
355020 512 0 24417616035301
355532 512 0 24417616313942
356044 512 0 24417616592582
356556 512 0 24417616871223
357068 512 0 24417617149863
357580 512 0 24417617428504
358092 512 0 24417617707144
358604 512 0 24417617985784
359116 512 0 24417618264425
359628 512 0 24417618543065
360140 512 0 24417618821706
360652 512 0 24417619100346
361164 512 0 24417619378986
361676 512 0 24417619657627
362188 512 0 24417619936267
362700 512 0 24417620214908
363212 512 0 24417620493548
363724 512 0 24417620772189
364236 512 0 24417621050829
364748 512 0 24417621329470
365260 512 0 24417621608110
365772 512 0 24417621886751
366284 512 0 24417622165391
366796 512 0 24417622444031
367308 512 0 24417622722672
367820 512 0 24417623001312
368332 512 0 24417623279953
368844 512 0 24417623558593
369356 512 0 24417623837235
369868 512 0 24417624115875
370380 512 0 24417624394515
370892 512 0 24417624673156
371404 512 0 24417624951796
371916 512 0 24417625230437
372428 512 0 24417625509077
372940 512 0 24417625787718
373452 512 0 24417626066358
373964 512 0 24417626344999
374476 512 0 24417626623639
374988 512 0 24417626902280
375500 512 0 24417627180920
376012 512 0 24417627459560
376524 512 0 24417627738201
377036 512 0 24417628016841
377548 512 0 24417628295483
378060 512 0 24417628574123
378572 512 0 24417628852764
379084 512 0 24417629131404
379596 512 0 24417629410044
380108 512 0 24417629688685
380620 512 0 24417629967325
381132 512 0 24417630245966
381644 512 0 24417630524606
382156 512 0 24417630803247
382668 512 0 24417631081887
383180 512 0 24417631360528
383692 512 0 24417631639168
384204 512 0 24417631917809
384716 512 0 24417632196449
385228 512 0 24417632475090
385740 512 0 24417632753730
386252 512 0 24417633032370
386764 512 0 24417633311011
387276 512 0 24417633589651
387788 512 0 24417633868291
388300 512 0 24417634146932
388812 512 0 24417634425572
389324 512 0 24417634704213
389836 512 0 24417634982853
390348 512 0 24417635261494
390860 512 0 24417635540134
391372 512 0 24417635818775
391884 512 0 24417636097415
392396 512 0 24417636376056
392908 512 0 24417636654696
393420 512 0 24417636933336
393932 512 0 24417637211977
394444 512 0 24417637490617
394956 512 0 24417637769257
395468 512 0 24417638047898
395980 512 0 24417638326538
396492 512 0 24417638605179
397004 512 0 24417638883819
397516 512 0 24417639162460
398028 512 0 24417639441100
398540 512 0 24417639719741
399052 512 0 24417639998381
399564 512 0 24417640277022
400076 512 0 24417640555662
400588 512 0 24417640834302
401100 512 0 24417641112943
401612 512 0 24417641391583
402124 512 0 24417641670224
402636 512 0 24417641948864
403148 512 0 24417642227504
403660 512 0 24417642506145
404172 512 0 24417642784785
404684 512 0 24417643063426
405196 512 0 24417643342066
405708 512 0 24417643620707
406220 512 0 24417643899347
406732 512 0 24417644177988
407244 512 0 24417644456628
407756 512 0 24417644735269
408268 512 0 24417645013909
408780 512 0 24417645292549
409292 512 0 24417645571190
409804 512 0 24417645849830
410316 512 0 24417646128472
410828 512 0 24417646407112
411340 512 0 24417646685753
411852 512 0 24417646964393
412364 512 0 24417647243033
412876 512 0 24417647521674
413388 512 0 24417647800314
413900 512 0 24417648078955
414412 512 0 24417648357595
414924 512 0 24417648636236
415436 512 0 24417648914876
415948 512 0 24417649193517
416460 512 0 24417649472157
416972 512 0 24417649750798
417484 512 0 24417650029438
417996 512 0 24417650308078
418508 512 0 24417650586719
419020 512 0 24417650865359
419532 512 0 24417651143999
420044 512 0 24417651422640
420556 512 0 24417651701280
421068 512 0 24417651979921
421580 512 0 24417652258561
422092 512 0 24417652537202
422604 512 0 24417652815842
423116 512 0 24417653094483
423628 512 0 24417653373123
424140 512 0 24417653651764
424652 512 0 24417653930404
425164 512 0 24417654209045
425676 512 0 24417654487685
426188 512 0 24417654766325
426700 512 0 24417655044967
427212 512 0 24417655323607
427724 512 0 24417655602248
428236 512 0 24417655880888
428748 512 0 24417656159528
429260 512 0 24417656438169
429772 512 0 24417656716809
430284 512 0 24417656995450
430796 512 0 24417657274090
431308 512 0 24417657552731
431820 512 0 24417657831371
432332 512 0 24417658110012
432844 512 0 24417658388652
433356 512 0 24417658667293
433868 512 0 24417658945933
434380 512 0 24417659224574
434892 512 0 24417659503214
435404 512 0 24417659781854
435916 512 0 24417660060495
436428 512 0 24417660339135
436940 512 0 24417660617775
437452 512 0 24417660896416
437964 512 0 24417661175056
438476 512 0 24417661453697
438988 512 0 24417661732337
439500 512 0 24417662010978
440012 512 0 24417662289618
440524 512 0 24417662568259
441036 512 0 24417662846899
441548 512 0 24417663125540
442060 512 0 24417663404180
442572 512 0 24417663682820
443084 512 0 24417663961462
443596 512 0 24417664240102
444108 512 0 24417664518743
444620 512 0 24417664797383
445132 512 0 24417665076024
445644 512 0 24417665354664
446156 512 0 24417665633304
446668 512 0 24417665911945
447180 512 0 24417666190585
447692 512 0 24417666469226
448204 512 0 24417666747866
448716 512 0 24417667026507
449228 512 0 24417667305147
449740 512 0 24417667583788
450252 512 0 24417667862428
450764 512 0 24417668141069
451276 512 0 24417668419706
451788 512 0 24417668698347
452300 512 0 24417668976987
452812 512 0 24417669255628
453324 512 0 24417669534268
453836 512 0 24417669812909
454348 512 0 24417670091549
454860 512 0 24417670370190
455372 512 0 24417670648830
455884 512 0 24417670927470
456396 512 0 24417671206111
456908 512 0 24417671484751
457420 512 0 24417671763392
457932 512 0 24417672042032
458444 512 0 24417672320673
458956 512 0 24417672599313
459468 512 0 24417672877955
459980 512 0 24417673156595
460492 512 0 24417673435235
461004 512 0 24417673713876
461516 512 0 24417673992516
462028 512 0 24417674271157
462540 512 0 24417674549797
463052 512 0 24417674828438
463564 512 0 24417675107078
464076 512 0 24417675385719
464588 512 0 24417675664359
465100 512 0 24417675942999
465612 512 0 24417676221640
466124 512 0 24417676500280
466636 512 0 24417676778921
467148 512 0 24417677057561
467660 512 0 24417677336201
468172 512 0 24417677614842
468684 512 0 24417677893482
469196 512 0 24417678172123
469708 512 0 24417678450763
470220 512 0 24417678729404
470732 512 0 24417679008044
471244 512 0 24417679286685
471756 512 0 24417679565325
472268 512 0 24417679843966
472780 512 0 24417680122606
473292 512 0 24417680401246
473804 512 0 24417680679887
474316 512 0 24417680958527
474828 512 0 24417681237168
475340 512 0 24417681515808
475852 512 0 24417681794448
476364 512 0 24417682073089
476876 512 0 24417682351729
477388 512 0 24417682630370
477900 512 0 24417682909010
478412 512 0 24417683187651
478924 512 0 24417683466291
479436 512 0 24417683744932
479948 512 0 24417684023572
480460 512 0 24417684302213
480972 512 0 24417684580853
481484 512 0 24417684859493
481996 512 0 24417685138134
482508 512 0 24417685416774
483020 512 0 24417685695415
483532 512 0 24417685974055
484044 512 0 24417686252697
484556 512 0 24417686531337
485068 512 0 24417686809977
485580 512 0 24417687088618
486092 512 0 24417687367258
486604 512 0 24417687645899
487116 512 0 24417687924539
487628 512 0 24417688203180
488140 512 0 24417688481820
488652 512 0 24417688760461
489164 512 0 24417689039101
489676 512 0 24417689317742
490188 512 0 24417689596382
490700 512 0 24417689875022
491212 512 0 24417690153663
491724 512 0 24417690432303
492236 512 0 24417690710945
492748 512 0 24417690989585
493260 512 0 24417691268226
493772 512 0 24417691546866
494284 512 0 24417691825506
494796 512 0 24417692104147
495308 512 0 24417692382787
495820 512 0 24417692661428
496332 512 0 24417692940068
496844 512 0 24417693218709
497356 512 0 24417693497349
497868 512 0 24417693775990
498380 512 0 24417694054630
498892 512 0 24417694333271
499404 512 0 24417694611911
499916 512 0 24417694890552
500428 512 0 24417695169192
500940 512 0 24417695447832
501452 512 0 24417695726472
501964 512 0 24417696005113
502476 512 0 24417696283753
502988 512 0 24417696562394
503500 512 0 24417696841034
504012 512 0 24417697119675
504524 512 0 24417697398315
505036 512 0 24417697676956
505548 512 0 24417697955596
506060 512 0 24417698234237
506572 512 0 24417698512877
507084 512 0 24417698791518
507596 512 0 24417699070158
508108 512 0 24417699348798
508620 512 0 24417699627439
509132 512 0 24417699906079
509644 512 0 24417700184719
510156 512 0 24417700463360
510668 512 0 24417700742000
511180 512 0 24417701020641
511692 512 0 24417701299281
512204 512 0 24417701577922
512716 512 0 24417701856562
513228 512 0 24417702135203
513740 512 0 24417702413843
514252 512 0 24417702692484
514764 512 0 24417702971124
515276 512 0 24417703249764
515788 512 0 24417703528405
516300 512 0 24417703807045
516812 512 0 24417704085687
517324 512 0 24417704364327
517836 512 0 24417704642968
518348 512 0 24417704921608
518860 512 0 24417705200248
519372 512 0 24417705478889
519884 512 0 24417705757529
520396 512 0 24417706036170
520908 512 0 24417706314810
521420 512 0 24417706593451
521932 512 0 24417706872091
522444 512 0 24417707150732
522956 512 0 24417707429372
523468 512 0 24417707708013
523980 512 0 24417707986653
524492 512 0 24417708265294
525004 512 0 24417708543934
525516 512 0 24417708822574
526028 512 0 24417709101215
526540 512 0 24417709379855
527052 512 0 24417709658495
527564 512 0 24417709937136
528076 512 0 24417710215776
528588 512 0 24417710494417
529100 512 0 24417710773057
529612 512 0 24417711051698
530124 512 0 24417711330338
530636 512 0 24417711608979
531148 512 0 24417711887619
531660 512 0 24417712166260
532172 512 0 24417712444900
532684 512 0 24417712723540
533196 512 0 24417713002181
533708 512 0 24417713280821
534220 512 0 24417713559461
534732 512 0 24417713838102
535244 512 0 24417714116742
535756 512 0 24417714395383
536268 512 0 24417714674023
536780 512 0 24417714952664
537292 512 0 24417715231304
537804 512 0 24417715509945
538316 512 0 24417715788585
538828 512 0 24417716067226
539340 512 0 24417716345866
539852 512 0 24417716624506
540364 512 0 24417716903147
540876 512 0 24417717181787
541388 512 0 24417717460429
541900 512 0 24417717739069
542412 512 0 24417718017710
542924 512 0 24417718296350
543436 512 0 24417718574990
543948 512 0 24417718853631
544460 512 0 24417719132271
544972 512 0 24417719410912
545484 512 0 24417719689552
545996 512 0 24417719968193
546508 512 0 24417720246833
547020 512 0 24417720525474
547532 512 0 24417720804114
548044 512 0 24417721082755
548556 512 0 24417721361395
549068 512 0 24417721640036
549580 512 0 24417721918677
550092 512 0 24417722197317
550604 512 0 24417722475958
551116 512 0 24417722754598
551628 512 0 24417723033239
552140 512 0 24417723311879
552652 512 0 24417723590519
553164 512 0 24417723869160
553676 512 0 24417724147800
554188 512 0 24417724426441
554700 512 0 24417724705081
555212 512 0 24417724983722
555724 512 0 24417725262362
556236 512 0 24417725541003
556748 512 0 24417725819643
557260 512 0 24417726098284
557772 512 0 24417726376924
558284 512 0 24417726655564
558796 512 0 24417726934205
559308 512 0 24417727212845
559820 512 0 24417727491485
560332 512 0 24417727770126
560844 512 0 24417728048766
561356 512 0 24417728327407
561868 512 0 24417728606047
562380 512 0 24417728884688
562892 512 0 24417729163328
563404 512 0 24417729441969
563916 512 0 24417729720609
564428 512 0 24417729999250
564940 512 0 24417730277890
565452 512 0 24417730556531
565964 512 0 24417730835171
566476 512 0 24417731113811
566988 512 0 24417731392452
567500 512 0 24417731671092
568012 512 0 24417731949732
568524 512 0 24417732228373
569036 512 0 24417732507013
569548 512 0 24417732785654
570060 512 0 24417733064294
570572 512 0 24417733342935
571084 512 0 24417733621575
571596 512 0 24417733900216
572108 512 0 24417734178856
572620 512 0 24417734457497
573132 512 0 24417734736137
573644 512 0 24417735014777
574156 512 0 24417735293418
574668 512 0 24417735572058
575180 512 0 24417735850698
575692 512 0 24417736129339
576204 512 0 24417736407979
576716 512 0 24417736686620
577228 512 0 24417736965260
577740 512 0 24417737243901
578252 512 0 24417737522541
578764 512 0 24417737801182
579276 512 0 24417738079822
579788 512 0 24417738358463
580300 512 0 24417738637103
580812 512 0 24417738915744
581324 512 0 24417739194384
581836 512 0 24417739473024
582348 512 0 24417739751666
582860 512 0 24417740030306
583372 512 0 24417740308947
583884 512 0 24417740587587
584396 512 0 24417740866227
584908 512 0 24417741144868
585420 512 0 24417741423508
585932 512 0 24417741702149
586444 512 0 24417741980789
586956 512 0 24417742259430
587468 512 0 24417742538070
587980 512 0 24417742816711
588492 512 0 24417743095351
589004 512 0 24417743373992
589516 512 0 24417743652632
590028 512 0 24417743931273
590540 512 0 24417744209913
591052 512 0 24417744488553
591564 512 0 24417744767194
592076 512 0 24417745045834
592588 512 0 24417745324474
593100 512 0 24417745603115
593612 512 0 24417745881755
594124 512 0 24417746160396
594636 512 0 24417746439036
595148 512 0 24417746717677
595660 512 0 24417746996317
596172 512 0 24417747274958
596684 512 0 24417747553598
597196 512 0 24417747832239
597708 512 0 24417748110879
598220 512 0 24417748389519
598732 512 0 24417748668161
599244 512 0 24417748946801
599756 512 0 24417749225442
600268 512 0 24417749504082
600780 512 0 24417749782723
601292 512 0 24417750061363
601804 512 0 24417750340003
602316 512 0 24417750618644
602828 512 0 24417750897284
603340 512 0 24417751175925
603852 512 0 24417751454565
604364 512 0 24417751733206
604876 512 0 24417752011846
605388 512 0 24417752290487
605900 512 0 24417752569127
606412 512 0 24417752847768
606924 512 0 24417753126409
607436 512 0 24417753405049
607948 512 0 24417753683690
608460 512 0 24417753962330
608972 512 0 24417754240971
609484 512 0 24417754519611
609996 512 0 24417754798252
610508 512 0 24417755076892
611020 512 0 24417755355532
611532 512 0 24417755634173
612044 512 0 24417755912813
612556 512 0 24417756191454
613068 512 0 24417756470094
613580 512 0 24417756748735
614092 512 0 24417757027375
614604 512 0 24417757306016
615116 512 0 24417757584656
615628 512 0 24417757863296
616140 512 0 24417758141937
616652 512 0 24417758420577
617164 512 0 24417758699218
617676 512 0 24417758977858
618188 512 0 24417759256498
618700 512 0 24417759535139
619212 512 0 24417759813779
619724 512 0 24417760092420
620236 512 0 24417760371060
620748 512 0 24417760649701
621260 512 0 24417760928341
621772 512 0 24417761206982
622284 512 0 24417761485622
622796 512 0 24417761764263
623308 512 0 24417762042903
623820 512 0 24417762321543
624332 512 0 24417762600184
624844 512 0 24417762878824
625356 512 0 24417763157464
625868 512 0 24417763436105
626380 512 0 24417763714745
626892 512 0 24417763993386
627404 512 0 24417764272026
627916 512 0 24417764550667
628428 512 0 24417764829307
628940 512 0 24417765107948
629452 512 0 24417765386588
629964 512 0 24417765665229
630476 512 0 24417765943869
630988 512 0 24417766222510
631500 512 0 24417766501151
632012 512 0 24417766779791
632524 512 0 24417767058432
633036 512 0 24417767337072
633548 512 0 24417767615713
634060 512 0 24417767894353
634572 512 0 24417768172994
635084 512 0 24417768451634
635596 512 0 24417768730274
636108 512 0 24417769008915
636620 512 0 24417769287555
637132 512 0 24417769566196
637644 512 0 24417769844836
638156 512 0 24417770123477
638668 512 0 24417770402117
639180 512 0 24417770680758
639692 512 0 24417770959398
640204 512 0 24417771238038
640716 512 0 24417771516679
641228 512 0 24417771795319
641740 512 0 24417772073960
642252 512 0 24417772352600
642764 512 0 24417772631240
643276 512 0 24417772909881
643788 512 0 24417773188521
644300 512 0 24417773467162
644812 512 0 24417773745802
645324 512 0 24417774024443
645836 512 0 24417774303083
646348 512 0 24417774581724
646860 512 0 24417774860364
647372 512 0 24417775139005
647884 512 0 24417775417645
648396 512 0 24417775696285
648908 512 0 24417775974926
649420 512 0 24417776253566
649932 512 0 24417776532206
650444 512 0 24417776810847
650956 512 0 24417777089487
651468 512 0 24417777368128
651980 512 0 24417777646768
652492 512 0 24417777925409
653004 512 0 24417778204049
653516 512 0 24417778482690
654028 512 0 24417778761330
654540 512 0 24417779039971
655052 512 0 24417779318611
655564 512 0 24417779597252
656076 512 0 24417779875893
656588 512 0 24417780154533
657100 512 0 24417780433174
657612 512 0 24417780711814
658124 512 0 24417780990455
658636 512 0 24417781269095
659148 512 0 24417781547735
659660 512 0 24417781826376
660172 512 0 24417782105016
660684 512 0 24417782383657
661196 512 0 24417782662297
661708 512 0 24417782940938
662220 512 0 24417783219578
662732 512 0 24417783498219
663244 512 0 24417783776859
663756 512 0 24417784055500
664268 512 0 24417784334140
664780 512 0 24417784612780
665292 512 0 24417784891421
665804 512 0 24417785170061
666316 512 0 24417785448701
666828 512 0 24417785727342
667340 512 0 24417786005982
667852 512 0 24417786284623
668364 512 0 24417786563263
668876 512 0 24417786841904
669388 512 0 24417787120544
669900 512 0 24417787399185
670412 512 0 24417787677825
670924 512 0 24417787956466
671436 512 0 24417788235106
671948 512 0 24417788513747
672460 512 0 24417788792388
672972 512 0 24417789071028
673484 512 0 24417789349669
673996 512 0 24417789628309
674508 512 0 24417789906950
675020 512 0 24417790185590
675532 512 0 24417790464231
676044 512 0 24417790742871
676556 512 0 24417791021511
677068 512 0 24417791300152
677580 512 0 24417791578792
678092 512 0 24417791857433
678604 512 0 24417792136073
679116 512 0 24417792414714
679628 512 0 24417792693354
680140 512 0 24417792971995
680652 512 0 24417793250635
681164 512 0 24417793529275
681676 512 0 24417793807916
682188 512 0 24417794086556
682700 512 0 24417794365197
683212 512 0 24417794643837
683724 512 0 24417794922477
684236 512 0 24417795201118
684748 512 0 24417795479758
685260 512 0 24417795758399
685772 512 0 24417796037039
686284 512 0 24417796315680
686796 512 0 24417796594320
687308 512 0 24417796872961
687820 512 0 24417797151601
688332 512 0 24417797430242
688844 512 0 24417797708883
689356 512 0 24417797987523
689868 512 0 24417798266164
690380 512 0 24417798544804
690892 512 0 24417798823445
691404 512 0 24417799102085
691916 512 0 24417799380726
692428 512 0 24417799659366
692940 512 0 24417799938006
693452 512 0 24417800216647
693964 512 0 24417800495287
694476 512 0 24417800773928
694988 512 0 24417801052568
695500 512 0 24417801331209
696012 512 0 24417801609849
696524 512 0 24417801888490
697036 512 0 24417802167130
697548 512 0 24417802445770
698060 512 0 24417802724411
698572 512 0 24417803003051
699084 512 0 24417803281692
699596 512 0 24417803560332
700108 512 0 24417803838972
700620 512 0 24417804117613
701132 512 0 24417804396253
701644 512 0 24417804674894
702156 512 0 24417804953534
702668 512 0 24417805232175
703180 512 0 24417805510815
703692 512 0 24417805789456
704204 512 0 24417806068096
704716 512 0 24417806346737
705228 512 0 24417806625378
705740 512 0 24417806904018
706252 512 0 24417807182659
706764 512 0 24417807461299
707276 512 0 24417807739940
707788 512 0 24417808018580
708300 512 0 24417808297221
708812 512 0 24417808575861
709324 512 0 24417808854501
709836 512 0 24417809133142
710348 512 0 24417809411782
710860 512 0 24417809690423
711372 512 0 24417809969063
711884 512 0 24417810247704
712396 512 0 24417810526344
712908 512 0 24417810804985
713420 512 0 24417811083625
713932 512 0 24417811362265
714444 512 0 24417811640906
714956 512 0 24417811919546
715468 512 0 24417812198187
715980 512 0 24417812476827
716492 512 0 24417812755467
717004 512 0 24417813034108
717516 512 0 24417813312748
718028 512 0 24417813591389
718540 512 0 24417813870029
719052 512 0 24417814148670
719564 512 0 24417814427310
720076 512 0 24417814705951
720588 512 0 24417814984591
721100 512 0 24417815263232
721612 512 0 24417815541873
722124 512 0 24417815820513
722636 512 0 24417816099154
723148 512 0 24417816377794
723660 512 0 24417816656435
724172 512 0 24417816935075
724684 512 0 24417817213716
725196 512 0 24417817492356
725708 512 0 24417817770996
726220 512 0 24417818049637
726732 512 0 24417818328277
727244 512 0 24417818606918
727756 512 0 24417818885558
728268 512 0 24417819164199
728780 512 0 24417819442839
729292 512 0 24417819721480
729804 512 0 24417820000120
730316 512 0 24417820278760
730828 512 0 24417820557401
731340 512 0 24417820836041
731852 512 0 24417821114682
732364 512 0 24417821393322
732876 512 0 24417821671962
733388 512 0 24417821950603
733900 512 0 24417822229243
734412 512 0 24417822507884
734924 512 0 24417822786524
735436 512 0 24417823065165
735948 512 0 24417823343805
736460 512 0 24417823622446
736972 512 0 24417823901086
737484 512 0 24417824179727
737996 512 0 24417824458368
738508 512 0 24417824737008
739020 512 0 24417825015649
739532 512 0 24417825294289
740044 512 0 24417825572930
740556 512 0 24417825851570
741068 512 0 24417826130211
741580 512 0 24417826408851
742092 512 0 24417826687492
742604 512 0 24417826966132
743116 512 0 24417827244772
743628 512 0 24417827523413
744140 512 0 24417827802053
744652 512 0 24417828080694
745164 512 0 24417828359334
745676 512 0 24417828637975
746188 512 0 24417828916615
746700 512 0 24417829195255
747212 512 0 24417829473896
747724 512 0 24417829752536
748236 512 0 24417830031177
748748 512 0 24417830309817
749260 512 0 24417830588458
749772 512 0 24417830867098
750284 512 0 24417831145738
750796 512 0 24417831424379
751308 512 0 24417831703019
751820 512 0 24417831981660
752332 512 0 24417832260300
752844 512 0 24417832538941
753356 512 0 24417832817581
753868 512 0 24417833096222
754380 512 0 24417833374863
754892 512 0 24417833653503
755404 512 0 24417833932144
755916 512 0 24417834210784
756428 512 0 24417834489425
756940 512 0 24417834768065
757452 512 0 24417835046706
757964 512 0 24417835325346
758476 512 0 24417835603987
758988 512 0 24417835882627
759500 512 0 24417836161267
760012 512 0 24417836439908
760524 512 0 24417836718548
761036 512 0 24417836997189
761548 512 0 24417837275829
762060 512 0 24417837554470
762572 512 0 24417837833111
763084 512 0 24417838111751
763596 512 0 24417838390392
764108 512 0 24417838669032
764620 512 0 24417838947673
765132 512 0 24417839226313
765644 512 0 24417839504954
766156 512 0 24417839783594
766668 512 0 24417840062235
767180 512 0 24417840340875
767692 512 0 24417840619516
768204 512 0 24417840898156
768716 512 0 24417841176796
769228 512 0 24417841455437
769740 512 0 24417841734077
770252 512 0 24417842012718
770764 512 0 24417842291358
771276 512 0 24417842569998
771788 512 0 24417842848639
772300 512 0 24417843127279
772812 512 0 24417843405920
773324 512 0 24417843684560
773836 512 0 24417843963201
774348 512 0 24417844241841
774860 512 0 24417844520482
775372 512 0 24417844799122
775884 512 0 24417845077762
776396 512 0 24417845356403
776908 512 0 24417845635043
777420 512 0 24417845913684
777932 512 0 24417846192324
778444 512 0 24417846470965
778956 512 0 24417846749605
779468 512 0 24417847028245
779980 512 0 24417847306886
780492 512 0 24417847585526
781004 512 0 24417847864167
781516 512 0 24417848142807
782028 512 0 24417848421448
782540 512 0 24417848700088
783052 512 0 24417848978728
783564 512 0 24417849257369
784076 512 0 24417849536009
784588 512 0 24417849814650
785100 512 0 24417850093290
785612 512 0 24417850371931
786124 512 0 24417850650571
786636 512 0 24417850929212
787148 512 0 24417851207853
787660 512 0 24417851486493
788172 512 0 24417851765134
788684 512 0 24417852043774
789196 512 0 24417852322415
789708 512 0 24417852601055
790220 512 0 24417852879696
790732 512 0 24417853158336
791244 512 0 24417853436977
791756 512 0 24417853715617
792268 512 0 24417853994257
792780 512 0 24417854272898
793292 512 0 24417854551538
793804 512 0 24417854830179
794316 512 0 24417855108819
794828 512 0 24417855387460
795340 512 0 24417855666101
795852 512 0 24417855944741
796364 512 0 24417856223382
796876 512 0 24417856502022
797388 512 0 24417856780663
797900 512 0 24417857059303
798412 512 0 24417857337944
798924 512 0 24417857616584
799436 512 0 24417857895225
799948 512 0 24417858173865
800460 512 0 24417858452506
800972 512 0 24417858731146
801484 512 0 24417859009786
801996 512 0 24417859288427
802508 512 0 24417859567067
803020 512 0 24417859845708
803532 512 0 24417860124348
804044 512 0 24417860402988
804556 512 0 24417860681629
805068 512 0 24417860960269
805580 512 0 24417861238910
806092 512 0 24417861517550
806604 512 0 24417861796191
807116 512 0 24417862074831
807628 512 0 24417862353472
808140 512 0 24417862632112
808652 512 0 24417862910752
809164 512 0 24417863189393
809676 512 0 24417863468033
810188 512 0 24417863746674
810700 512 0 24417864025314
811212 512 0 24417864303955
811724 512 0 24417864582595
812236 512 0 24417864861235
812748 512 0 24417865139876
813260 512 0 24417865418516
813772 512 0 24417865697157
814284 512 0 24417865975797
814796 512 0 24417866254438
815308 512 0 24417866533078
815820 512 0 24417866811718
816332 512 0 24417867090359
816844 512 0 24417867368999
817356 512 0 24417867647640
817868 512 0 24417867926280
818380 512 0 24417868204921
818892 512 0 24417868483561
819404 512 0 24417868762202
819916 512 0 24417869040843
820428 512 0 24417869319483
820940 512 0 24417869598124
821452 512 0 24417869876764
821964 512 0 24417870155405
822476 512 0 24417870434045
822988 512 0 24417870712686
823500 512 0 24417870991326
824012 512 0 24417871269967
824524 512 0 24417871548607
825036 512 0 24417871827247
825548 512 0 24417872105888
826060 512 0 24417872384528
826572 512 0 24417872663169
827084 512 0 24417872941809
827596 512 0 24417873220450
828108 512 0 24417873499091
828620 512 0 24417873777731
829132 512 0 24417874056372
829644 512 0 24417874335012
830156 512 0 24417874613653
830668 512 0 24417874892293
831180 512 0 24417875170934
831692 512 0 24417875449574
832204 512 0 24417875728215
832716 512 0 24417876006855
833228 512 0 24417876285496
833740 512 0 24417876564136
834252 512 0 24417876842776
834764 512 0 24417877121417
835276 512 0 24417877400057
835788 512 0 24417877678698
836300 512 0 24417877957338
836812 512 0 24417878235978
837324 512 0 24417878514619
837836 512 0 24417878793259
838348 512 0 24417879071900
838860 512 0 24417879350540
839372 512 0 24417879629181
839884 512 0 24417879907821
840396 512 0 24417880186462
840908 512 0 24417880465102
841420 512 0 24417880743742
841932 512 0 24417881022383
842444 512 0 24417881301023
842956 512 0 24417881579664
843468 512 0 24417881858304
843980 512 0 24417882136945
844492 512 0 24417882415585
845004 512 0 24417882694225
845516 512 0 24417882972866
846028 512 0 24417883251506
846540 512 0 24417883530147
847052 512 0 24417883808787
847564 512 0 24417884087428
848076 512 0 24417884366068
848588 512 0 24417884644708
849100 512 0 24417884923349
849612 512 0 24417885201989
850124 512 0 24417885480630
850636 512 0 24417885759270
851148 512 0 24417886037911
851660 512 0 24417886316551
852172 512 0 24417886595192
852684 512 0 24417886873833
853196 512 0 24417887152473
853708 512 0 24417887431114
854220 512 0 24417887709754
854732 512 0 24417887988395
855244 512 0 24417888267035
855756 512 0 24417888545676
856268 512 0 24417888824316
856780 512 0 24417889102957
857292 512 0 24417889381597
857804 512 0 24417889660237
858316 512 0 24417889938878
858828 512 0 24417890217518
859340 512 0 24417890496159
859852 512 0 24417890774799
860364 512 0 24417891053440
860876 512 0 24417891332080
861388 512 0 24417891610720
861900 512 0 24417891889361
862412 512 0 24417892168001
862924 512 0 24417892446642
863436 512 0 24417892725282
863948 512 0 24417893003923
864460 512 0 24417893282563
864972 512 0 24417893561203
865484 512 0 24417893839844
865996 512 0 24417894118484
866508 512 0 24417894397125
867020 512 0 24417894675765
867532 512 0 24417894954406
868044 512 0 24417895233046
868556 512 0 24417895511687
869068 512 0 24417895790328
869580 512 0 24417896068968
870092 512 0 24417896347609
870604 512 0 24417896626249
871116 512 0 24417896904890
871628 512 0 24417897183530
872140 512 0 24417897462171
872652 512 0 24417897740811
873164 512 0 24417898019452
873676 512 0 24417898298092
874188 512 0 24417898576732
874700 512 0 24417898855373
875212 512 0 24417899134013
875724 512 0 24417899412654
876236 512 0 24417899691294
876748 512 0 24417899969935
877260 512 0 24417900248575
877772 512 0 24417900527215
878284 512 0 24417900805856
878796 512 0 24417901084496
879308 512 0 24417901363137
879820 512 0 24417901641777
880332 512 0 24417901920418
880844 512 0 24417902199058
881356 512 0 24417902477698
881868 512 0 24417902756339
882380 512 0 24417903034979
882892 512 0 24417903313620
883404 512 0 24417903592260
883916 512 0 24417903870901
884428 512 0 24417904149541
884940 512 0 24417904428182
885452 512 0 24417904706823
885964 512 0 24417904985463
886476 512 0 24417905264104
886988 512 0 24417905542744
887500 512 0 24417905821385
888012 512 0 24417906100025
888524 512 0 24417906378666
889036 512 0 24417906657306
889548 512 0 24417906935947
890060 512 0 24417907214587
890572 512 0 24417907493227
891084 512 0 24417907771868
891596 512 0 24417908050508
892108 512 0 24417908329149
892620 512 0 24417908607789
893132 512 0 24417908886430
893644 512 0 24417909165071
894156 512 0 24417909443711
894668 512 0 24417909722352
895180 512 0 24417910000992
895692 512 0 24417910279633
896204 512 0 24417910558273
896716 512 0 24417910836914
897228 512 0 24417911115554
897740 512 0 24417911394195
898252 512 0 24417911672835
898764 512 0 24417911951476
899276 512 0 24417912230116
899788 512 0 24417912508757
900300 512 0 24417912787397
900812 512 0 24417913066037
901324 512 0 24417913344678
901836 512 0 24417913623318
902348 512 0 24417913901958
902860 512 0 24417914180599
903372 512 0 24417914459239
903884 512 0 24417914737880
904396 512 0 24417915016520
904908 512 0 24417915295161
905420 512 0 24417915573801
905932 512 0 24417915852442
906444 512 0 24417916131082
906956 512 0 24417916409722
907468 512 0 24417916688363
907980 512 0 24417916967003
908492 512 0 24417917245644
909004 512 0 24417917524284
909516 512 0 24417917802925
910028 512 0 24417918081565
910540 512 0 24417918360205
911052 512 0 24417918638846
911564 512 0 24417918917486
912076 512 0 24417919196127
912588 512 0 24417919474767
913100 512 0 24417919753408
913612 512 0 24417920032048
914124 512 0 24417920310688
914636 512 0 24417920589329
915148 512 0 24417920867969
915660 512 0 24417921146610
916172 512 0 24417921425250
916684 512 0 24417921703891
917196 512 0 24417921982531
917708 512 0 24417922261172
918220 512 0 24417922539813
918732 512 0 24417922818453
919244 512 0 24417923097094
919756 512 0 24417923375734
920268 512 0 24417923654375
920780 512 0 24417923933015
921292 512 0 24417924211656
921804 512 0 24417924490296
922316 512 0 24417924768937
922828 512 0 24417925047577
923340 512 0 24417925326217
923852 512 0 24417925604858
924364 512 0 24417925883498
924876 512 0 24417926162139
925388 512 0 24417926440779
925900 512 0 24417926719420
926412 512 0 24417926998061
926924 512 0 24417927276701
927436 512 0 24417927555342
927948 512 0 24417927833982
928460 512 0 24417928112623
928972 512 0 24417928391263
929484 512 0 24417928669904
929996 512 0 24417928948544
930508 512 0 24417929227185
931020 512 0 24417929505825
931532 512 0 24417929784466
932044 512 0 24417930063106
932556 512 0 24417930341747
933068 512 0 24417930620387
933580 512 0 24417930899027
934092 512 0 24417931177668
934604 512 0 24417931456308
935116 512 0 24417931734948
935628 512 0 24417932013589
936140 512 0 24417932292229
936652 512 0 24417932570870
937164 512 0 24417932849510
937676 512 0 24417933128151
938188 512 0 24417933406791
938700 512 0 24417933685432
939212 512 0 24417933964072
939724 512 0 24417934242712
940236 512 0 24417934521353
940748 512 0 24417934799993
941260 512 0 24417935078634
941772 512 0 24417935357274
942284 512 0 24417935635915
942796 512 0 24417935914555
943308 512 0 24417936193195
943820 512 0 24417936471836
944332 512 0 24417936750476
944844 512 0 24417937029117
945356 512 0 24417937307757
945868 512 0 24417937586398
946380 512 0 24417937865038
946892 512 0 24417938143678
947404 512 0 24417938422319
947916 512 0 24417938700959
948428 512 0 24417938979600
948940 512 0 24417939258240
949452 512 0 24417939536881
949964 512 0 24417939815521
950476 512 0 24417940094162
950988 512 0 24417940372803
951500 512 0 24417940651443
952012 512 0 24417940930084
952524 512 0 24417941208724
953036 512 0 24417941487365
953548 512 0 24417941766005
954060 512 0 24417942044646
954572 512 0 24417942323286
955084 512 0 24417942601927
955596 512 0 24417942880567
956108 512 0 24417943159207
956620 512 0 24417943437848
957132 512 0 24417943716488
957644 512 0 24417943995129
958156 512 0 24417944273769
958668 512 0 24417944552410
959180 512 0 24417944831051
959692 512 0 24417945109691
960204 512 0 24417945388332
960716 512 0 24417945666972
961228 512 0 24417945945613
961740 512 0 24417946224253
962252 512 0 24417946502894
962764 512 0 24417946781534
963276 512 0 24417947060175
963788 512 0 24417947338815
964300 512 0 24417947617456
964812 512 0 24417947896096
965324 512 0 24417948174737
965836 512 0 24417948453377
966348 512 0 24417948732017
966860 512 0 24417949010658
967372 512 0 24417949289298
967884 512 0 24417949567938
968396 512 0 24417949846579
968908 512 0 24417950125219
969420 512 0 24417950403860
969932 512 0 24417950682500
970444 512 0 24417950961141
970956 512 0 24417951239781
971468 512 0 24417951518422
971980 512 0 24417951797062
972492 512 0 24417952075702
973004 512 0 24417952354343
973516 512 0 24417952632983
974028 512 0 24417952911624
974540 512 0 24417953190264
975052 512 0 24417953468905
975564 512 0 24417953747546
976076 512 0 24417954026186
976588 512 0 24417954304827
977100 512 0 24417954583467
977612 512 0 24417954862108
978124 512 0 24417955140748
978636 512 0 24417955419389
979148 512 0 24417955698029
979660 512 0 24417955976670
980172 512 0 24417956255310
980684 512 0 24417956533951
981196 512 0 24417956812591
981708 512 0 24417957091231
982220 512 0 24417957369872
982732 512 0 24417957648512
983244 512 0 24417957927153
983756 512 0 24417958205794
984268 512 0 24417958484434
984780 512 0 24417958763075
985292 512 0 24417959041715
985804 512 0 24417959320356
986316 512 0 24417959598996
986828 512 0 24417959877637
987340 512 0 24417960156277
987852 512 0 24417960434918
988364 512 0 24417960713558
988876 512 0 24417960992199
989388 512 0 24417961270839
989900 512 0 24417961549480
990412 512 0 24417961828120
990924 512 0 24417962106761
991436 512 0 24417962385401
991948 512 0 24417962664041
992460 512 0 24417962942681
992972 512 0 24417963221322
993484 512 0 24417963499962
993996 512 0 24417963778603
994508 512 0 24417964057243
995020 512 0 24417964335884
995532 512 0 24417964614524
996044 512 0 24417964893165
996556 512 0 24417965171805
997068 512 0 24417965450446
997580 512 0 24417965729086
998092 512 0 24417966007726
998604 512 0 24417966286367
999116 512 0 24417966565007
999628 512 0 24417966843648
1000140 512 0 24417967122289
1000652 512 0 24417967400929
1001164 512 0 24417967679570
1001676 512 0 24417967958210
1002188 512 0 24417968236851
1002700 512 0 24417968515491
1003212 512 0 24417968794132
1003724 512 0 24417969072772
1004236 512 0 24417969351413
1004748 512 0 24417969630053
1005260 512 0 24417969908694
1005772 512 0 24417970187334
1006284 512 0 24417970465975
1006796 512 0 24417970744615
1007308 512 0 24417971023256
1007820 512 0 24417971301896
1008332 512 0 24417971580536
1008844 512 0 24417971859176
1009356 512 0 24417972137817
1009868 512 0 24417972416457
1010380 512 0 24417972695098
1010892 512 0 24417972973738
1011404 512 0 24417973252379
1011916 512 0 24417973531019
1012428 512 0 24417973809660
1012940 512 0 24417974088300
1013452 512 0 24417974366941
1013964 512 0 24417974645581
1014476 512 0 24417974924221
1014988 512 0 24417975202862
1015500 512 0 24417975481502
1016012 512 0 24417975760143
1016524 512 0 24417976038784
1017036 512 0 24417976317424
1017548 512 0 24417976596065
1018060 512 0 24417976874705
1018572 512 0 24417977153346
1019084 512 0 24417977431986
1019596 512 0 24417977710627
1020108 512 0 24417977989267
1020620 512 0 24417978267908
1021132 512 0 24417978546548
1021644 512 0 24417978825189
1022156 512 0 24417979103829
1022668 512 0 24417979382470
1023180 512 0 24417979661110
1023692 512 0 24417979939750
1024204 512 0 24417980218391
1024716 512 0 24417980497031
1025228 512 0 24417980775671
1025740 512 0 24417981054312
1026252 512 0 24417981332952
1026764 512 0 24417981611593
1027276 512 0 24417981890233
1027788 512 0 24417982168874
1028300 512 0 24417982447514
1028812 512 0 24417982726155
1029324 512 0 24417983004795
1029836 512 0 24417983283435
1030348 512 0 24417983562076
1030860 512 0 24417983840716
1031372 512 0 24417984119357
1031884 512 0 24417984397997
1032396 512 0 24417984676638
1032908 512 0 24417984955278
1033420 512 0 24417985233918
1033932 512 0 24417985512559
1034444 512 0 24417985791199
1034956 512 0 24417986069840
1035468 512 0 24417986348480
1035980 512 0 24417986627121
1036492 512 0 24417986905761
1037004 512 0 24417987184401
1037516 512 0 24417987463042
1038028 512 0 24417987741682
1038540 512 0 24417988020323
1039052 512 0 24417988298963
1039564 512 0 24417988577604
1040076 512 0 24417988856244
1040588 512 0 24417989134885
1041100 512 0 24417989413526
1041612 512 0 24417989692166
1042124 512 0 24417989970807
1042636 512 0 24417990249447
1043148 512 0 24417990528088
1043660 512 0 24417990806728
1044172 512 0 24417991085369
1044684 512 0 24417991364009
1045196 512 0 24417991642650
1045708 512 0 24417991921290
1046220 512 0 24417992199930
1046732 512 0 24417992478571
1047244 512 0 24417992757211
1047756 512 0 24417993035852
1048268 512 0 24417993314492
1048780 512 0 24417993593133
1049292 512 0 24417993871773
1049804 512 0 24417994150413
1050316 512 0 24417994429054
1050828 512 0 24417994707694
1051340 512 0 24417994986335
1051852 512 0 24417995264975
1052364 512 0 24417995543616
1052876 512 0 24417995822256
1053388 512 0 24417996100896
1053900 512 0 24417996379537
1054412 512 0 24417996658177
1054924 512 0 24417996936818
1055436 512 0 24417997215458
1055948 512 0 24417997494099
1056460 512 0 24417997772739
1056972 512 0 24417998051380
1057484 512 0 24417998330020
1057996 512 0 24417998608660
1058508 512 0 24417998887301
1059020 512 0 24417999165941
1059532 512 0 24417999444582
1060044 512 0 24417999723222
1060556 512 0 24418000001863
1061068 512 0 24418000280503
1061580 512 0 24418000559143
1062092 512 0 24418000837784
1062604 512 0 24418001116424
1063116 512 0 24418001395065
1063628 512 0 24418001673705
1064140 512 0 24418001952346
1064652 512 0 24418002230986
1065164 512 0 24418002509627
1065676 512 0 24418002788268
1066188 512 0 24418003066908
1066700 512 0 24418003345549
1067212 512 0 24418003624189
1067724 512 0 24418003902830
1068236 512 0 24418004181470
1068748 512 0 24418004460111
1069260 512 0 24418004738751
1069772 512 0 24418005017391
1070284 512 0 24418005296032
1070796 512 0 24418005574672
1071308 512 0 24418005853313
1071820 512 0 24418006131953
1072332 512 0 24418006410594
1072844 512 0 24418006689234
1073356 512 0 24418006967875
1073868 512 0 24418007246515
1074380 512 0 24418007525155
1074892 512 0 24418007803796
1075404 512 0 24418008082436
1075916 512 0 24418008361077
1076428 512 0 24418008639717
1076940 512 0 24418008918358
1077452 512 0 24418009196998
1077964 512 0 24418009475638
1078476 512 0 24418009754279
1078988 512 0 24418010032919
1079500 512 0 24418010311560
1080012 512 0 24418010590200
1080524 512 0 24418010868841
1081036 512 0 24418011147481
1081548 512 0 24418011426122
1082060 512 0 24418011704763
1082572 512 0 24418011983403
1083084 512 0 24418012262044
1083596 512 0 24418012540684
1084108 512 0 24418012819325
1084620 512 0 24418013097965
1085132 512 0 24418013376606
1085644 512 0 24418013655246
1086156 512 0 24418013933886
1086668 512 0 24418014212527
1087180 512 0 24418014491167
1087692 512 0 24418014769808
1088204 512 0 24418015048448
1088716 512 0 24418015327089
1089228 512 0 24418015605729
1089740 512 0 24418015884370
1090252 512 0 24418016163010
1090764 512 0 24418016441650
1091276 512 0 24418016720291
1091788 512 0 24418016998931
1092300 512 0 24418017277572
1092812 512 0 24418017556212
1093324 512 0 24418017834853
1093836 512 0 24418018113493
1094348 512 0 24418018392133
1094860 512 0 24418018670774
1095372 512 0 24418018949414
1095884 512 0 24418019228055
1096396 512 0 24418019506695
1096908 512 0 24418019785336
1097420 512 0 24418020063976
1097932 512 0 24418020342617
1098444 512 0 24418020621258
1098956 512 0 24418020899898
1099468 512 0 24418021178539
1099980 512 0 24418021457179
1100492 512 0 24418021735820
1101004 512 0 24418022014460
1101516 512 0 24418022293101
1102028 512 0 24418022571741
1102540 512 0 24418022850381
1103052 512 0 24418023129022
1103564 512 0 24418023407662
1104076 512 0 24418023686303
1104588 512 0 24418023964943
1105100 512 0 24418024243584
1105612 512 0 24418024522224
1106124 512 0 24418024800865
1106636 512 0 24418025079505
1107148 512 0 24418025358145
1107660 512 0 24418025636786
1108172 512 0 24418025915426
1108684 512 0 24418026194067
1109196 512 0 24418026472707
1109708 512 0 24418026751348
1110220 512 0 24418027029988
1110732 512 0 24418027308628
1111244 512 0 24418027587269
1111756 512 0 24418027865909
1112268 512 0 24418028144550
1112780 512 0 24418028423190
1113292 512 0 24418028701831
1113804 512 0 24418028980471
1114316 512 0 24418029259112
1114828 512 0 24418029537753
1115340 512 0 24418029816393
1115852 512 0 24418030095034
1116364 512 0 24418030373674
1116876 512 0 24418030652315
1117388 512 0 24418030930955
1117900 512 0 24418031209596
1118412 512 0 24418031488236
1118924 512 0 24418031766877
1119436 512 0 24418032045517
1119948 512 0 24418032324157
1120460 512 0 24418032602798
1120972 512 0 24418032881438
1121484 512 0 24418033160079
1121996 512 0 24418033438719
1122508 512 0 24418033717360
1123020 512 0 24418033996000
1123532 512 0 24418034274640
1124044 512 0 24418034553281
1124556 512 0 24418034831921
1125068 512 0 24418035110562
1125580 512 0 24418035389202
1126092 512 0 24418035667843
1126604 512 0 24418035946483
1127116 512 0 24418036225123
1127628 512 0 24418036503764
1128140 512 0 24418036782404
1128652 512 0 24418037061045
1129164 512 0 24418037339685
1129676 512 0 24418037618326
1130188 512 0 24418037896966
1130700 512 0 24418038175607
1131212 512 0 24418038454248
1131724 512 0 24418038732888
1132236 512 0 24418039011529
1132748 512 0 24418039290169
1133260 512 0 24418039568810
1133772 512 0 24418039847450
1134284 512 0 24418040126091
1134796 512 0 24418040404731
1135308 512 0 24418040683372
1135820 512 0 24418040962012
1136332 512 0 24418041240652
1136844 512 0 24418041519293
1137356 512 0 24418041797933
1137868 512 0 24418042076574
1138380 512 0 24418042355214
1138892 512 0 24418042633855
1139404 512 0 24418042912495
1139916 512 0 24418043191135
1140428 512 0 24418043469776
1140940 512 0 24418043748416
1141452 512 0 24418044027057
1141964 512 0 24418044305697
1142476 512 0 24418044584338
1142988 512 0 24418044862978
1143500 512 0 24418045141618
1144012 512 0 24418045420259
1144524 512 0 24418045698899
1145036 512 0 24418045977540
1145548 512 0 24418046256180
1146060 512 0 24418046534821
1146572 512 0 24418046813461
1147084 512 0 24418047092102
1147596 512 0 24418047370743
1148108 512 0 24418047649383
1148620 512 0 24418047928024
1149132 512 0 24418048206664
1149644 512 0 24418048485305
1150156 512 0 24418048763945
1150668 512 0 24418049042586
1151180 512 0 24418049321226
1151692 512 0 24418049599867
1152204 512 0 24418049878507
1152716 512 0 24418050157147
1153228 512 0 24418050435788
1153740 512 0 24418050714428
1154252 512 0 24418050993069
1154764 512 0 24418051271709
1155276 512 0 24418051550350
1155788 512 0 24418051828990
1156300 512 0 24418052107630
1156812 512 0 24418052386271
1157324 512 0 24418052664911
1157836 512 0 24418052943552
1158348 512 0 24418053222192
1158860 512 0 24418053500833
1159372 512 0 24418053779473
1159884 512 0 24418054058113
1160396 512 0 24418054336754
1160908 512 0 24418054615394
1161420 512 0 24418054894035
1161932 512 0 24418055172675
1162444 512 0 24418055451316
1162956 512 0 24418055729956
1163468 512 0 24418056008597
1163980 512 0 24418056287238
1164492 512 0 24418056565878
1165004 512 0 24418056844519
1165516 512 0 24418057123159
1166028 512 0 24418057401800
1166540 512 0 24418057680440
1167052 512 0 24418057959081
1167564 512 0 24418058237721
1168076 512 0 24418058516362
1168588 512 0 24418058795002
1169100 512 0 24418059073642
1169612 512 0 24418059352283
1170124 512 0 24418059630923
1170636 512 0 24418059909564
1171148 512 0 24418060188204
1171660 512 0 24418060466845
1172172 512 0 24418060745486
1172684 512 0 24418061024126
1173196 512 0 24418061302767
1173708 512 0 24418061581407
1174220 512 0 24418061860048
1174732 512 0 24418062138688
1175244 512 0 24418062417329
1175756 512 0 24418062695969
1176268 512 0 24418062974610
1176780 512 0 24418063253250
1177292 512 0 24418063531890
1177804 512 0 24418063810531
1178316 512 0 24418064089171
1178828 512 0 24418064367812
1179340 512 0 24418064646452
1179852 512 0 24418064925093
1180364 512 0 24418065203733
1180876 512 0 24418065482373
1181388 512 0 24418065761014
1181900 512 0 24418066039654
1182412 512 0 24418066318295
1182924 512 0 24418066596935
1183436 512 0 24418066875576
1183948 512 0 24418067154216
1184460 512 0 24418067432857
1184972 512 0 24418067711497
1185484 512 0 24418067990137
1185996 512 0 24418068268778
1186508 512 0 24418068547418
1187020 512 0 24418068826059
1187532 512 0 24418069104699
1188044 512 0 24418069383340
1188556 512 0 24418069661981
1189068 512 0 24418069940621
1189580 512 0 24418070219262
1190092 512 0 24418070497902
1190604 512 0 24418070776543
1191116 512 0 24418071055183
1191628 512 0 24418071333824
1192140 512 0 24418071612464
1192652 512 0 24418071891105
1193164 512 0 24418072169745
1193676 512 0 24418072448385
1194188 512 0 24418072727026
1194700 512 0 24418073005666
1195212 512 0 24418073284307
1195724 512 0 24418073562947
1196236 512 0 24418073841588
1196748 512 0 24418074120229
1197260 512 0 24418074398869
1197772 512 0 24418074677510
1198284 512 0 24418074956150
1198796 512 0 24418075234791
1199308 512 0 24418075513431
1199820 512 0 24418075792072
1200332 512 0 24418076070712
1200844 512 0 24418076349353
1201356 512 0 24418076627993
1201868 512 0 24418076906634
1202380 512 0 24418077185274
1202892 512 0 24418077463914
1203404 512 0 24418077742555
1203916 512 0 24418078021195
1204428 512 0 24418078299836
1204940 512 0 24418078578476
1205452 512 0 24418078857116
1205964 512 0 24418079135757
1206476 512 0 24418079414397
1206988 512 0 24418079693038
1207500 512 0 24418079971678
1208012 512 0 24418080250319
1208524 512 0 24418080528959
1209036 512 0 24418080807600
1209548 512 0 24418081086240
1210060 512 0 24418081364880
1210572 512 0 24418081643521
1211084 512 0 24418081922161
1211596 512 0 24418082200802
1212108 512 0 24418082479442
1212620 512 0 24418082758083
1213132 512 0 24418083036724
1213644 512 0 24418083315364
1214156 512 0 24418083594005
1214668 512 0 24418083872645
1215180 512 0 24418084151286
1215692 512 0 24418084429926
1216204 512 0 24418084708567
1216716 512 0 24418084987207
1217228 512 0 24418085265848
1217740 512 0 24418085544488
1218252 512 0 24418085823129
1218764 512 0 24418086101769
1219276 512 0 24418086380409
1219788 512 0 24418086659050
1220300 512 0 24418086937690
1220812 512 0 24418087216331
1221324 512 0 24418087494971
1221836 512 0 24418087773611
1222348 512 0 24418088052252
1222860 512 0 24418088330892
1223372 512 0 24418088609533
1223884 512 0 24418088888173
1224396 512 0 24418089166814
1224908 512 0 24418089445454
1225420 512 0 24418089724095
1225932 512 0 24418090002735
1226444 512 0 24418090281375
1226956 512 0 24418090560016
1227468 512 0 24418090838656
1227980 512 0 24418091117297
1228492 512 0 24418091395937
1229004 512 0 24418091674578
1229516 512 0 24418091953219
1230028 512 0 24418092231859
1230540 512 0 24418092510500
1231052 512 0 24418092789140
1231564 512 0 24418093067781
1232076 512 0 24418093346421
1232588 512 0 24418093625062
1233100 512 0 24418093903702
1233612 512 0 24418094182343
1234124 512 0 24418094460983
1234636 512 0 24418094739624
1235148 512 0 24418095018264
1235660 512 0 24418095296904
1236172 512 0 24418095575545
1236684 512 0 24418095854185
1237196 512 0 24418096132826
1237708 512 0 24418096411466
1238220 512 0 24418096690106
1238732 512 0 24418096968747
1239244 512 0 24418097247387
1239756 512 0 24418097526028
1240268 512 0 24418097804668
1240780 512 0 24418098083309
1241292 512 0 24418098361949
1241804 512 0 24418098640590
1242316 512 0 24418098919230
1242828 512 0 24418099197870
1243340 512 0 24418099476511
1243852 512 0 24418099755151
1244364 512 0 24418100033792
1244876 512 0 24418100312432
1245388 512 0 24418100591073
1245900 512 0 24418100869714
1246412 512 0 24418101148354
1246924 512 0 24418101426995
1247436 512 0 24418101705635
1247948 512 0 24418101984276
1248460 512 0 24418102262916
1248972 512 0 24418102541557
1249484 512 0 24418102820197
1249996 512 0 24418103098838
1250508 512 0 24418103377478
1251020 512 0 24418103656119
1251532 512 0 24418103934759
1252044 512 0 24418104213399
1252556 512 0 24418104492040
1253068 512 0 24418104770680
1253580 512 0 24418105049321
1254092 512 0 24418105327961
1254604 512 0 24418105606601
1255116 512 0 24418105885242
1255628 512 0 24418106163882
1256140 512 0 24418106442523
1256652 512 0 24418106721163
1257164 512 0 24418106999804
1257676 512 0 24418107278444
1258188 512 0 24418107557085
1258700 512 0 24418107835725
1259212 512 0 24418108114365
1259724 512 0 24418108393006
1260236 512 0 24418108671646
1260748 512 0 24418108950287
1261260 512 0 24418109228927
1261772 512 0 24418109507568
1262284 512 0 24418109786209
1262796 512 0 24418110064849
1263308 512 0 24418110343490
1263820 512 0 24418110622130
1264332 512 0 24418110900771
1264844 512 0 24418111179411
1265356 512 0 24418111458052
1265868 512 0 24418111736692
1266380 512 0 24418112015333
1266892 512 0 24418112293973
1267404 512 0 24418112572614
1267916 512 0 24418112851254
1268428 512 0 24418113129894
1268940 512 0 24418113408535
1269452 512 0 24418113687175
1269964 512 0 24418113965816
1270476 512 0 24418114244457
1270988 512 0 24418114523097
1271500 512 0 24418114801738
1272012 512 0 24418115080378
1272524 512 0 24418115359019
1273036 512 0 24418115637659
1273548 512 0 24418115916300
1274060 512 0 24418116194940
1274572 512 0 24418116473581
1275084 512 0 24418116752221
1275596 512 0 24418117030862
1276108 512 0 24418117309502
1276620 512 0 24418117588143
1277132 512 0 24418117866783
1277644 512 0 24418118145423
1278156 512 0 24418118424064
1278668 512 0 24418118702705
1279180 512 0 24418118981345
1279692 512 0 24418119259986
1280204 512 0 24418119538626
1280716 512 0 24418119817267
1281228 512 0 24418120095907
1281740 512 0 24418120374548
1282252 512 0 24418120653188
1282764 512 0 24418120931829
1283276 512 0 24418121210469
1283788 512 0 24418121489110
1284300 512 0 24418121767750
1284812 512 0 24418122046391
1285324 512 0 24418122325031
1285836 512 0 24418122603671
1286348 512 0 24418122882312
1286860 512 0 24418123160952
1287372 512 0 24418123439592
1287884 512 0 24418123718233
1288396 512 0 24418123996873
1288908 512 0 24418124275514
1289420 512 0 24418124554154
1289932 512 0 24418124832795
1290444 512 0 24418125111435
1290956 512 0 24418125390076
1291468 512 0 24418125668716
1291980 512 0 24418125947357
1292492 512 0 24418126225997
1293004 512 0 24418126504637
1293516 512 0 24418126783278
1294028 512 0 24418127061918
1294540 512 0 24418127340559
1295052 512 0 24418127619200
1295564 512 0 24418127897840
1296076 512 0 24418128176481
1296588 512 0 24418128455121
1297100 512 0 24418128733762
1297612 512 0 24418129012402
1298124 512 0 24418129291043
1298636 512 0 24418129569683
1299148 512 0 24418129848324
1299660 512 0 24418130126964
1300172 512 0 24418130405605
1300684 512 0 24418130684245
1301196 512 0 24418130962886
1301708 512 0 24418131241526
1302220 512 0 24418131520166
1302732 512 0 24418131798807
1303244 512 0 24418132077447
1303756 512 0 24418132356087
1304268 512 0 24418132634728
1304780 512 0 24418132913368
1305292 512 0 24418133192009
1305804 512 0 24418133470649
1306316 512 0 24418133749290
1306828 512 0 24418134027930
1307340 512 0 24418134306571
1307852 512 0 24418134585211
1308364 512 0 24418134863852
1308876 512 0 24418135142492
1309388 512 0 24418135421132
1309900 512 0 24418135699773
1310412 512 0 24418135978413
1310924 512 0 24418136257054
1311436 512 0 24418136535695
1311948 512 0 24418136814335
1312460 512 0 24418137092976
1312972 512 0 24418137371616
1313484 512 0 24418137650257
1313996 512 0 24418137928897
1314508 512 0 24418138207538
1315020 512 0 24418138486178
1315532 512 0 24418138764819
1316044 512 0 24418139043459
1316556 512 0 24418139322100
1317068 512 0 24418139600740
1317580 512 0 24418139879381
1318092 512 0 24418140158021
1318604 512 0 24418140436661
1319116 512 0 24418140715302
1319628 512 0 24418140993942
1320140 512 0 24418141272582
1320652 512 0 24418141551223
1321164 512 0 24418141829863
1321676 512 0 24418142108504
1322188 512 0 24418142387144
1322700 512 0 24418142665785
1323212 512 0 24418142944425
1323724 512 0 24418143223066
1324236 512 0 24418143501706
1324748 512 0 24418143780347
1325260 512 0 24418144058987
1325772 512 0 24418144337627
1326284 512 0 24418144616268
1326796 512 0 24418144894908
1327308 512 0 24418145173549
1327820 512 0 24418145452190
1328332 512 0 24418145730830
1328844 512 0 24418146009471
1329356 512 0 24418146288111
1329868 512 0 24418146566752
1330380 512 0 24418146845392
1330892 512 0 24418147124033
1331404 512 0 24418147402673
1331916 512 0 24418147681314
1332428 512 0 24418147959954
1332940 512 0 24418148238595
1333452 512 0 24418148517235
1333964 512 0 24418148795876
1334476 512 0 24418149074516
1334988 512 0 24418149353156
1335500 512 0 24418149631797
1336012 512 0 24418149910437
1336524 512 0 24418150189077
1337036 512 0 24418150467718
1337548 512 0 24418150746358
1338060 512 0 24418151024999
1338572 512 0 24418151303639
1339084 512 0 24418151582280
1339596 512 0 24418151860920
1340108 512 0 24418152139561
1340620 512 0 24418152418201
1341132 512 0 24418152696842
1341644 512 0 24418152975482
1342156 512 0 24418153254122
1342668 512 0 24418153532763
1343180 512 0 24418153811403
1343692 512 0 24418154090044
1344204 512 0 24418154368685
1344716 512 0 24418154647325
1345228 512 0 24418154925966
1345740 512 0 24418155204606
1346252 512 0 24418155483247
1346764 512 0 24418155761887
1347276 512 0 24418156040528
1347788 512 0 24418156319168
1348300 512 0 24418156597809
1348812 512 0 24418156876449
1349324 512 0 24418157155090
1349836 512 0 24418157433730
1350348 512 0 24418157712371
1350860 512 0 24418157991011
1351372 512 0 24418158269651
1351884 512 0 24418158548292
1352396 512 0 24418158826932
1352908 512 0 24418159105572
1353420 512 0 24418159384213
1353932 512 0 24418159662853
1354444 512 0 24418159941494
1354956 512 0 24418160220134
1355468 512 0 24418160498775
1355980 512 0 24418160777415
1356492 512 0 24418161056056
1357004 512 0 24418161334696
1357516 512 0 24418161613337
1358028 512 0 24418161891977
1358540 512 0 24418162170617
1359052 512 0 24418162449258
1359564 512 0 24418162727898
1360076 512 0 24418163006539
1360588 512 0 24418163285180
1361100 512 0 24418163563820
1361612 512 0 24418163842461
1362124 512 0 24418164121101
1362636 512 0 24418164399742
1363148 512 0 24418164678382
1363660 512 0 24418164957023
1364172 512 0 24418165235663
1364684 512 0 24418165514304
1365196 512 0 24418165792944
1365708 512 0 24418166071585
1366220 512 0 24418166350225
1366732 512 0 24418166628865
1367244 512 0 24418166907506
1367756 512 0 24418167186146
1368268 512 0 24418167464787
1368780 512 0 24418167743427
1369292 512 0 24418168022067
1369804 512 0 24418168300708
1370316 512 0 24418168579348
1370828 512 0 24418168857989
1371340 512 0 24418169136629
1371852 512 0 24418169415270
1372364 512 0 24418169693910
1372876 512 0 24418169972551
1373388 512 0 24418170251191
1373900 512 0 24418170529832
1374412 512 0 24418170808472
1374924 512 0 24418171087112
1375436 512 0 24418171365753
1375948 512 0 24418171644393
1376460 512 0 24418171923034
1376972 512 0 24418172201675
1377484 512 0 24418172480315
1377996 512 0 24418172758956
1378508 512 0 24418173037596
1379020 512 0 24418173316237
1379532 512 0 24418173594877
1380044 512 0 24418173873518
1380556 512 0 24418174152158
1381068 512 0 24418174430799
1381580 512 0 24418174709439
1382092 512 0 24418174988080
1382604 512 0 24418175266720
1383116 512 0 24418175545360
1383628 512 0 24418175824001
1384140 512 0 24418176102641
1384652 512 0 24418176381282
1385164 512 0 24418176659923
1385676 512 0 24418176938563
1386188 512 0 24418177217204
1386700 512 0 24418177495844
1387212 512 0 24418177774485
1387724 512 0 24418178053125
1388236 512 0 24418178331766
1388748 512 0 24418178610406
1389260 512 0 24418178889047
1389772 512 0 24418179167687
1390284 512 0 24418179446328
1390796 512 0 24418179724968
1391308 512 0 24418180003609
1391820 512 0 24418180282249
1392332 512 0 24418180560889
1392844 512 0 24418180839530
1393356 512 0 24418181118171
1393868 512 0 24418181396811
1394380 512 0 24418181675452
1394892 512 0 24418181954092
1395404 512 0 24418182232733
1395916 512 0 24418182511373
1396428 512 0 24418182790014
1396940 512 0 24418183068654
1397452 512 0 24418183347295
1397964 512 0 24418183625935
1398476 512 0 24418183904576
1398988 512 0 24418184183216
1399500 512 0 24418184461857
1400012 512 0 24418184740497
1400524 512 0 24418185019138
1401036 512 0 24418185297778
1401548 512 0 24418185576419
1402060 512 0 24418185855059
1402572 512 0 24418186133700
1403084 512 0 24418186412340
1403596 512 0 24418186690981
1404108 512 0 24418186969621
1404620 512 0 24418187248262
1405132 512 0 24418187526902
1405644 512 0 24418187805543
1406156 512 0 24418188084183
1406668 512 0 24418188362824
1407180 512 0 24418188641464
1407692 512 0 24418188920105
1408204 512 0 24418189198745
1408716 512 0 24418189477386
1409228 512 0 24418189756026
1409740 512 0 24418190034667
1410252 512 0 24418190313307
1410764 512 0 24418190591948
1411276 512 0 24418190870588
1411788 512 0 24418191149229
1412300 512 0 24418191427869
1412812 512 0 24418191706510
1413324 512 0 24418191985150
1413836 512 0 24418192263791
1414348 512 0 24418192542431
1414860 512 0 24418192821072
1415372 512 0 24418193099712
1415884 512 0 24418193378353
1416396 512 0 24418193656993
1416908 512 0 24418193935634
1417420 512 0 24418194214274
1417932 512 0 24418194492914
1418444 512 0 24418194771554
1418956 512 0 24418195050195
1419468 512 0 24418195328835
1419980 512 0 24418195607476
1420492 512 0 24418195886116
1421004 512 0 24418196164757
1421516 512 0 24418196443397
1422028 512 0 24418196722038
1422540 512 0 24418197000678
1423052 512 0 24418197279319
1423564 512 0 24418197557959
1424076 512 0 24418197836600
1424588 512 0 24418198115240
1425100 512 0 24418198393881
1425612 512 0 24418198672521
1426124 512 0 24418198951162
1426636 512 0 24418199229802
1427148 512 0 24418199508443
1427660 512 0 24418199787083
1428172 512 0 24418200065724
1428684 512 0 24418200344364
1429196 512 0 24418200623005
1429708 512 0 24418200901645
1430220 512 0 24418201180286
1430732 512 0 24418201458926
1431244 512 0 24418201737567
1431756 512 0 24418202016207
1432268 512 0 24418202294848
1432780 512 0 24418202573488
1433292 512 0 24418202852129
1433804 512 0 24418203130769
1434316 512 0 24418203409410
1434828 512 0 24418203688050
1435340 512 0 24418203966691
1435852 512 0 24418204245331
1436364 512 0 24418204523972
1436876 512 0 24418204802612
1437388 512 0 24418205081253
1437900 512 0 24418205359893
1438412 512 0 24418205638534
1438924 512 0 24418205917174
1439436 512 0 24418206195815
1439948 512 0 24418206474455
1440460 512 0 24418206753096
1440972 512 0 24418207031736
1441484 512 0 24418207310377
1441996 512 0 24418207589017
1442508 512 0 24418207867657
1443020 512 0 24418208146297
1443532 512 0 24418208424938
1444044 512 0 24418208703578
1444556 512 0 24418208982219
1445068 512 0 24418209260859
1445580 512 0 24418209539500
1446092 512 0 24418209818140
1446604 512 0 24418210096781
1447116 512 0 24418210375421
1447628 512 0 24418210654062
1448140 512 0 24418210932702
1448652 512 0 24418211211343
1449164 512 0 24418211489983
1449676 512 0 24418211768624
1450188 512 0 24418212047264
1450700 512 0 24418212325905
1451212 512 0 24418212604545
1451724 512 0 24418212883186
1452236 512 0 24418213161826
1452748 512 0 24418213440467
1453260 512 0 24418213719107
1453772 512 0 24418213997748
1454284 512 0 24418214276388
1454796 512 0 24418214555029
1455308 512 0 24418214833669
1455820 512 0 24418215112310
1456332 512 0 24418215390950
1456844 512 0 24418215669591
1457356 512 0 24418215948231
1457868 512 0 24418216226872
1458380 512 0 24418216505512
1458892 512 0 24418216784152
1459404 512 0 24418217062792
1459916 512 0 24418217341433
1460428 512 0 24418217620073
1460940 512 0 24418217898714
1461452 512 0 24418218177354
1461964 512 0 24418218455995
1462476 512 0 24418218734635
1462988 512 0 24418219013276
1463500 512 0 24418219291916
1464012 512 0 24418219570557
1464524 512 0 24418219849197
1465036 512 0 24418220127838
1465548 512 0 24418220406478
1466060 512 0 24418220685119
1466572 512 0 24418220963759
1467084 512 0 24418221242400
1467596 512 0 24418221521040
1468108 512 0 24418221799681
1468620 512 0 24418222078321
1469132 512 0 24418222356962
1469644 512 0 24418222635602
1470156 512 0 24418222914243
1470668 512 0 24418223192883
1471180 512 0 24418223471524
1471692 512 0 24418223750164
1472204 512 0 24418224028805
1472716 512 0 24418224307445
1473228 512 0 24418224586086
1473740 512 0 24418224864726
1474252 512 0 24418225143367
1474764 512 0 24418225422007
1475276 512 0 24418225700647
1475788 512 0 24418225979287
1476300 512 0 24418226257928
1476812 512 0 24418226536568
1477324 512 0 24418226815209
1477836 512 0 24418227093849
1478348 512 0 24418227372490
1478860 512 0 24418227651130
1479372 512 0 24418227929771
1479884 512 0 24418228208411
1480396 512 0 24418228487052
1480908 512 0 24418228765692
1481420 512 0 24418229044333
1481932 512 0 24418229322973
1482444 512 0 24418229601614
1482956 512 0 24418229880254
1483468 512 0 24418230158895
1483980 512 0 24418230437535
1484492 512 0 24418230716176
1485004 512 0 24418230994816
1485516 512 0 24418231273457
1486028 512 0 24418231552097
1486540 512 0 24418231830738
1487052 512 0 24418232109378
1487564 512 0 24418232388019
1488076 512 0 24418232666659
1488588 512 0 24418232945300
1489100 512 0 24418233223940
1489612 512 0 24418233502581
1490124 512 0 24418233781221
1490636 512 0 24418234059862
1491148 512 0 24418234338502
1491660 512 0 24418234617142
1492172 512 0 24418234895782
1492684 512 0 24418235174423
1493196 512 0 24418235453063
1493708 512 0 24418235731704
1494220 512 0 24418236010344
1494732 512 0 24418236288985
1495244 512 0 24418236567625
1495756 512 0 24418236846266
1496268 512 0 24418237124906
1496780 512 0 24418237403547
1497292 512 0 24418237682187
1497804 512 0 24418237960828
1498316 512 0 24418238239468
1498828 512 0 24418238518108
1499340 512 0 24418238796749
1499852 512 0 24418239075389
1500364 512 0 24418239354029
1500876 512 0 24418239632670
1501388 512 0 24418239911310
1501900 512 0 24418240189951
1502412 512 0 24418240468591
1502924 512 0 24418240747232
1503436 512 0 24418241025872
1503948 512 0 24418241304513
1504460 512 0 24418241583153
1504972 512 0 24418241861794
1505484 512 0 24418242140434
1505996 512 0 24418242419074
1506508 512 0 24418242697715
1507020 512 0 24418242976355
1507532 512 0 24418243254996
1508044 512 0 24418243533637
1508556 512 0 24418243812277
1509068 512 0 24418244090918
1509580 512 0 24418244369558
1510092 512 0 24418244648199
1510604 512 0 24418244926839
1511116 512 0 24418245205480
1511628 512 0 24418245484120
1512140 512 0 24418245762761
1512652 512 0 24418246041401
1513164 512 0 24418246320042
1513676 512 0 24418246598682
1514188 512 0 24418246877323
1514700 512 0 24418247155963
1515212 512 0 24418247434603
1515724 512 0 24418247713244
1516236 512 0 24418247991885
1516748 512 0 24418248270525
1517260 512 0 24418248549166
1517772 512 0 24418248827806
1518284 512 0 24418249106447
1518796 512 0 24418249385087
1519308 512 0 24418249663728
1519820 512 0 24418249942368
1520332 512 0 24418250221009
1520844 512 0 24418250499649
1521356 512 0 24418250778290
1521868 512 0 24418251056930
1522380 512 0 24418251335571
1522892 512 0 24418251614211
1523404 512 0 24418251892852
1523916 512 0 24418252171492
1524428 512 0 24418252450132
1524940 512 0 24418252728772
1525452 512 0 24418253007413
1525964 512 0 24418253286053
1526476 512 0 24418253564694
1526988 512 0 24418253843334
1527500 512 0 24418254121975
1528012 512 0 24418254400615
1528524 512 0 24418254679256
1529036 512 0 24418254957896
1529548 512 0 24418255236537
1530060 512 0 24418255515177
1530572 512 0 24418255793818
1531084 512 0 24418256072458
1531596 512 0 24418256351098
1532108 512 0 24418256629739
1532620 512 0 24418256908380
1533132 512 0 24418257187020
1533644 512 0 24418257465661
1534156 512 0 24418257744301
1534668 512 0 24418258022942
1535180 512 0 24418258301582
1535692 512 0 24418258580223
1536204 512 0 24418258858863
1536716 512 0 24418259137504
1537228 512 0 24418259416144
1537740 512 0 24418259694785
1538252 512 0 24418259973425
1538764 512 0 24418260252066
1539276 512 0 24418260530706
1539788 512 0 24418260809347
1540300 512 0 24418261087987
1540812 512 0 24418261366627
1541324 512 0 24418261645267
1541836 512 0 24418261923908
1542348 512 0 24418262202548
1542860 512 0 24418262481189
1543372 512 0 24418262759829
1543884 512 0 24418263038470
1544396 512 0 24418263317110
1544908 512 0 24418263595751
1545420 512 0 24418263874391
1545932 512 0 24418264153032
1546444 512 0 24418264431672
1546956 512 0 24418264710313
1547468 512 0 24418264988953
1547980 512 0 24418265267593
1548492 512 0 24418265546234
1549004 512 0 24418265824875
1549516 512 0 24418266103515
1550028 512 0 24418266382156
1550540 512 0 24418266660796
1551052 512 0 24418266939437
1551564 512 0 24418267218077
1552076 512 0 24418267496718
1552588 512 0 24418267775358
1553100 512 0 24418268053999
1553612 512 0 24418268332639
1554124 512 0 24418268611280
1554636 512 0 24418268889920
1555148 512 0 24418269168561
1555660 512 0 24418269447201
1556172 512 0 24418269725841
1556684 512 0 24418270004482
1557196 512 0 24418270283123
1557708 512 0 24418270561763
1558220 512 0 24418270840404
1558732 512 0 24418271119044
1559244 512 0 24418271397685
1559756 512 0 24418271676325
1560268 512 0 24418271954966
1560780 512 0 24418272233606
1561292 512 0 24418272512247
1561804 512 0 24418272790887
1562316 512 0 24418273069528
1562828 512 0 24418273348168
1563340 512 0 24418273626809
1563852 512 0 24418273905449
1564364 512 0 24418274184090
1564876 512 0 24418274462730
1565388 512 0 24418274741371
1565900 512 0 24418275020011
1566412 512 0 24418275298652
1566924 512 0 24418275577292
1567436 512 0 24418275855933
1567948 512 0 24418276134573
1568460 512 0 24418276413214
1568972 512 0 24418276691854
1569484 512 0 24418276970495
1569996 512 0 24418277249135
1570508 512 0 24418277527776
1571020 512 0 24418277806416
1571532 512 0 24418278085057
1572044 512 0 24418278363697
1572556 512 0 24418278642338
1573068 512 0 24418278920978
1573580 512 0 24418279199619
1574092 512 0 24418279478259
1574604 512 0 24418279756900
1575116 512 0 24418280035540
1575628 512 0 24418280314181
1576140 512 0 24418280592821
1576652 512 0 24418280871462
1577164 512 0 24418281150102
1577676 512 0 24418281428743
1578188 512 0 24418281707383
1578700 512 0 24418281986024
1579212 512 0 24418282264664
1579724 512 0 24418282543305
1580236 512 0 24418282821945
1580748 512 0 24418283100586
1581260 512 0 24418283379226
1581772 512 0 24418283657866
1582284 512 0 24418283936506
1582796 512 0 24418284215147
1583308 512 0 24418284493787
1583820 512 0 24418284772428
1584332 512 0 24418285051068
1584844 512 0 24418285329709
1585356 512 0 24418285608349
1585868 512 0 24418285886990
1586380 512 0 24418286165630
1586892 512 0 24418286444271
1587404 512 0 24418286722911
1587916 512 0 24418287001552
1588428 512 0 24418287280192
1588940 512 0 24418287558833
1589452 512 0 24418287837473
1589964 512 0 24418288116114
1590476 512 0 24418288394754
1590988 512 0 24418288673395
1591500 512 0 24418288952035
1592012 512 0 24418289230676
1592524 512 0 24418289509316
1593036 512 0 24418289787957
1593548 512 0 24418290066597
1594060 512 0 24418290345238
1594572 512 0 24418290623878
1595084 512 0 24418290902519
1595596 512 0 24418291181159
1596108 512 0 24418291459800
1596620 512 0 24418291738440
1597132 512 0 24418292017081
1597644 512 0 24418292295721
1598156 512 0 24418292574362
1598668 512 0 24418292853002
1599180 512 0 24418293131643
1599692 512 0 24418293410283
1600204 512 0 24418293688924
1600716 512 0 24418293967564
1601228 512 0 24418294246205
1601740 512 0 24418294524845
1602252 512 0 24418294803486
1602764 512 0 24418295082126
1603276 512 0 24418295360767
1603788 512 0 24418295639407
1604300 512 0 24418295918048
1604812 512 0 24418296196688
1605324 512 0 24418296475329
1605836 512 0 24418296753969
1606348 512 0 24418297032609
1606860 512 0 24418297311249
1607372 512 0 24418297589890
1607884 512 0 24418297868530
1608396 512 0 24418298147171
1608908 512 0 24418298425811
1609420 512 0 24418298704452
1609932 512 0 24418298983092
1610444 512 0 24418299261733
1610956 512 0 24418299540373
1611468 512 0 24418299819014
1611980 512 0 24418300097654
1612492 512 0 24418300376295
1613004 512 0 24418300654935
1613516 512 0 24418300933576
1614028 512 0 24418301212216
1614540 512 0 24418301490857
1615052 512 0 24418301769497
1615564 512 0 24418302048138
1616076 512 0 24418302326778
1616588 512 0 24418302605419
1617100 512 0 24418302884059
1617612 512 0 24418303162700
1618124 512 0 24418303441340
1618636 512 0 24418303719981
1619148 512 0 24418303998621
1619660 512 0 24418304277262
1620172 512 0 24418304555902
1620684 512 0 24418304834543
1621196 512 0 24418305113183
1621708 512 0 24418305391824
1622220 512 0 24418305670464
1622732 512 0 24418305949105
1623244 512 0 24418306227745
1623756 512 0 24418306506386
1624268 512 0 24418306785026
1624780 512 0 24418307063667
1625292 512 0 24418307342307
1625804 512 0 24418307620948
1626316 512 0 24418307899588
1626828 512 0 24418308178229
1627340 512 0 24418308456869
1627852 512 0 24418308735510
1628364 512 0 24418309014150
1628876 512 0 24418309292791
1629388 512 0 24418309571431
1629900 512 0 24418309850072
1630412 512 0 24418310128712
1630924 512 0 24418310407352
1631436 512 0 24418310685992
1631948 512 0 24418310964633
1632460 512 0 24418311243273
1632972 512 0 24418311521914
1633484 512 0 24418311800554
1633996 512 0 24418312079195
1634508 512 0 24418312357835
1635020 512 0 24418312636476
1635532 512 0 24418312915116
1636044 512 0 24418313193757
1636556 512 0 24418313472397
1637068 512 0 24418313751038
1637580 512 0 24418314029678
1638092 512 0 24418314308319
1638604 512 0 24418314586959
1639116 512 0 24418314865600
1639628 512 0 24418315144240
1640140 512 0 24418315422881
1640652 512 0 24418315701521
1641164 512 0 24418315980162
1641676 512 0 24418316258802
1642188 512 0 24418316537443
1642700 512 0 24418316816083
1643212 512 0 24418317094724
1643724 512 0 24418317373364
1644236 512 0 24418317652005
1644748 512 0 24418317930645
1645260 512 0 24418318209286
1645772 512 0 24418318487926
1646284 512 0 24418318766567
1646796 512 0 24418319045207
1647308 512 0 24418319323847
1647820 512 0 24418319602487
1648332 512 0 24418319881128
1648844 512 0 24418320159768
1649356 512 0 24418320438409
1649868 512 0 24418320717049
1650380 512 0 24418320995690
1650892 512 0 24418321274330
1651404 512 0 24418321552971
1651916 512 0 24418321831611
1652428 512 0 24418322110252
1652940 512 0 24418322388892
1653452 512 0 24418322667533
1653964 512 0 24418322946173
1654476 512 0 24418323224814
1654988 512 0 24418323503454
1655500 512 0 24418323782095
1656012 512 0 24418324060735
1656524 512 0 24418324339376
1657036 512 0 24418324618016
1657548 512 0 24418324896657
1658060 512 0 24418325175297
1658572 512 0 24418325453938
1659084 512 0 24418325732578
1659596 512 0 24418326011219
1660108 512 0 24418326289859
1660620 512 0 24418326568500
1661132 512 0 24418326847140
1661644 512 0 24418327125781
1662156 512 0 24418327404421
1662668 512 0 24418327683062
1663180 512 0 24418327961702
1663692 512 0 24418328240342
1664204 512 0 24418328518982
1664716 512 0 24418328797623
1665228 512 0 24418329076263
1665740 512 0 24418329354904
1666252 512 0 24418329633544
1666764 512 0 24418329912185
1667276 512 0 24418330190825
1667788 512 0 24418330469466
1668300 512 0 24418330748106
1668812 512 0 24418331026747
1669324 512 0 24418331305387
1669836 512 0 24418331584028
1670348 512 0 24418331862668
1670860 512 0 24418332141309
1671372 512 0 24418332419949
1671884 512 0 24418332698590
1672396 512 0 24418332977230
