140 512 0 24417421472407
652 512 0 24417421751047
1164 512 0 24417422029686
1676 512 0 24417422308326
2188 512 0 24417422586965
2700 512 0 24417422865605
3212 512 0 24417423144244
3724 512 0 24417423422884
4236 512 0 24417423701523
4748 512 0 24417423980163
5260 512 0 24417424258802
5772 512 0 24417424537442
6284 512 0 24417424816081
6796 512 0 24417425094721
7308 512 0 24417425373360
7820 512 0 24417425652000
8332 512 0 24417425930639
8844 512 0 24417426209278
9356 512 0 24417426487918
9868 512 0 24417426766557
10380 512 0 24417427045197
10892 512 0 24417427323836
11404 512 0 24417427602476
11916 512 0 24417427881115
12428 512 0 24417428159755
12940 512 0 24417428438394
13452 512 0 24417428717034
13964 512 0 24417428995673
14476 512 0 24417429274313
14988 512 0 24417429552952
15500 512 0 24417429831592
16012 512 0 24417430110231
16524 512 0 24417430388870
17036 512 0 24417430667510
17548 512 0 24417430946149
18060 512 0 24417431224789
18572 512 0 24417431503428
19084 512 0 24417431782068
19596 512 0 24417432060707
20108 512 0 24417432339347
20620 512 0 24417432617986
21132 512 0 24417432896626
21644 512 0 24417433175265
22156 512 0 24417433453905
22668 512 0 24417433732544
23180 512 0 24417434011184
23692 512 0 24417434289823
24204 512 0 24417434568463
24716 512 0 24417434847102
25228 512 0 24417435125741
25740 512 0 24417435404381
26252 512 0 24417435683020
26764 512 0 24417435961660
27276 512 0 24417436240299
27788 512 0 24417436518939
28300 512 0 24417436797578
28812 512 0 24417437076218
29324 512 0 24417437354857
29836 512 0 24417437633497
30348 512 0 24417437912136
30860 512 0 24417438190776
31372 512 0 24417438469415
31884 512 0 24417438748055
32396 512 0 24417439026692
32908 512 0 24417439305332
33420 512 0 24417439583971
33932 512 0 24417439862611
34444 512 0 24417440141250
34956 512 0 24417440419890
35468 512 0 24417440698529
35980 512 0 24417440977168
36492 512 0 24417441255808
37004 512 0 24417441534447
37516 512 0 24417441813087
38028 512 0 24417442091726
38540 512 0 24417442370366
39052 512 0 24417442649005
39564 512 0 24417442927645
40076 512 0 24417443206284
40588 512 0 24417443484923
41100 512 0 24417443763563
41612 512 0 24417444042202
42124 512 0 24417444320842
42636 512 0 24417444599481
43148 512 0 24417444878121
43660 512 0 24417445156760
44172 512 0 24417445435400
44684 512 0 24417445714039
45196 512 0 24417445992678
45708 512 0 24417446271318
46220 512 0 24417446549957
46732 512 0 24417446828597
47244 512 0 24417447107236
47756 512 0 24417447385876
48268 512 0 24417447664515
48780 512 0 24417447943156
49292 512 0 24417448221795
49804 512 0 24417448500435
50316 512 0 24417448779074
50828 512 0 24417449057714
51340 512 0 24417449336353
51852 512 0 24417449614993
52364 512 0 24417449893632
52876 512 0 24417450172272
53388 512 0 24417450450911
53900 512 0 24417450729550
54412 512 0 24417451008190
54924 512 0 24417451286829
55436 512 0 24417451565469
55948 512 0 24417451844108
56460 512 0 24417452122748
56972 512 0 24417452401387
57484 512 0 24417452680027
57996 512 0 24417452958666
58508 512 0 24417453237306
59020 512 0 24417453515945
59532 512 0 24417453794585
60044 512 0 24417454073224
60556 512 0 24417454351863
61068 512 0 24417454630503
61580 512 0 24417454909142
62092 512 0 24417455187782
62604 512 0 24417455466421
63116 512 0 24417455745061
63628 512 0 24417456023700
64140 512 0 24417456302340
64652 512 0 24417456580979
65164 512 0 24417456859617
65676 512 0 24417457138257
66188 512 0 24417457416896
66700 512 0 24417457695536
67212 512 0 24417457974175
67724 512 0 24417458252815
68236 512 0 24417458531454
68748 512 0 24417458810094
69260 512 0 24417459088733
69772 512 0 24417459367372
70284 512 0 24417459646012
70796 512 0 24417459924651
71308 512 0 24417460203291
71820 512 0 24417460481930
72332 512 0 24417460760570
72844 512 0 24417461039209
73356 512 0 24417461317849
73868 512 0 24417461596488
74380 512 0 24417461875128
74892 512 0 24417462153767
75404 512 0 24417462432406
75916 512 0 24417462711046
76428 512 0 24417462989685
76940 512 0 24417463268325
77452 512 0 24417463546964
77964 512 0 24417463825604
78476 512 0 24417464104243
78988 512 0 24417464382883
79500 512 0 24417464661522
80012 512 0 24417464940161
80524 512 0 24417465218801
81036 512 0 24417465497440
81548 512 0 24417465776082
82060 512 0 24417466054722
82572 512 0 24417466333361
83084 512 0 24417466612001
83596 512 0 24417466890640
84108 512 0 24417467169280
84620 512 0 24417467447919
85132 512 0 24417467726559
85644 512 0 24417468005198
86156 512 0 24417468283837
86668 512 0 24417468562477
87180 512 0 24417468841116
87692 512 0 24417469119756
88204 512 0 24417469398395
88716 512 0 24417469677035
89228 512 0 24417469955674
89740 512 0 24417470234314
90252 512 0 24417470512953
90764 512 0 24417470791593
91276 512 0 24417471070232
91788 512 0 24417471348872
92300 512 0 24417471627511
92812 512 0 24417471906151
93324 512 0 24417472184790
93836 512 0 24417472463430
94348 512 0 24417472742069
94860 512 0 24417473020709
95372 512 0 24417473299348
95884 512 0 24417473577988
96396 512 0 24417473856627
96908 512 0 24417474135266
97420 512 0 24417474413906
97932 512 0 24417474692585
98444 512 0 24417474971225
98956 512 0 24417475249865
99468 512 0 24417475528505
99980 512 0 24417475807145
100492 512 0 24417476085785
101004 512 0 24417476364425
101516 512 0 24417476643065
102028 512 0 24417476921704
102540 512 0 24417477200344
103052 512 0 24417477478984
103564 512 0 24417477757624
104076 512 0 24417478036264
104588 512 0 24417478314904
105100 512 0 24417478593544
105612 512 0 24417478872184
106124 512 0 24417479150824
106636 512 0 24417479429463
107148 512 0 24417479708103
107660 512 0 24417479986743
108172 512 0 24417480265383
108684 512 0 24417480544023
109196 512 0 24417480822663
109708 512 0 24417481101303
110220 512 0 24417481379943
110732 512 0 24417481658583
111244 512 0 24417481937223
111756 512 0 24417482215862
112268 512 0 24417482494502
112780 512 0 24417482773142
113292 512 0 24417483051782
113804 512 0 24417483330422
114316 512 0 24417483609083
114828 512 0 24417483887723
115340 512 0 24417484166364
115852 512 0 24417484445004
116364 512 0 24417484723644
116876 512 0 24417485002284
117388 512 0 24417485280924
117900 512 0 24417485559564
118412 512 0 24417485838204
118924 512 0 24417486116844
119436 512 0 24417486395485
119948 512 0 24417486674125
120460 512 0 24417486952765
120972 512 0 24417487231405
121484 512 0 24417487510045
121996 512 0 24417487788685
122508 512 0 24417488067325
123020 512 0 24417488345965
123532 512 0 24417488624605
124044 512 0 24417488903246
124556 512 0 24417489181886
125068 512 0 24417489460526
125580 512 0 24417489739166
126092 512 0 24417490017806
126604 512 0 24417490296446
127116 512 0 24417490575086
127628 512 0 24417490853726
128140 512 0 24417491132367
128652 512 0 24417491411007
129164 512 0 24417491689647
129676 512 0 24417491968287
130188 512 0 24417492246927
130700 512 0 24417492525577
131212 512 0 24417492804218
131724 512 0 24417493082858
132236 512 0 24417493361498
132748 512 0 24417493640138
133260 512 0 24417493918778
133772 512 0 24417494197418
134284 512 0 24417494476059
134796 512 0 24417494754699
135308 512 0 24417495033339
135820 512 0 24417495311979
136332 512 0 24417495590619
136844 512 0 24417495869260
137356 512 0 24417496147900
137868 512 0 24417496426540
138380 512 0 24417496705180
138892 512 0 24417496983820
139404 512 0 24417497262460
139916 512 0 24417497541101
140428 512 0 24417497819741
140940 512 0 24417498098381
141452 512 0 24417498377021
141964 512 0 24417498655661
142476 512 0 24417498934302
142988 512 0 24417499212942
143500 512 0 24417499491582
144012 512 0 24417499770222
144524 512 0 24417500048862
145036 512 0 24417500327502
145548 512 0 24417500606143
146060 512 0 24417500884783
146572 512 0 24417501163423
147084 512 0 24417501442072
147596 512 0 24417501720712
148108 512 0 24417501999353
148620 512 0 24417502277993
149132 512 0 24417502556633
149644 512 0 24417502835273
150156 512 0 24417503113914
150668 512 0 24417503392554
151180 512 0 24417503671194
151692 512 0 24417503949834
152204 512 0 24417504228474
152716 512 0 24417504507115
153228 512 0 24417504785755
153740 512 0 24417505064395
154252 512 0 24417505343035
154764 512 0 24417505621676
155276 512 0 24417505900316
155788 512 0 24417506178956
156300 512 0 24417506457596
156812 512 0 24417506736237
157324 512 0 24417507014877
157836 512 0 24417507293517
158348 512 0 24417507572157
158860 512 0 24417507850798
159372 512 0 24417508129438
159884 512 0 24417508408078
160396 512 0 24417508686718
160908 512 0 24417508965359
161420 512 0 24417509243999
161932 512 0 24417509522639
162444 512 0 24417509801279
162956 512 0 24417510079919
163468 512 0 24417510358566
163980 512 0 24417510637207
164492 512 0 24417510915847
165004 512 0 24417511194487
165516 512 0 24417511473128
166028 512 0 24417511751768
166540 512 0 24417512030408
167052 512 0 24417512309048
167564 512 0 24417512587689
168076 512 0 24417512866329
168588 512 0 24417513144969
169100 512 0 24417513423609
169612 512 0 24417513702250
170124 512 0 24417513980890
170636 512 0 24417514259530
171148 512 0 24417514538171
171660 512 0 24417514816811
172172 512 0 24417515095451
172684 512 0 24417515374091
173196 512 0 24417515652732
173708 512 0 24417515931372
174220 512 0 24417516210012
174732 512 0 24417516488653
175244 512 0 24417516767293
175756 512 0 24417517045933
176268 512 0 24417517324573
176780 512 0 24417517603214
177292 512 0 24417517881854
177804 512 0 24417518160494
178316 512 0 24417518439135
178828 512 0 24417518717775
179340 512 0 24417518996415
179852 512 0 24417519275062
180364 512 0 24417519553702
180876 512 0 24417519832342
181388 512 0 24417520110983
181900 512 0 24417520389623
182412 512 0 24417520668263
182924 512 0 24417520946904
183436 512 0 24417521225544
183948 512 0 24417521504184
184460 512 0 24417521782825
184972 512 0 24417522061465
185484 512 0 24417522340105
185996 512 0 24417522618745
186508 512 0 24417522897386
187020 512 0 24417523176026
187532 512 0 24417523454666
188044 512 0 24417523733307
188556 512 0 24417524011947
189068 512 0 24417524290587
189580 512 0 24417524569228
190092 512 0 24417524847868
190604 512 0 24417525126508
191116 512 0 24417525405149
191628 512 0 24417525683789
192140 512 0 24417525962429
192652 512 0 24417526241070
193164 512 0 24417526519710
193676 512 0 24417526798350
194188 512 0 24417527076991
194700 512 0 24417527355631
195212 512 0 24417527634271
195724 512 0 24417527912912
196236 512 0 24417528191557
196748 512 0 24417528470197
197260 512 0 24417528748837
197772 512 0 24417529027478
198284 512 0 24417529306118
198796 512 0 24417529584758
199308 512 0 24417529863399
199820 512 0 24417530142039
200332 512 0 24417530420679
200844 512 0 24417530699320
201356 512 0 24417530977960
201868 512 0 24417531256600
202380 512 0 24417531535241
202892 512 0 24417531813881
203404 512 0 24417532092521
203916 512 0 24417532371162
204428 512 0 24417532649802
204940 512 0 24417532928442
205452 512 0 24417533207083
205964 512 0 24417533485723
206476 512 0 24417533764364
206988 512 0 24417534043004
207500 512 0 24417534321644
208012 512 0 24417534600285
208524 512 0 24417534878925
209036 512 0 24417535157565
209548 512 0 24417535436206
210060 512 0 24417535714846
210572 512 0 24417535993486
211084 512 0 24417536272127
211596 512 0 24417536550767
212108 512 0 24417536829407
212620 512 0 24417537108052
213132 512 0 24417537386693
213644 512 0 24417537665333
214156 512 0 24417537943974
214668 512 0 24417538222614
215180 512 0 24417538501254
215692 512 0 24417538779895
216204 512 0 24417539058535
216716 512 0 24417539337176
217228 512 0 24417539615816
217740 512 0 24417539894456
218252 512 0 24417540173097
218764 512 0 24417540451737
219276 512 0 24417540730377
219788 512 0 24417541009018
220300 512 0 24417541287658
220812 512 0 24417541566299
221324 512 0 24417541844939
221836 512 0 24417542123579
222348 512 0 24417542402220
222860 512 0 24417542680860
223372 512 0 24417542959500
223884 512 0 24417543238141
224396 512 0 24417543516781
224908 512 0 24417543795422
225420 512 0 24417544074062
225932 512 0 24417544352702
226444 512 0 24417544631343
226956 512 0 24417544909983
227468 512 0 24417545188623
227980 512 0 24417545467264
228492 512 0 24417545745904
229004 512 0 24417546024547
229516 512 0 24417546303187
230028 512 0 24417546581828
230540 512 0 24417546860468
231052 512 0 24417547139109
231564 512 0 24417547417749
232076 512 0 24417547696389
232588 512 0 24417547975030
233100 512 0 24417548253670
233612 512 0 24417548532310
234124 512 0 24417548810951
234636 512 0 24417549089591
235148 512 0 24417549368232
235660 512 0 24417549646872
236172 512 0 24417549925512
236684 512 0 24417550204153
237196 512 0 24417550482793
237708 512 0 24417550761434
238220 512 0 24417551040074
238732 512 0 24417551318714
239244 512 0 24417551597355
239756 512 0 24417551875995
240268 512 0 24417552154636
240780 512 0 24417552433276
241292 512 0 24417552711916
241804 512 0 24417552990557
242316 512 0 24417553269197
242828 512 0 24417553547838
243340 512 0 24417553826478
243852 512 0 24417554105118
244364 512 0 24417554383759
244876 512 0 24417554662399
245388 512 0 24417554941041
245900 512 0 24417555219682
246412 512 0 24417555498322
246924 512 0 24417555776962
247436 512 0 24417556055603
247948 512 0 24417556334243
248460 512 0 24417556612884
248972 512 0 24417556891524
249484 512 0 24417557170165
249996 512 0 24417557448805
250508 512 0 24417557727445
251020 512 0 24417558006086
251532 512 0 24417558284726
252044 512 0 24417558563367
252556 512 0 24417558842007
253068 512 0 24417559120647
253580 512 0 24417559399288
254092 512 0 24417559677928
254604 512 0 24417559956569
255116 512 0 24417560235209
255628 512 0 24417560513849
256140 512 0 24417560792490
256652 512 0 24417561071130
257164 512 0 24417561349771
257676 512 0 24417561628411
258188 512 0 24417561907051
258700 512 0 24417562185692
259212 512 0 24417562464332
259724 512 0 24417562742973
260236 512 0 24417563021613
260748 512 0 24417563300253
261260 512 0 24417563578894
261772 512 0 24417563857535
262284 512 0 24417564136176
262796 512 0 24417564414816
263308 512 0 24417564693457
263820 512 0 24417564972097
264332 512 0 24417565250737
264844 512 0 24417565529378
265356 512 0 24417565808018
265868 512 0 24417566086659
266380 512 0 24417566365299
266892 512 0 24417566643939
267404 512 0 24417566922580
267916 512 0 24417567201220
268428 512 0 24417567479861
268940 512 0 24417567758501
269452 512 0 24417568037142
269964 512 0 24417568315782
270476 512 0 24417568594422
270988 512 0 24417568873063
271500 512 0 24417569151703
272012 512 0 24417569430344
272524 512 0 24417569708984
273036 512 0 24417569987624
273548 512 0 24417570266265
274060 512 0 24417570544905
274572 512 0 24417570823546
275084 512 0 24417571102186
275596 512 0 24417571380826
276108 512 0 24417571659467
276620 512 0 24417571938107
277132 512 0 24417572216748
277644 512 0 24417572495388
278156 512 0 24417572774031
278668 512 0 24417573052671
279180 512 0 24417573331311
279692 512 0 24417573609952
280204 512 0 24417573888592
280716 512 0 24417574167233
281228 512 0 24417574445873
281740 512 0 24417574724513
282252 512 0 24417575003154
282764 512 0 24417575281794
283276 512 0 24417575560435
283788 512 0 24417575839075
284300 512 0 24417576117716
284812 512 0 24417576396356
285324 512 0 24417576674996
285836 512 0 24417576953637
286348 512 0 24417577232277
286860 512 0 24417577510918
287372 512 0 24417577789558
287884 512 0 24417578068198
288396 512 0 24417578346839
288908 512 0 24417578625479
289420 512 0 24417578904120
289932 512 0 24417579182760
290444 512 0 24417579461401
290956 512 0 24417579740041
291468 512 0 24417580018681
291980 512 0 24417580297322
292492 512 0 24417580575962
293004 512 0 24417580854603
293516 512 0 24417581133243
294028 512 0 24417581411883
294540 512 0 24417581690525
295052 512 0 24417581969165
295564 512 0 24417582247805
296076 512 0 24417582526446
296588 512 0 24417582805086
297100 512 0 24417583083727
297612 512 0 24417583362367
298124 512 0 24417583641008
298636 512 0 24417583919648
299148 512 0 24417584198288
299660 512 0 24417584476929
300172 512 0 24417584755569
300684 512 0 24417585034210
301196 512 0 24417585312850
301708 512 0 24417585591490
302220 512 0 24417585870131
302732 512 0 24417586148771
303244 512 0 24417586427412
303756 512 0 24417586706052
304268 512 0 24417586984693
304780 512 0 24417587263333
305292 512 0 24417587541973
305804 512 0 24417587820614
306316 512 0 24417588099254
306828 512 0 24417588377895
307340 512 0 24417588656535
307852 512 0 24417588935175
308364 512 0 24417589213816
308876 512 0 24417589492456
309388 512 0 24417589771097
309900 512 0 24417590049737
310412 512 0 24417590328378
310924 512 0 24417590607019
311436 512 0 24417590885659
311948 512 0 24417591164300
312460 512 0 24417591442940
312972 512 0 24417591721580
313484 512 0 24417592000221
313996 512 0 24417592278861
314508 512 0 24417592557502
315020 512 0 24417592836142
315532 512 0 24417593114782
316044 512 0 24417593393423
316556 512 0 24417593672063
317068 512 0 24417593950704
317580 512 0 24417594229344
318092 512 0 24417594507985
318604 512 0 24417594786625
319116 512 0 24417595065265
319628 512 0 24417595343906
320140 512 0 24417595622546
320652 512 0 24417595901187
321164 512 0 24417596179827
321676 512 0 24417596458468
322188 512 0 24417596737108
322700 512 0 24417597015748
323212 512 0 24417597294389
323724 512 0 24417597573029
324236 512 0 24417597851670
324748 512 0 24417598130310
325260 512 0 24417598408950
325772 512 0 24417598687591
326284 512 0 24417598966231
326796 512 0 24417599244872
327308 512 0 24417599523514
327820 512 0 24417599802154
328332 512 0 24417600080795
328844 512 0 24417600359435
329356 512 0 24417600638076
329868 512 0 24417600916716
330380 512 0 24417601195356
330892 512 0 24417601473997
331404 512 0 24417601752637
331916 512 0 24417602031278
332428 512 0 24417602309918
332940 512 0 24417602588559
333452 512 0 24417602867199
333964 512 0 24417603145839
334476 512 0 24417603424480
334988 512 0 24417603703120
335500 512 0 24417603981761
336012 512 0 24417604260401
336524 512 0 24417604539041
337036 512 0 24417604817682
337548 512 0 24417605096322
338060 512 0 24417605374963
338572 512 0 24417605653603
339084 512 0 24417605932244
339596 512 0 24417606210884
340108 512 0 24417606489524
340620 512 0 24417606768165
341132 512 0 24417607046805
341644 512 0 24417607325446
342156 512 0 24417607604086
342668 512 0 24417607882727
343180 512 0 24417608161367
343692 512 0 24417608440008
344204 512 0 24417608718648
344716 512 0 24417608997289
345228 512 0 24417609275929
345740 512 0 24417609554570
346252 512 0 24417609833210
346764 512 0 24417610111850
347276 512 0 24417610390491
347788 512 0 24417610669131
348300 512 0 24417610947772
348812 512 0 24417611226412
349324 512 0 24417611505053
349836 512 0 24417611783693
350348 512 0 24417612062333
350860 512 0 24417612340974
351372 512 0 24417612619614
351884 512 0 24417612898255
352396 512 0 24417613176895
352908 512 0 24417613455536
353420 512 0 24417613734176
353932 512 0 24417614012816
354444 512 0 24417614291457
354956 512 0 24417614570097
355468 512 0 24417614848738
355980 512 0 24417615127378
356492 512 0 24417615406019
357004 512 0 24417615684659
357516 512 0 24417615963299
358028 512 0 24417616241940
358540 512 0 24417616520580
359052 512 0 24417616799221
359564 512 0 24417617077861
360076 512 0 24417617356502
360588 512 0 24417617635142
361100 512 0 24417617913783
361612 512 0 24417618192423
362124 512 0 24417618471064
362636 512 0 24417618749704
363148 512 0 24417619028345
363660 512 0 24417619306985
364172 512 0 24417619585625
364684 512 0 24417619864266
365196 512 0 24417620142906
365708 512 0 24417620421547
366220 512 0 24417620700187
366732 512 0 24417620978827
367244 512 0 24417621257468
367756 512 0 24417621536108
368268 512 0 24417621814749
368780 512 0 24417622093389
369292 512 0 24417622372030
369804 512 0 24417622650670
370316 512 0 24417622929310
370828 512 0 24417623207951
371340 512 0 24417623486591
371852 512 0 24417623765232
372364 512 0 24417624043872
372876 512 0 24417624322513
373388 512 0 24417624601153
373900 512 0 24417624879793
374412 512 0 24417625158434
374924 512 0 24417625437074
375436 512 0 24417625715715
375948 512 0 24417625994355
376460 512 0 24417626272997
376972 512 0 24417626551638
377484 512 0 24417626830278
377996 512 0 24417627108918
378508 512 0 24417627387559
379020 512 0 24417627666199
379532 512 0 24417627944840
380044 512 0 24417628223480
380556 512 0 24417628502121
381068 512 0 24417628780761
381580 512 0 24417629059401
382092 512 0 24417629338042
382604 512 0 24417629616682
383116 512 0 24417629895323
383628 512 0 24417630173963
384140 512 0 24417630452604
384652 512 0 24417630731244
385164 512 0 24417631009884
385676 512 0 24417631288525
386188 512 0 24417631567165
386700 512 0 24417631845806
387212 512 0 24417632124446
387724 512 0 24417632403087
388236 512 0 24417632681727
388748 512 0 24417632960367
389260 512 0 24417633239008
389772 512 0 24417633517648
390284 512 0 24417633796289
390796 512 0 24417634074929
391308 512 0 24417634353570
391820 512 0 24417634632210
392332 512 0 24417634910850
392844 512 0 24417635189491
393356 512 0 24417635468132
393868 512 0 24417635746772
394380 512 0 24417636025412
394892 512 0 24417636304053
395404 512 0 24417636582693
395916 512 0 24417636861334
396428 512 0 24417637139974
396940 512 0 24417637418615
397452 512 0 24417637697255
397964 512 0 24417637975895
398476 512 0 24417638254536
398988 512 0 24417638533176
399500 512 0 24417638811817
400012 512 0 24417639090457
400524 512 0 24417639369098
401036 512 0 24417639647738
401548 512 0 24417639926378
402060 512 0 24417640205019
402572 512 0 24417640483659
403084 512 0 24417640762300
403596 512 0 24417641040940
404108 512 0 24417641319581
404620 512 0 24417641598221
405132 512 0 24417641876861
405644 512 0 24417642155502
406156 512 0 24417642434142
406668 512 0 24417642712783
407180 512 0 24417642991423
407692 512 0 24417643270064
408204 512 0 24417643548704
408716 512 0 24417643827344
409228 512 0 24417644105986
409740 512 0 24417644384627
410252 512 0 24417644663267
410764 512 0 24417644941908
411276 512 0 24417645220548
411788 512 0 24417645499188
412300 512 0 24417645777829
412812 512 0 24417646056469
413324 512 0 24417646335110
413836 512 0 24417646613750
414348 512 0 24417646892391
414860 512 0 24417647171031
415372 512 0 24417647449671
415884 512 0 24417647728312
416396 512 0 24417648006952
416908 512 0 24417648285593
417420 512 0 24417648564233
417932 512 0 24417648842874
418444 512 0 24417649121514
418956 512 0 24417649400154
419468 512 0 24417649678795
419980 512 0 24417649957435
420492 512 0 24417650236076
421004 512 0 24417650514716
421516 512 0 24417650793357
422028 512 0 24417651071997
422540 512 0 24417651350638
423052 512 0 24417651629278
423564 512 0 24417651907918
424076 512 0 24417652186559
424588 512 0 24417652465199
425100 512 0 24417652743840
425612 512 0 24417653022480
426124 512 0 24417653301121
426636 512 0 24417653579761
427148 512 0 24417653858402
427660 512 0 24417654137042
428172 512 0 24417654415682
428684 512 0 24417654694323
429196 512 0 24417654972963
429708 512 0 24417655251604
430220 512 0 24417655530244
430732 512 0 24417655808885
431244 512 0 24417656087525
431756 512 0 24417656366165
432268 512 0 24417656644806
432780 512 0 24417656923446
433292 512 0 24417657202087
433804 512 0 24417657480727
434316 512 0 24417657759368
434828 512 0 24417658038008
435340 512 0 24417658316649
435852 512 0 24417658595289
436364 512 0 24417658873929
436876 512 0 24417659152570
437388 512 0 24417659431210
437900 512 0 24417659709851
438412 512 0 24417659988491
438924 512 0 24417660267132
439436 512 0 24417660545772
439948 512 0 24417660824412
440460 512 0 24417661103053
440972 512 0 24417661381693
441484 512 0 24417661660334
441996 512 0 24417661938975
442508 512 0 24417662217616
443020 512 0 24417662496256
443532 512 0 24417662774897
444044 512 0 24417663053537
444556 512 0 24417663332178
445068 512 0 24417663610818
445580 512 0 24417663889458
446092 512 0 24417664168099
446604 512 0 24417664446739
447116 512 0 24417664725380
447628 512 0 24417665004020
448140 512 0 24417665282661
448652 512 0 24417665561301
449164 512 0 24417665839941
449676 512 0 24417666118582
450188 512 0 24417666397222
450700 512 0 24417666675863
451212 512 0 24417666954503
451724 512 0 24417667233144
452236 512 0 24417667511784
452748 512 0 24417667790425
453260 512 0 24417668069065
453772 512 0 24417668347705
454284 512 0 24417668626346
454796 512 0 24417668904986
455308 512 0 24417669183627
455820 512 0 24417669462267
456332 512 0 24417669740908
456844 512 0 24417670019548
457356 512 0 24417670298188
457868 512 0 24417670576829
458380 512 0 24417670855469
458892 512 0 24417671134110
459404 512 0 24417671412750
459916 512 0 24417671691391
460428 512 0 24417671970031
460940 512 0 24417672248672
461452 512 0 24417672527312
461964 512 0 24417672805952
462476 512 0 24417673084593
462988 512 0 24417673363233
463500 512 0 24417673641874
464012 512 0 24417673920514
464524 512 0 24417674199155
465036 512 0 24417674477795
465548 512 0 24417674756435
466060 512 0 24417675035076
466572 512 0 24417675313716
467084 512 0 24417675592357
467596 512 0 24417675870997
468108 512 0 24417676149638
468620 512 0 24417676428278
469132 512 0 24417676706919
469644 512 0 24417676985559
470156 512 0 24417677264199
470668 512 0 24417677542840
471180 512 0 24417677821480
471692 512 0 24417678100121
472204 512 0 24417678378761
472716 512 0 24417678657402
473228 512 0 24417678936042
473740 512 0 24417679214682
474252 512 0 24417679493323
474764 512 0 24417679771964
475276 512 0 24417680050605
475788 512 0 24417680329245
476300 512 0 24417680607886
476812 512 0 24417680886526
477324 512 0 24417681165167
477836 512 0 24417681443807
478348 512 0 24417681722448
478860 512 0 24417682001088
479372 512 0 24417682279728
479884 512 0 24417682558369
480396 512 0 24417682837009
480908 512 0 24417683115650
481420 512 0 24417683394290
481932 512 0 24417683672931
482444 512 0 24417683951571
482956 512 0 24417684230211
483468 512 0 24417684508852
483980 512 0 24417684787492
484492 512 0 24417685066133
485004 512 0 24417685344773
485516 512 0 24417685623414
486028 512 0 24417685902054
486540 512 0 24417686180695
487052 512 0 24417686459335
487564 512 0 24417686737975
488076 512 0 24417687016616
488588 512 0 24417687295256
489100 512 0 24417687573897
489612 512 0 24417687852537
490124 512 0 24417688131178
490636 512 0 24417688409818
491148 512 0 24417688688458
491660 512 0 24417688967099
492172 512 0 24417689245739
492684 512 0 24417689524380
493196 512 0 24417689803020
493708 512 0 24417690081661
494220 512 0 24417690360301
494732 512 0 24417690638942
495244 512 0 24417690917582
495756 512 0 24417691196222
496268 512 0 24417691474863
496780 512 0 24417691753503
497292 512 0 24417692032144
497804 512 0 24417692310784
498316 512 0 24417692589425
498828 512 0 24417692868065
499340 512 0 24417693146705
499852 512 0 24417693425346
500364 512 0 24417693703986
500876 512 0 24417693982627
501388 512 0 24417694261267
501900 512 0 24417694539908
502412 512 0 24417694818548
502924 512 0 24417695097189
503436 512 0 24417695375829
503948 512 0 24417695654469
504460 512 0 24417695933110
504972 512 0 24417696211750
505484 512 0 24417696490391
505996 512 0 24417696769031
506508 512 0 24417697047672
507020 512 0 24417697326312
507532 512 0 24417697604954
508044 512 0 24417697883594
508556 512 0 24417698162234
509068 512 0 24417698440875
509580 512 0 24417698719515
510092 512 0 24417698998156
510604 512 0 24417699276796
511116 512 0 24417699555437
511628 512 0 24417699834077
512140 512 0 24417700112717
512652 512 0 24417700391358
513164 512 0 24417700669998
513676 512 0 24417700948639
514188 512 0 24417701227279
514700 512 0 24417701505920
515212 512 0 24417701784560
515724 512 0 24417702063201
516236 512 0 24417702341841
516748 512 0 24417702620481
517260 512 0 24417702899122
517772 512 0 24417703177762
518284 512 0 24417703456403
518796 512 0 24417703735043
519308 512 0 24417704013684
519820 512 0 24417704292324
520332 512 0 24417704570965
520844 512 0 24417704849605
521356 512 0 24417705128245
521868 512 0 24417705406886
522380 512 0 24417705685526
522892 512 0 24417705964167
523404 512 0 24417706242807
523916 512 0 24417706521447
524428 512 0 24417706800088
524940 512 0 24417707078728
525452 512 0 24417707357369
525964 512 0 24417707636009
526476 512 0 24417707914650
526988 512 0 24417708193290
527500 512 0 24417708471931
528012 512 0 24417708750571
528524 512 0 24417709029211
529036 512 0 24417709307852
529548 512 0 24417709586492
530060 512 0 24417709865133
530572 512 0 24417710143773
531084 512 0 24417710422414
531596 512 0 24417710701054
532108 512 0 24417710979695
532620 512 0 24417711258335
533132 512 0 24417711536975
533644 512 0 24417711815616
534156 512 0 24417712094256
534668 512 0 24417712372897
535180 512 0 24417712651537
535692 512 0 24417712930178
536204 512 0 24417713208818
536716 512 0 24417713487459
537228 512 0 24417713766099
537740 512 0 24417714044739
538252 512 0 24417714323380
538764 512 0 24417714602020
539276 512 0 24417714880661
539788 512 0 24417715159301
540300 512 0 24417715437943
540812 512 0 24417715716583
541324 512 0 24417715995223
541836 512 0 24417716273864
542348 512 0 24417716552504
542860 512 0 24417716831145
543372 512 0 24417717109785
543884 512 0 24417717388426
544396 512 0 24417717667066
544908 512 0 24417717945707
545420 512 0 24417718224347
545932 512 0 24417718502987
546444 512 0 24417718781628
546956 512 0 24417719060268
547468 512 0 24417719338909
547980 512 0 24417719617549
548492 512 0 24417719896190
549004 512 0 24417720174830
549516 512 0 24417720453471
550028 512 0 24417720732111
550540 512 0 24417721010751
551052 512 0 24417721289392
551564 512 0 24417721568032
552076 512 0 24417721846673
552588 512 0 24417722125313
553100 512 0 24417722403954
553612 512 0 24417722682594
554124 512 0 24417722961235
554636 512 0 24417723239875
555148 512 0 24417723518515
555660 512 0 24417723797156
556172 512 0 24417724075796
556684 512 0 24417724354437
557196 512 0 24417724633077
557708 512 0 24417724911717
558220 512 0 24417725190358
558732 512 0 24417725468998
559244 512 0 24417725747639
559756 512 0 24417726026279
560268 512 0 24417726304920
560780 512 0 24417726583560
561292 512 0 24417726862201
561804 512 0 24417727140841
562316 512 0 24417727419481
562828 512 0 24417727698122
563340 512 0 24417727976762
563852 512 0 24417728255403
564364 512 0 24417728534043
564876 512 0 24417728812684
565388 512 0 24417729091324
565900 512 0 24417729369965
566412 512 0 24417729648605
566924 512 0 24417729927245
567436 512 0 24417730205886
567948 512 0 24417730484526
568460 512 0 24417730763167
568972 512 0 24417731041807
569484 512 0 24417731320448
569996 512 0 24417731599088
570508 512 0 24417731877729
571020 512 0 24417732156369
571532 512 0 24417732435009
572044 512 0 24417732713650
572556 512 0 24417732992290
573068 512 0 24417733270932
573580 512 0 24417733549572
574092 512 0 24417733828213
574604 512 0 24417734106853
575116 512 0 24417734385493
575628 512 0 24417734664134
576140 512 0 24417734942774
576652 512 0 24417735221415
577164 512 0 24417735500055
577676 512 0 24417735778696
578188 512 0 24417736057336
578700 512 0 24417736335977
579212 512 0 24417736614617
579724 512 0 24417736893257
580236 512 0 24417737171898
580748 512 0 24417737450538
581260 512 0 24417737729179
581772 512 0 24417738007819
582284 512 0 24417738286460
582796 512 0 24417738565100
583308 512 0 24417738843741
583820 512 0 24417739122381
584332 512 0 24417739401021
584844 512 0 24417739679662
585356 512 0 24417739958302
585868 512 0 24417740236943
586380 512 0 24417740515583
586892 512 0 24417740794224
587404 512 0 24417741072864
587916 512 0 24417741351505
588428 512 0 24417741630145
588940 512 0 24417741908785
589452 512 0 24417742187427
589964 512 0 24417742466067
590476 512 0 24417742744708
590988 512 0 24417743023348
591500 512 0 24417743301988
592012 512 0 24417743580629
592524 512 0 24417743859269
593036 512 0 24417744137910
593548 512 0 24417744416550
594060 512 0 24417744695191
594572 512 0 24417744973831
595084 512 0 24417745252472
595596 512 0 24417745531112
596108 512 0 24417745809753
596620 512 0 24417746088393
597132 512 0 24417746367033
597644 512 0 24417746645674
598156 512 0 24417746924314
598668 512 0 24417747202955
599180 512 0 24417747481595
599692 512 0 24417747760236
600204 512 0 24417748038876
600716 512 0 24417748317517
601228 512 0 24417748596157
601740 512 0 24417748874797
602252 512 0 24417749153438
602764 512 0 24417749432078
603276 512 0 24417749710719
603788 512 0 24417749989359
604300 512 0 24417750268000
604812 512 0 24417750546640
605324 512 0 24417750825281
605836 512 0 24417751103921
606348 512 0 24417751382561
606860 512 0 24417751661202
607372 512 0 24417751939842
607884 512 0 24417752218482
608396 512 0 24417752497123
608908 512 0 24417752775763
609420 512 0 24417753054404
609932 512 0 24417753333044
610444 512 0 24417753611685
610956 512 0 24417753890325
611468 512 0 24417754168966
611980 512 0 24417754447606
612492 512 0 24417754726246
613004 512 0 24417755004887
613516 512 0 24417755283527
614028 512 0 24417755562168
614540 512 0 24417755840808
615052 512 0 24417756119449
615564 512 0 24417756398089
616076 512 0 24417756676730
616588 512 0 24417756955370
617100 512 0 24417757234011
617612 512 0 24417757512651
618124 512 0 24417757791291
618636 512 0 24417758069932
619148 512 0 24417758348572
619660 512 0 24417758627213
620172 512 0 24417758905853
620684 512 0 24417759184494
621196 512 0 24417759463134
621708 512 0 24417759741775
622220 512 0 24417760020416
622732 512 0 24417760299056
623244 512 0 24417760577697
623756 512 0 24417760856337
624268 512 0 24417761134978
624780 512 0 24417761413618
625292 512 0 24417761692258
625804 512 0 24417761970899
626316 512 0 24417762249539
626828 512 0 24417762528180
627340 512 0 24417762806820
627852 512 0 24417763085461
628364 512 0 24417763364101
628876 512 0 24417763642742
629388 512 0 24417763921382
629900 512 0 24417764200022
630412 512 0 24417764478663
630924 512 0 24417764757303
631436 512 0 24417765035944
631948 512 0 24417765314584
632460 512 0 24417765593225
632972 512 0 24417765871865
633484 512 0 24417766150506
633996 512 0 24417766429146
634508 512 0 24417766707787
635020 512 0 24417766986427
635532 512 0 24417767265067
636044 512 0 24417767543708
636556 512 0 24417767822348
637068 512 0 24417768100989
637580 512 0 24417768379629
638092 512 0 24417768658270
638604 512 0 24417768936910
639116 512 0 24417769215550
639628 512 0 24417769494191
640140 512 0 24417769772831
640652 512 0 24417770051471
641164 512 0 24417770330112
641676 512 0 24417770608752
642188 512 0 24417770887393
642700 512 0 24417771166033
643212 512 0 24417771444674
643724 512 0 24417771723314
644236 512 0 24417772001955
644748 512 0 24417772280595
645260 512 0 24417772559236
645772 512 0 24417772837876
646284 512 0 24417773116516
646796 512 0 24417773395157
647308 512 0 24417773673797
647820 512 0 24417773952438
648332 512 0 24417774231078
648844 512 0 24417774509719
649356 512 0 24417774788359
649868 512 0 24417775067000
650380 512 0 24417775345640
650892 512 0 24417775624280
651404 512 0 24417775902921
651916 512 0 24417776181561
652428 512 0 24417776460202
652940 512 0 24417776738842
653452 512 0 24417777017483
653964 512 0 24417777296123
654476 512 0 24417777574764
654988 512 0 24417777853405
655500 512 0 24417778132045
656012 512 0 24417778410686
656524 512 0 24417778689326
657036 512 0 24417778967967
657548 512 0 24417779246607
658060 512 0 24417779525247
658572 512 0 24417779803888
659084 512 0 24417780082528
659596 512 0 24417780361169
660108 512 0 24417780639809
660620 512 0 24417780918450
661132 512 0 24417781197090
661644 512 0 24417781475731
662156 512 0 24417781754371
662668 512 0 24417782033011
663180 512 0 24417782311652
663692 512 0 24417782590292
664204 512 0 24417782868933
664716 512 0 24417783147573
665228 512 0 24417783426214
665740 512 0 24417783704854
666252 512 0 24417783983495
666764 512 0 24417784262135
667276 512 0 24417784540776
667788 512 0 24417784819416
668300 512 0 24417785098056
668812 512 0 24417785376697
669324 512 0 24417785655337
669836 512 0 24417785933978
670348 512 0 24417786212618
670860 512 0 24417786491259
671372 512 0 24417786769900
671884 512 0 24417787048540
672396 512 0 24417787327181
672908 512 0 24417787605821
673420 512 0 24417787884462
673932 512 0 24417788163102
674444 512 0 24417788441743
674956 512 0 24417788720383
675468 512 0 24417788999023
675980 512 0 24417789277664
676492 512 0 24417789556304
677004 512 0 24417789834945
677516 512 0 24417790113585
678028 512 0 24417790392226
678540 512 0 24417790670866
679052 512 0 24417790949507
679564 512 0 24417791228147
680076 512 0 24417791506787
680588 512 0 24417791785428
681100 512 0 24417792064068
681612 512 0 24417792342709
682124 512 0 24417792621349
682636 512 0 24417792899990
683148 512 0 24417793178630
683660 512 0 24417793457271
684172 512 0 24417793735911
684684 512 0 24417794014552
685196 512 0 24417794293192
685708 512 0 24417794571832
686220 512 0 24417794850473
686732 512 0 24417795129113
687244 512 0 24417795407754
687756 512 0 24417795686395
688268 512 0 24417795965035
688780 512 0 24417796243676
689292 512 0 24417796522316
689804 512 0 24417796800957
690316 512 0 24417797079597
690828 512 0 24417797358238
691340 512 0 24417797636878
691852 512 0 24417797915518
692364 512 0 24417798194159
692876 512 0 24417798472799
693388 512 0 24417798751440
693900 512 0 24417799030080
694412 512 0 24417799308721
694924 512 0 24417799587361
695436 512 0 24417799866002
695948 512 0 24417800144642
696460 512 0 24417800423283
696972 512 0 24417800701923
697484 512 0 24417800980563
697996 512 0 24417801259204
698508 512 0 24417801537844
699020 512 0 24417801816485
699532 512 0 24417802095125
700044 512 0 24417802373766
700556 512 0 24417802652406
701068 512 0 24417802931047
701580 512 0 24417803209687
702092 512 0 24417803488328
702604 512 0 24417803766968
703116 512 0 24417804045608
703628 512 0 24417804324249
704140 512 0 24417804602890
704652 512 0 24417804881530
705164 512 0 24417805160171
705676 512 0 24417805438811
706188 512 0 24417805717452
706700 512 0 24417805996092
707212 512 0 24417806274733
707724 512 0 24417806553373
708236 512 0 24417806832014
708748 512 0 24417807110654
709260 512 0 24417807389294
709772 512 0 24417807667935
710284 512 0 24417807946575
710796 512 0 24417808225216
711308 512 0 24417808503856
711820 512 0 24417808782497
712332 512 0 24417809061137
712844 512 0 24417809339778
713356 512 0 24417809618418
713868 512 0 24417809897059
714380 512 0 24417810175699
714892 512 0 24417810454339
715404 512 0 24417810732980
715916 512 0 24417811011620
716428 512 0 24417811290261
716940 512 0 24417811568901
717452 512 0 24417811847542
717964 512 0 24417812126182
718476 512 0 24417812404823
718988 512 0 24417812683463
719500 512 0 24417812962104
720012 512 0 24417813240744
720524 512 0 24417813519385
721036 512 0 24417813798025
721548 512 0 24417814076666
722060 512 0 24417814355306
722572 512 0 24417814633947
723084 512 0 24417814912587
723596 512 0 24417815191228
724108 512 0 24417815469868
724620 512 0 24417815748509
725132 512 0 24417816027149
725644 512 0 24417816305789
726156 512 0 24417816584430
726668 512 0 24417816863070
727180 512 0 24417817141711
727692 512 0 24417817420351
728204 512 0 24417817698992
728716 512 0 24417817977632
729228 512 0 24417818256273
729740 512 0 24417818534913
730252 512 0 24417818813554
730764 512 0 24417819092194
731276 512 0 24417819370835
731788 512 0 24417819649475
732300 512 0 24417819928115
732812 512 0 24417820206756
733324 512 0 24417820485396
733836 512 0 24417820764037
734348 512 0 24417821042677
734860 512 0 24417821321318
735372 512 0 24417821599958
735884 512 0 24417821878599
736396 512 0 24417822157239
736908 512 0 24417822435880
737420 512 0 24417822714520
737932 512 0 24417822993161
738444 512 0 24417823271801
738956 512 0 24417823550442
739468 512 0 24417823829082
739980 512 0 24417824107723
740492 512 0 24417824386363
741004 512 0 24417824665004
741516 512 0 24417824943644
742028 512 0 24417825222285
742540 512 0 24417825500925
743052 512 0 24417825779565
743564 512 0 24417826058206
744076 512 0 24417826336846
744588 512 0 24417826615487
745100 512 0 24417826894127
745612 512 0 24417827172768
746124 512 0 24417827451408
746636 512 0 24417827730049
747148 512 0 24417828008689
747660 512 0 24417828287330
748172 512 0 24417828565970
748684 512 0 24417828844610
749196 512 0 24417829123251
749708 512 0 24417829401891
750220 512 0 24417829680532
750732 512 0 24417829959172
751244 512 0 24417830237813
751756 512 0 24417830516453
752268 512 0 24417830795094
752780 512 0 24417831073734
753292 512 0 24417831352375
753804 512 0 24417831631015
754316 512 0 24417831909656
754828 512 0 24417832188296
755340 512 0 24417832466937
755852 512 0 24417832745577
756364 512 0 24417833024218
756876 512 0 24417833302858
757388 512 0 24417833581499
757900 512 0 24417833860139
758412 512 0 24417834138780
758924 512 0 24417834417420
759436 512 0 24417834696061
759948 512 0 24417834974701
760460 512 0 24417835253341
760972 512 0 24417835531982
761484 512 0 24417835810622
761996 512 0 24417836089263
762508 512 0 24417836367903
763020 512 0 24417836646544
763532 512 0 24417836925184
764044 512 0 24417837203825
764556 512 0 24417837482465
765068 512 0 24417837761106
765580 512 0 24417838039746
766092 512 0 24417838318386
766604 512 0 24417838597027
767116 512 0 24417838875667
767628 512 0 24417839154308
768140 512 0 24417839432948
768652 512 0 24417839711589
769164 512 0 24417839990229
769676 512 0 24417840268870
770188 512 0 24417840547510
770700 512 0 24417840826151
771212 512 0 24417841104791
771724 512 0 24417841383432
772236 512 0 24417841662072
772748 512 0 24417841940713
773260 512 0 24417842219353
773772 512 0 24417842497994
774284 512 0 24417842776634
774796 512 0 24417843055275
775308 512 0 24417843333915
775820 512 0 24417843612556
776332 512 0 24417843891196
776844 512 0 24417844169836
777356 512 0 24417844448477
777868 512 0 24417844727117
778380 512 0 24417845005758
778892 512 0 24417845284398
779404 512 0 24417845563039
779916 512 0 24417845841679
780428 512 0 24417846120320
780940 512 0 24417846398960
781452 512 0 24417846677601
781964 512 0 24417846956241
782476 512 0 24417847234882
782988 512 0 24417847513522
783500 512 0 24417847792162
784012 512 0 24417848070803
784524 512 0 24417848349443
785036 512 0 24417848628084
785548 512 0 24417848906724
786060 512 0 24417849185365
786572 512 0 24417849464006
787084 512 0 24417849742646
787596 512 0 24417850021286
788108 512 0 24417850299927
788620 512 0 24417850578567
789132 512 0 24417850857208
789644 512 0 24417851135848
790156 512 0 24417851414489
790668 512 0 24417851693129
791180 512 0 24417851971770
791692 512 0 24417852250410
792204 512 0 24417852529051
792716 512 0 24417852807691
793228 512 0 24417853086332
793740 512 0 24417853364972
794252 512 0 24417853643612
794764 512 0 24417853922253
795276 512 0 24417854200893
795788 512 0 24417854479534
796300 512 0 24417854758174
796812 512 0 24417855036815
797324 512 0 24417855315455
797836 512 0 24417855594096
798348 512 0 24417855872736
798860 512 0 24417856151377
799372 512 0 24417856430017
799884 512 0 24417856708657
800396 512 0 24417856987298
800908 512 0 24417857265938
801420 512 0 24417857544579
801932 512 0 24417857823219
802444 512 0 24417858101860
802956 512 0 24417858380501
803468 512 0 24417858659141
803980 512 0 24417858937781
804492 512 0 24417859216422
805004 512 0 24417859495062
805516 512 0 24417859773703
806028 512 0 24417860052343
806540 512 0 24417860330984
807052 512 0 24417860609624
807564 512 0 24417860888265
808076 512 0 24417861166905
808588 512 0 24417861445546
809100 512 0 24417861724186
809612 512 0 24417862002827
810124 512 0 24417862281467
810636 512 0 24417862560107
811148 512 0 24417862838748
811660 512 0 24417863117388
812172 512 0 24417863396029
812684 512 0 24417863674669
813196 512 0 24417863953310
813708 512 0 24417864231950
814220 512 0 24417864510591
814732 512 0 24417864789231
815244 512 0 24417865067872
815756 512 0 24417865346512
816268 512 0 24417865625153
816780 512 0 24417865903793
817292 512 0 24417866182433
817804 512 0 24417866461074
818316 512 0 24417866739714
818828 512 0 24417867018355
819340 512 0 24417867296996
819852 512 0 24417867575636
820364 512 0 24417867854276
820876 512 0 24417868132917
821388 512 0 24417868411557
821900 512 0 24417868690198
822412 512 0 24417868968838
822924 512 0 24417869247479
823436 512 0 24417869526119
823948 512 0 24417869804760
824460 512 0 24417870083400
824972 512 0 24417870362041
825484 512 0 24417870640681
825996 512 0 24417870919322
826508 512 0 24417871197962
827020 512 0 24417871476602
827532 512 0 24417871755243
828044 512 0 24417872033883
828556 512 0 24417872312524
829068 512 0 24417872591164
829580 512 0 24417872869805
830092 512 0 24417873148445
830604 512 0 24417873427086
831116 512 0 24417873705726
831628 512 0 24417873984367
832140 512 0 24417874263007
832652 512 0 24417874541648
833164 512 0 24417874820288
833676 512 0 24417875098929
834188 512 0 24417875377569
834700 512 0 24417875656209
835212 512 0 24417875934850
835724 512 0 24417876213491
836236 512 0 24417876492131
836748 512 0 24417876770771
837260 512 0 24417877049412
837772 512 0 24417877328052
838284 512 0 24417877606693
838796 512 0 24417877885333
839308 512 0 24417878163974
839820 512 0 24417878442614
840332 512 0 24417878721255
840844 512 0 24417878999895
841356 512 0 24417879278536
841868 512 0 24417879557176
842380 512 0 24417879835817
842892 512 0 24417880114457
843404 512 0 24417880393098
843916 512 0 24417880671738
844428 512 0 24417880950378
844940 512 0 24417881229019
845452 512 0 24417881507659
845964 512 0 24417881786300
846476 512 0 24417882064940
846988 512 0 24417882343581
847500 512 0 24417882622221
848012 512 0 24417882900862
848524 512 0 24417883179502
849036 512 0 24417883458143
849548 512 0 24417883736783
850060 512 0 24417884015424
850572 512 0 24417884294064
851084 512 0 24417884572704
851596 512 0 24417884851345
852108 512 0 24417885129986
852620 512 0 24417885408626
853132 512 0 24417885687267
853644 512 0 24417885965907
854156 512 0 24417886244547
854668 512 0 24417886523188
855180 512 0 24417886801828
855692 512 0 24417887080469
856204 512 0 24417887359109
856716 512 0 24417887637750
857228 512 0 24417887916390
857740 512 0 24417888195031
858252 512 0 24417888473671
858764 512 0 24417888752312
859276 512 0 24417889030952
859788 512 0 24417889309593
860300 512 0 24417889588233
860812 512 0 24417889866873
861324 512 0 24417890145514
861836 512 0 24417890424154
862348 512 0 24417890702795
862860 512 0 24417890981435
863372 512 0 24417891260076
863884 512 0 24417891538716
864396 512 0 24417891817357
864908 512 0 24417892095997
865420 512 0 24417892374638
865932 512 0 24417892653278
866444 512 0 24417892931919
866956 512 0 24417893210559
867468 512 0 24417893489200
867980 512 0 24417893767840
868492 512 0 24417894046481
869004 512 0 24417894325121
869516 512 0 24417894603762
870028 512 0 24417894882402
870540 512 0 24417895161042
871052 512 0 24417895439683
871564 512 0 24417895718323
872076 512 0 24417895996964
872588 512 0 24417896275604
873100 512 0 24417896554245
873612 512 0 24417896832885
874124 512 0 24417897111526
874636 512 0 24417897390166
875148 512 0 24417897668807
875660 512 0 24417897947447
876172 512 0 24417898226088
876684 512 0 24417898504728
877196 512 0 24417898783368
877708 512 0 24417899062009
878220 512 0 24417899340649
878732 512 0 24417899619290
879244 512 0 24417899897930
879756 512 0 24417900176571
880268 512 0 24417900455211
880780 512 0 24417900733852
881292 512 0 24417901012492
881804 512 0 24417901291133
882316 512 0 24417901569773
882828 512 0 24417901848414
883340 512 0 24417902127054
883852 512 0 24417902405695
884364 512 0 24417902684335
884876 512 0 24417902962976
885388 512 0 24417903241616
885900 512 0 24417903520257
886412 512 0 24417903798897
886924 512 0 24417904077537
887436 512 0 24417904356178
887948 512 0 24417904634818
888460 512 0 24417904913459
888972 512 0 24417905192099
889484 512 0 24417905470740
889996 512 0 24417905749380
890508 512 0 24417906028021
891020 512 0 24417906306661
891532 512 0 24417906585302
892044 512 0 24417906863942
892556 512 0 24417907142583
893068 512 0 24417907421223
893580 512 0 24417907699864
894092 512 0 24417907978504
894604 512 0 24417908257144
895116 512 0 24417908535785
895628 512 0 24417908814425
896140 512 0 24417909093066
896652 512 0 24417909371706
897164 512 0 24417909650347
897676 512 0 24417909928987
898188 512 0 24417910207628
898700 512 0 24417910486268
899212 512 0 24417910764909
899724 512 0 24417911043549
900236 512 0 24417911322190
900748 512 0 24417911600830
901260 512 0 24417911879471
901772 512 0 24417912158111
902284 512 0 24417912436752
902796 512 0 24417912715392
903308 512 0 24417912994032
903820 512 0 24417913272673
904332 512 0 24417913551313
904844 512 0 24417913829954
905356 512 0 24417914108594
905868 512 0 24417914387235
906380 512 0 24417914665875
906892 512 0 24417914944516
907404 512 0 24417915223156
907916 512 0 24417915501797
908428 512 0 24417915780437
908940 512 0 24417916059078
909452 512 0 24417916337718
909964 512 0 24417916616359
910476 512 0 24417916894999
910988 512 0 24417917173639
911500 512 0 24417917452280
912012 512 0 24417917730920
912524 512 0 24417918009561
913036 512 0 24417918288201
913548 512 0 24417918566842
914060 512 0 24417918845482
914572 512 0 24417919124123
915084 512 0 24417919402763
915596 512 0 24417919681404
916108 512 0 24417919960044
916620 512 0 24417920238685
917132 512 0 24417920517325
917644 512 0 24417920795966
918156 512 0 24417921074606
918668 512 0 24417921353247
919180 512 0 24417921631887
919692 512 0 24417921910528
920204 512 0 24417922189168
920716 512 0 24417922467808
921228 512 0 24417922746449
921740 512 0 24417923025089
922252 512 0 24417923303730
922764 512 0 24417923582370
923276 512 0 24417923861011
923788 512 0 24417924139651
924300 512 0 24417924418292
924812 512 0 24417924696932
925324 512 0 24417924975573
925836 512 0 24417925254213
926348 512 0 24417925532854
926860 512 0 24417925811494
927372 512 0 24417926090134
927884 512 0 24417926368775
928396 512 0 24417926647415
928908 512 0 24417926926056
929420 512 0 24417927204696
929932 512 0 24417927483337
930444 512 0 24417927761977
930956 512 0 24417928040618
931468 512 0 24417928319258
931980 512 0 24417928597899
932492 512 0 24417928876539
933004 512 0 24417929155180
933516 512 0 24417929433821
934028 512 0 24417929712462
934540 512 0 24417929991102
935052 512 0 24417930269743
935564 512 0 24417930548383
936076 512 0 24417930827024
936588 512 0 24417931105664
937100 512 0 24417931384305
937612 512 0 24417931662945
938124 512 0 24417931941586
938636 512 0 24417932220226
939148 512 0 24417932498866
939660 512 0 24417932777507
940172 512 0 24417933056147
940684 512 0 24417933334788
941196 512 0 24417933613428
941708 512 0 24417933892069
942220 512 0 24417934170709
942732 512 0 24417934449350
943244 512 0 24417934727990
943756 512 0 24417935006631
944268 512 0 24417935285271
944780 512 0 24417935563912
945292 512 0 24417935842552
945804 512 0 24417936121193
946316 512 0 24417936399833
946828 512 0 24417936678473
947340 512 0 24417936957114
947852 512 0 24417937235754
948364 512 0 24417937514395
948876 512 0 24417937793035
949388 512 0 24417938071676
949900 512 0 24417938350316
950412 512 0 24417938628957
950924 512 0 24417938907597
951436 512 0 24417939186238
951948 512 0 24417939464878
952460 512 0 24417939743519
952972 512 0 24417940022159
953484 512 0 24417940300800
953996 512 0 24417940579440
954508 512 0 24417940858081
955020 512 0 24417941136721
955532 512 0 24417941415361
956044 512 0 24417941694002
956556 512 0 24417941972642
957068 512 0 24417942251283
957580 512 0 24417942529923
958092 512 0 24417942808564
958604 512 0 24417943087204
959116 512 0 24417943365845
959628 512 0 24417943644485
960140 512 0 24417943923126
960652 512 0 24417944201766
961164 512 0 24417944480407
961676 512 0 24417944759047
962188 512 0 24417945037688
962700 512 0 24417945316328
963212 512 0 24417945594968
963724 512 0 24417945873609
964236 512 0 24417946152249
964748 512 0 24417946430890
965260 512 0 24417946709530
965772 512 0 24417946988171
966284 512 0 24417947266811
966796 512 0 24417947545452
967308 512 0 24417947824092
967820 512 0 24417948102733
968332 512 0 24417948381373
968844 512 0 24417948660014
969356 512 0 24417948938654
969868 512 0 24417949217295
970380 512 0 24417949495935
970892 512 0 24417949774576
971404 512 0 24417950053216
971916 512 0 24417950331856
972428 512 0 24417950610497
972940 512 0 24417950889137
973452 512 0 24417951167778
973964 512 0 24417951446418
974476 512 0 24417951725059
974988 512 0 24417952003699
975500 512 0 24417952282340
976012 512 0 24417952560980
976524 512 0 24417952839621
977036 512 0 24417953118261
977548 512 0 24417953396902
978060 512 0 24417953675542
978572 512 0 24417953954183
979084 512 0 24417954232823
979596 512 0 24417954511463
980108 512 0 24417954790104
980620 512 0 24417955068744
981132 512 0 24417955347385
981644 512 0 24417955626025
982156 512 0 24417955904666
982668 512 0 24417956183306
983180 512 0 24417956461947
983692 512 0 24417956740587
984204 512 0 24417957019228
984716 512 0 24417957297868
985228 512 0 24417957576509
985740 512 0 24417957855149
986252 512 0 24417958133790
986764 512 0 24417958412430
987276 512 0 24417958691071
987788 512 0 24417958969711
988300 512 0 24417959248351
988812 512 0 24417959526992
989324 512 0 24417959805632
989836 512 0 24417960084273
990348 512 0 24417960362913
990860 512 0 24417960641554
991372 512 0 24417960920194
991884 512 0 24417961198835
992396 512 0 24417961477475
992908 512 0 24417961756116
993420 512 0 24417962034756
993932 512 0 24417962313397
994444 512 0 24417962592037
994956 512 0 24417962870678
995468 512 0 24417963149318
995980 512 0 24417963427958
996492 512 0 24417963706599
997004 512 0 24417963985239
997516 512 0 24417964263880
998028 512 0 24417964542520
998540 512 0 24417964821161
999052 512 0 24417965099801
999564 512 0 24417965378442
1000076 512 0 24417965657082
1000588 512 0 24417965935723
1001100 512 0 24417966214363
1001612 512 0 24417966493004
1002124 512 0 24417966771644
1002636 512 0 24417967050285
1003148 512 0 24417967328925
1003660 512 0 24417967607566
1004172 512 0 24417967886206
1004684 512 0 24417968164846
1005196 512 0 24417968443487
1005708 512 0 24417968722127
1006220 512 0 24417969000768
1006732 512 0 24417969279408
1007244 512 0 24417969558049
1007756 512 0 24417969836689
1008268 512 0 24417970115330
1008780 512 0 24417970393970
1009292 512 0 24417970672611
1009804 512 0 24417970951251
1010316 512 0 24417971229892
1010828 512 0 24417971508532
1011340 512 0 24417971787173
1011852 512 0 24417972065813
1012364 512 0 24417972344453
1012876 512 0 24417972623094
1013388 512 0 24417972901734
1013900 512 0 24417973180375
1014412 512 0 24417973459015
1014924 512 0 24417973737656
1015436 512 0 24417974016296
1015948 512 0 24417974294937
1016460 512 0 24417974573577
1016972 512 0 24417974852218
1017484 512 0 24417975130858
1017996 512 0 24417975409499
1018508 512 0 24417975688139
1019020 512 0 24417975966780
1019532 512 0 24417976245420
1020044 512 0 24417976524061
1020556 512 0 24417976802701
1021068 512 0 24417977081341
1021580 512 0 24417977359982
1022092 512 0 24417977638622
1022604 512 0 24417977917263
1023116 512 0 24417978195903
1023628 512 0 24417978474544
1024140 512 0 24417978753184
1024652 512 0 24417979031825
1025164 512 0 24417979310465
1025676 512 0 24417979589106
1026188 512 0 24417979867746
1026700 512 0 24417980146387
1027212 512 0 24417980425027
1027724 512 0 24417980703668
1028236 512 0 24417980982308
1028748 512 0 24417981260948
1029260 512 0 24417981539589
1029772 512 0 24417981818229
1030284 512 0 24417982096870
1030796 512 0 24417982375510
1031308 512 0 24417982654151
1031820 512 0 24417982932792
1032332 512 0 24417983211433
1032844 512 0 24417983490073
1033356 512 0 24417983768714
1033868 512 0 24417984047354
1034380 512 0 24417984325995
1034892 512 0 24417984604635
1035404 512 0 24417984883276
1035916 512 0 24417985161916
1036428 512 0 24417985440557
1036940 512 0 24417985719197
1037452 512 0 24417985997838
1037964 512 0 24417986276478
1038476 512 0 24417986555119
1038988 512 0 24417986833759
1039500 512 0 24417987112399
1040012 512 0 24417987391040
1040524 512 0 24417987669680
1041036 512 0 24417987948321
1041548 512 0 24417988226961
1042060 512 0 24417988505602
1042572 512 0 24417988784242
1043084 512 0 24417989062883
1043596 512 0 24417989341523
1044108 512 0 24417989620164
1044620 512 0 24417989898804
1045132 512 0 24417990177445
1045644 512 0 24417990456085
1046156 512 0 24417990734726
1046668 512 0 24417991013366
1047180 512 0 24417991292007
1047692 512 0 24417991570647
1048204 512 0 24417991849287
1048716 512 0 24417992127928
1049228 512 0 24417992406568
1049740 512 0 24417992685209
1050252 512 0 24417992963849
1050764 512 0 24417993242490
1051276 512 0 24417993521130
1051788 512 0 24417993799771
1052300 512 0 24417994078411
1052812 512 0 24417994357052
1053324 512 0 24417994635692
1053836 512 0 24417994914333
1054348 512 0 24417995192973
1054860 512 0 24417995471614
1055372 512 0 24417995750254
1055884 512 0 24417996028894
1056396 512 0 24417996307535
1056908 512 0 24417996586175
1057420 512 0 24417996864816
1057932 512 0 24417997143456
1058444 512 0 24417997422097
1058956 512 0 24417997700737
1059468 512 0 24417997979378
1059980 512 0 24417998258018
1060492 512 0 24417998536659
1061004 512 0 24417998815299
1061516 512 0 24417999093940
1062028 512 0 24417999372580
1062540 512 0 24417999651221
1063052 512 0 24417999929861
1063564 512 0 24418000208502
1064076 512 0 24418000487142
1064588 512 0 24418000765782
1065100 512 0 24418001044423
1065612 512 0 24418001323063
1066124 512 0 24418001601704
1066636 512 0 24418001880344
1067148 512 0 24418002158985
1067660 512 0 24418002437625
1068172 512 0 24418002716266
1068684 512 0 24418002994906
1069196 512 0 24418003273547
1069708 512 0 24418003552187
1070220 512 0 24418003830828
1070732 512 0 24418004109468
1071244 512 0 24418004388108
1071756 512 0 24418004666749
1072268 512 0 24418004945389
1072780 512 0 24418005224030
1073292 512 0 24418005502670
1073804 512 0 24418005781311
1074316 512 0 24418006059951
1074828 512 0 24418006338592
1075340 512 0 24418006617232
1075852 512 0 24418006895873
1076364 512 0 24418007174513
1076876 512 0 24418007453154
1077388 512 0 24418007731794
1077900 512 0 24418008010435
1078412 512 0 24418008289075
1078924 512 0 24418008567716
1079436 512 0 24418008846356
1079948 512 0 24418009124997
1080460 512 0 24418009403637
1080972 512 0 24418009682277
1081484 512 0 24418009960918
1081996 512 0 24418010239558
1082508 512 0 24418010518199
1083020 512 0 24418010796839
1083532 512 0 24418011075480
1084044 512 0 24418011354120
1084556 512 0 24418011632761
1085068 512 0 24418011911401
1085580 512 0 24418012190042
1086092 512 0 24418012468682
1086604 512 0 24418012747323
1087116 512 0 24418013025963
1087628 512 0 24418013304603
1088140 512 0 24418013583244
1088652 512 0 24418013861884
1089164 512 0 24418014140525
1089676 512 0 24418014419165
1090188 512 0 24418014697806
1090700 512 0 24418014976446
1091212 512 0 24418015255087
1091724 512 0 24418015533727
1092236 512 0 24418015812368
1092748 512 0 24418016091008
1093260 512 0 24418016369649
1093772 512 0 24418016648289
1094284 512 0 24418016926930
1094796 512 0 24418017205570
1095308 512 0 24418017484211
1095820 512 0 24418017762851
1096332 512 0 24418018041491
1096844 512 0 24418018320132
1097356 512 0 24418018598772
1097868 512 0 24418018877413
1098380 512 0 24418019156053
1098892 512 0 24418019434694
1099404 512 0 24418019713334
1099916 512 0 24418019991975
1100428 512 0 24418020270615
1100940 512 0 24418020549256
1101452 512 0 24418020827896
1101964 512 0 24418021106537
1102476 512 0 24418021385177
1102988 512 0 24418021663818
1103500 512 0 24418021942458
1104012 512 0 24418022221098
1104524 512 0 24418022499739
1105036 512 0 24418022778379
1105548 512 0 24418023057020
1106060 512 0 24418023335660
1106572 512 0 24418023614301
1107084 512 0 24418023892941
1107596 512 0 24418024171582
1108108 512 0 24418024450222
1108620 512 0 24418024728863
1109132 512 0 24418025007503
1109644 512 0 24418025286144
1110156 512 0 24418025564784
1110668 512 0 24418025843425
1111180 512 0 24418026122065
1111692 512 0 24418026400706
1112204 512 0 24418026679346
1112716 512 0 24418026957986
1113228 512 0 24418027236627
1113740 512 0 24418027515268
1114252 512 0 24418027793909
1114764 512 0 24418028072549
1115276 512 0 24418028351190
1115788 512 0 24418028629830
1116300 512 0 24418028908471
1116812 512 0 24418029187111
1117324 512 0 24418029465752
1117836 512 0 24418029744392
1118348 512 0 24418030023033
1118860 512 0 24418030301673
1119372 512 0 24418030580314
1119884 512 0 24418030858954
1120396 512 0 24418031137595
1120908 512 0 24418031416235
1121420 512 0 24418031694876
1121932 512 0 24418031973516
1122444 512 0 24418032252156
1122956 512 0 24418032530797
1123468 512 0 24418032809437
1123980 512 0 24418033088078
1124492 512 0 24418033366718
1125004 512 0 24418033645359
1125516 512 0 24418033923999
1126028 512 0 24418034202640
1126540 512 0 24418034481280
1127052 512 0 24418034759921
1127564 512 0 24418035038561
1128076 512 0 24418035317202
1128588 512 0 24418035595842
1129100 512 0 24418035874483
1129612 512 0 24418036153123
1130124 512 0 24418036431763
1130636 512 0 24418036710404
1131148 512 0 24418036989044
1131660 512 0 24418037267685
1132172 512 0 24418037546325
1132684 512 0 24418037824966
1133196 512 0 24418038103606
1133708 512 0 24418038382247
1134220 512 0 24418038660887
1134732 512 0 24418038939528
1135244 512 0 24418039218168
1135756 512 0 24418039496809
1136268 512 0 24418039775449
1136780 512 0 24418040054090
1137292 512 0 24418040332730
1137804 512 0 24418040611371
1138316 512 0 24418040890011
1138828 512 0 24418041168651
1139340 512 0 24418041447292
1139852 512 0 24418041725932
1140364 512 0 24418042004573
1140876 512 0 24418042283213
1141388 512 0 24418042561854
1141900 512 0 24418042840494
1142412 512 0 24418043119135
1142924 512 0 24418043397775
1143436 512 0 24418043676416
1143948 512 0 24418043955056
1144460 512 0 24418044233697
1144972 512 0 24418044512337
1145484 512 0 24418044790978
1145996 512 0 24418045069618
1146508 512 0 24418045348258
1147020 512 0 24418045626899
1147532 512 0 24418045905539
1148044 512 0 24418046184180
1148556 512 0 24418046462820
1149068 512 0 24418046741461
1149580 512 0 24418047020101
1150092 512 0 24418047298742
1150604 512 0 24418047577382
1151116 512 0 24418047856023
1151628 512 0 24418048134663
1152140 512 0 24418048413304
1152652 512 0 24418048691944
1153164 512 0 24418048970585
1153676 512 0 24418049249225
1154188 512 0 24418049527866
1154700 512 0 24418049806506
1155212 512 0 24418050085146
1155724 512 0 24418050363787
1156236 512 0 24418050642427
1156748 512 0 24418050921068
1157260 512 0 24418051199708
1157772 512 0 24418051478349
1158284 512 0 24418051756989
1158796 512 0 24418052035630
1159308 512 0 24418052314270
1159820 512 0 24418052592911
1160332 512 0 24418052871551
1160844 512 0 24418053150192
1161356 512 0 24418053428832
1161868 512 0 24418053707473
1162380 512 0 24418053986113
1162892 512 0 24418054264753
1163404 512 0 24418054543394
1163916 512 0 24418054822034
1164428 512 0 24418055100675
1164940 512 0 24418055379315
1165452 512 0 24418055657956
1165964 512 0 24418055936596
1166476 512 0 24418056215237
1166988 512 0 24418056493877
1167500 512 0 24418056772518
1168012 512 0 24418057051158
1168524 512 0 24418057329799
1169036 512 0 24418057608439
1169548 512 0 24418057887080
1170060 512 0 24418058165720
1170572 512 0 24418058444360
1171084 512 0 24418058723001
1171596 512 0 24418059001641
1172108 512 0 24418059280282
1172620 512 0 24418059558922
1173132 512 0 24418059837563
1173644 512 0 24418060116203
1174156 512 0 24418060394844
1174668 512 0 24418060673484
1175180 512 0 24418060952125
1175692 512 0 24418061230765
1176204 512 0 24418061509406
1176716 512 0 24418061788046
1177228 512 0 24418062066687
1177740 512 0 24418062345327
1178252 512 0 24418062623968
1178764 512 0 24418062902608
1179276 512 0 24418063181248
1179788 512 0 24418063459889
1180300 512 0 24418063738529
1180812 512 0 24418064017170
1181324 512 0 24418064295810
1181836 512 0 24418064574451
1182348 512 0 24418064853091
1182860 512 0 24418065131732
1183372 512 0 24418065410372
1183884 512 0 24418065689013
1184396 512 0 24418065967653
1184908 512 0 24418066246294
1185420 512 0 24418066524934
1185932 512 0 24418066803575
1186444 512 0 24418067082215
1186956 512 0 24418067360855
1187468 512 0 24418067639496
1187980 512 0 24418067918136
1188492 512 0 24418068196777
1189004 512 0 24418068475417
1189516 512 0 24418068754058
1190028 512 0 24418069032698
1190540 512 0 24418069311339
1191052 512 0 24418069589979
1191564 512 0 24418069868620
1192076 512 0 24418070147260
1192588 512 0 24418070425901
1193100 512 0 24418070704541
1193612 512 0 24418070983182
1194124 512 0 24418071261822
1194636 512 0 24418071540463
1195148 512 0 24418071819103
1195660 512 0 24418072097743
1196172 512 0 24418072376384
1196684 512 0 24418072655024
1197196 512 0 24418072933665
1197708 512 0 24418073212305
1198220 512 0 24418073490946
1198732 512 0 24418073769586
1199244 512 0 24418074048227
1199756 512 0 24418074326867
1200268 512 0 24418074605508
1200780 512 0 24418074884148
1201292 512 0 24418075162789
1201804 512 0 24418075441429
1202316 512 0 24418075720070
1202828 512 0 24418075998710
1203340 512 0 24418076277350
1203852 512 0 24418076555991
1204364 512 0 24418076834631
1204876 512 0 24418077113272
1205388 512 0 24418077391912
1205900 512 0 24418077670553
1206412 512 0 24418077949193
1206924 512 0 24418078227834
1207436 512 0 24418078506474
1207948 512 0 24418078785115
1208460 512 0 24418079063755
1208972 512 0 24418079342396
1209484 512 0 24418079621036
1209996 512 0 24418079899677
1210508 512 0 24418080178317
1211020 512 0 24418080456958
1211532 512 0 24418080735598
1212044 512 0 24418081014238
1212556 512 0 24418081292879
1213068 512 0 24418081571519
1213580 512 0 24418081850160
1214092 512 0 24418082128800
1214604 512 0 24418082407441
1215116 512 0 24418082686081
1215628 512 0 24418082964722
1216140 512 0 24418083243362
1216652 512 0 24418083522003
1217164 512 0 24418083800643
1217676 512 0 24418084079284
1218188 512 0 24418084357924
1218700 512 0 24418084636564
1219212 512 0 24418084915205
1219724 512 0 24418085193845
1220236 512 0 24418085472486
1220748 512 0 24418085751126
1221260 512 0 24418086029767
1221772 512 0 24418086308407
1222284 512 0 24418086587048
1222796 512 0 24418086865688
1223308 512 0 24418087144329
1223820 512 0 24418087422969
1224332 512 0 24418087701610
1224844 512 0 24418087980250
1225356 512 0 24418088258891
1225868 512 0 24418088537531
1226380 512 0 24418088816172
1226892 512 0 24418089094812
1227404 512 0 24418089373453
1227916 512 0 24418089652093
1228428 512 0 24418089930733
1228940 512 0 24418090209374
1229452 512 0 24418090488014
1229964 512 0 24418090766655
1230476 512 0 24418091045295
1230988 512 0 24418091323936
1231500 512 0 24418091602576
1232012 512 0 24418091881217
1232524 512 0 24418092159857
1233036 512 0 24418092438498
1233548 512 0 24418092717138
1234060 512 0 24418092995779
1234572 512 0 24418093274419
1235084 512 0 24418093553059
1235596 512 0 24418093831700
1236108 512 0 24418094110340
1236620 512 0 24418094388981
1237132 512 0 24418094667621
1237644 512 0 24418094946262
1238156 512 0 24418095224902
1238668 512 0 24418095503543
1239180 512 0 24418095782183
1239692 512 0 24418096060824
1240204 512 0 24418096339464
1240716 512 0 24418096618105
1241228 512 0 24418096896745
1241740 512 0 24418097175386
1242252 512 0 24418097454026
1242764 512 0 24418097732667
1243276 512 0 24418098011307
1243788 512 0 24418098289947
1244300 512 0 24418098568588
1244812 512 0 24418098847228
1245324 512 0 24418099125869
1245836 512 0 24418099404509
1246348 512 0 24418099683150
1246860 512 0 24418099961790
1247372 512 0 24418100240431
1247884 512 0 24418100519071
1248396 512 0 24418100797712
1248908 512 0 24418101076352
1249420 512 0 24418101354993
1249932 512 0 24418101633633
1250444 512 0 24418101912274
1250956 512 0 24418102190914
1251468 512 0 24418102469554
1251980 512 0 24418102748195
1252492 512 0 24418103026835
1253004 512 0 24418103305476
1253516 512 0 24418103584116
1254028 512 0 24418103862757
1254540 512 0 24418104141397
1255052 512 0 24418104420038
1255564 512 0 24418104698678
1256076 512 0 24418104977319
1256588 512 0 24418105255959
1257100 512 0 24418105534600
1257612 512 0 24418105813240
1258124 512 0 24418106091881
1258636 512 0 24418106370521
1259148 512 0 24418106649162
1259660 512 0 24418106927802
1260172 512 0 24418107206442
1260684 512 0 24418107485083
1261196 512 0 24418107763723
1261708 512 0 24418108042364
1262220 512 0 24418108321004
1262732 512 0 24418108599645
1263244 512 0 24418108878285
1263756 512 0 24418109156926
1264268 512 0 24418109435566
1264780 512 0 24418109714207
1265292 512 0 24418109992847
1265804 512 0 24418110271488
1266316 512 0 24418110550128
1266828 512 0 24418110828769
1267340 512 0 24418111107409
1267852 512 0 24418111386049
1268364 512 0 24418111664690
1268876 512 0 24418111943330
1269388 512 0 24418112221971
1269900 512 0 24418112500611
1270412 512 0 24418112779252
1270924 512 0 24418113057892
1271436 512 0 24418113336533
1271948 512 0 24418113615173
1272460 512 0 24418113893814
1272972 512 0 24418114172454
1273484 512 0 24418114451095
1273996 512 0 24418114729735
1274508 512 0 24418115008376
1275020 512 0 24418115287016
1275532 512 0 24418115565657
1276044 512 0 24418115844297
1276556 512 0 24418116122937
1277068 512 0 24418116401578
1277580 512 0 24418116680219
1278092 512 0 24418116958860
1278604 512 0 24418117237500
1279116 512 0 24418117516141
1279628 512 0 24418117794781
1280140 512 0 24418118073422
1280652 512 0 24418118352062
1281164 512 0 24418118630703
1281676 512 0 24418118909343
1282188 512 0 24418119187984
1282700 512 0 24418119466624
1283212 512 0 24418119745265
1283724 512 0 24418120023905
1284236 512 0 24418120302546
1284748 512 0 24418120581186
1285260 512 0 24418120859827
1285772 512 0 24418121138467
1286284 512 0 24418121417107
1286796 512 0 24418121695748
1287308 512 0 24418121974388
1287820 512 0 24418122253029
1288332 512 0 24418122531669
1288844 512 0 24418122810310
1289356 512 0 24418123088950
1289868 512 0 24418123367591
1290380 512 0 24418123646231
1290892 512 0 24418123924872
1291404 512 0 24418124203512
1291916 512 0 24418124482153
1292428 512 0 24418124760793
1292940 512 0 24418125039434
1293452 512 0 24418125318074
1293964 512 0 24418125596714
1294476 512 0 24418125875355
1294988 512 0 24418126153995
1295500 512 0 24418126432636
1296012 512 0 24418126711276
1296524 512 0 24418126989917
1297036 512 0 24418127268557
1297548 512 0 24418127547198
1298060 512 0 24418127825838
1298572 512 0 24418128104479
1299084 512 0 24418128383119
1299596 512 0 24418128661760
1300108 512 0 24418128940400
1300620 512 0 24418129219041
1301132 512 0 24418129497681
1301644 512 0 24418129776322
1302156 512 0 24418130054962
1302668 512 0 24418130333602
1303180 512 0 24418130612243
1303692 512 0 24418130890883
1304204 512 0 24418131169524
1304716 512 0 24418131448164
1305228 512 0 24418131726805
1305740 512 0 24418132005445
1306252 512 0 24418132284086
1306764 512 0 24418132562726
1307276 512 0 24418132841367
1307788 512 0 24418133120007
1308300 512 0 24418133398648
1308812 512 0 24418133677288
1309324 512 0 24418133955929
1309836 512 0 24418134234569
1310348 512 0 24418134513209
1310860 512 0 24418134791850
1311372 512 0 24418135070490
1311884 512 0 24418135349131
1312396 512 0 24418135627771
1312908 512 0 24418135906412
1313420 512 0 24418136185052
1313932 512 0 24418136463693
1314444 512 0 24418136742333
1314956 512 0 24418137020974
1315468 512 0 24418137299614
1315980 512 0 24418137578255
1316492 512 0 24418137856895
1317004 512 0 24418138135536
1317516 512 0 24418138414176
1318028 512 0 24418138692816
1318540 512 0 24418138971457
1319052 512 0 24418139250097
1319564 512 0 24418139528738
1320076 512 0 24418139807378
1320588 512 0 24418140086019
1321100 512 0 24418140364659
1321612 512 0 24418140643300
1322124 512 0 24418140921940
1322636 512 0 24418141200581
1323148 512 0 24418141479221
1323660 512 0 24418141757862
1324172 512 0 24418142036502
1324684 512 0 24418142315143
1325196 512 0 24418142593783
1325708 512 0 24418142872424
1326220 512 0 24418143151064
1326732 512 0 24418143429704
1327244 512 0 24418143708345
1327756 512 0 24418143986985
1328268 512 0 24418144265626
1328780 512 0 24418144544266
1329292 512 0 24418144822907
1329804 512 0 24418145101547
1330316 512 0 24418145380188
1330828 512 0 24418145658828
1331340 512 0 24418145937469
1331852 512 0 24418146216109
1332364 512 0 24418146494750
1332876 512 0 24418146773390
1333388 512 0 24418147052031
1333900 512 0 24418147330671
1334412 512 0 24418147609311
1334924 512 0 24418147887952
1335436 512 0 24418148166592
1335948 512 0 24418148445233
1336460 512 0 24418148723873
1336972 512 0 24418149002514
1337484 512 0 24418149281154
1337996 512 0 24418149559795
1338508 512 0 24418149838435
1339020 512 0 24418150117076
1339532 512 0 24418150395716
1340044 512 0 24418150674357
1340556 512 0 24418150952997
1341068 512 0 24418151231638
1341580 512 0 24418151510278
1342092 512 0 24418151788919
1342604 512 0 24418152067559
1343116 512 0 24418152346199
1343628 512 0 24418152624840
1344140 512 0 24418152903480
1344652 512 0 24418153182121
1345164 512 0 24418153460761
1345676 512 0 24418153739402
1346188 512 0 24418154018042
1346700 512 0 24418154296683
1347212 512 0 24418154575323
1347724 512 0 24418154853964
1348236 512 0 24418155132604
1348748 512 0 24418155411245
1349260 512 0 24418155689885
1349772 512 0 24418155968526
1350284 512 0 24418156247166
1350796 512 0 24418156525806
1351308 512 0 24418156804447
1351820 512 0 24418157083087
1352332 512 0 24418157361728
1352844 512 0 24418157640368
1353356 512 0 24418157919009
1353868 512 0 24418158197649
1354380 512 0 24418158476290
1354892 512 0 24418158754930
1355404 512 0 24418159033571
1355916 512 0 24418159312211
1356428 512 0 24418159590852
1356940 512 0 24418159869492
1357452 512 0 24418160148133
1357964 512 0 24418160426773
1358476 512 0 24418160705414
1358988 512 0 24418160984054
1359500 512 0 24418161262694
1360012 512 0 24418161541335
1360524 512 0 24418161819975
1361036 512 0 24418162098616
1361548 512 0 24418162377256
1362060 512 0 24418162655897
1362572 512 0 24418162934537
1363084 512 0 24418163213178
1363596 512 0 24418163491818
1364108 512 0 24418163770459
1364620 512 0 24418164049099
1365132 512 0 24418164327740
1365644 512 0 24418164606380
1366156 512 0 24418164885021
1366668 512 0 24418165163661
1367180 512 0 24418165442301
1367692 512 0 24418165720942
1368204 512 0 24418165999582
1368716 512 0 24418166278223
1369228 512 0 24418166556863
1369740 512 0 24418166835504
1370252 512 0 24418167114144
1370764 512 0 24418167392785
1371276 512 0 24418167671425
1371788 512 0 24418167950066
1372300 512 0 24418168228706
1372812 512 0 24418168507347
1373324 512 0 24418168785987
1373836 512 0 24418169064628
1374348 512 0 24418169343268
1374860 512 0 24418169621909
1375372 512 0 24418169900549
1375884 512 0 24418170179189
1376396 512 0 24418170457830
1376908 512 0 24418170736470
1377420 512 0 24418171015111
1377932 512 0 24418171293751
1378444 512 0 24418171572392
1378956 512 0 24418171851032
1379468 512 0 24418172129673
1379980 512 0 24418172408313
1380492 512 0 24418172686954
1381004 512 0 24418172965594
1381516 512 0 24418173244235
1382028 512 0 24418173522875
1382540 512 0 24418173801515
1383052 512 0 24418174080156
1383564 512 0 24418174358796
1384076 512 0 24418174637437
1384588 512 0 24418174916077
1385100 512 0 24418175194718
1385612 512 0 24418175473358
1386124 512 0 24418175751999
1386636 512 0 24418176030639
1387148 512 0 24418176309280
1387660 512 0 24418176587920
1388172 512 0 24418176866561
1388684 512 0 24418177145201
1389196 512 0 24418177423842
1389708 512 0 24418177702482
1390220 512 0 24418177981123
1390732 512 0 24418178259763
1391244 512 0 24418178538404
1391756 512 0 24418178817044
1392268 512 0 24418179095685
1392780 512 0 24418179374326
1393292 512 0 24418179652966
1393804 512 0 24418179931607
1394316 512 0 24418180210247
1394828 512 0 24418180488888
1395340 512 0 24418180767528
1395852 512 0 24418181046169
1396364 512 0 24418181324809
1396876 512 0 24418181603450
1397388 512 0 24418181882090
1397900 512 0 24418182160731
1398412 512 0 24418182439371
1398924 512 0 24418182718012
1399436 512 0 24418182996652
1399948 512 0 24418183275293
1400460 512 0 24418183553933
1400972 512 0 24418183832574
1401484 512 0 24418184111214
1401996 512 0 24418184389854
1402508 512 0 24418184668495
1403020 512 0 24418184947135
1403532 512 0 24418185225776
1404044 512 0 24418185504416
1404556 512 0 24418185783057
1405068 512 0 24418186061697
1405580 512 0 24418186340338
1406092 512 0 24418186618978
1406604 512 0 24418186897619
1407116 512 0 24418187176259
1407628 512 0 24418187454900
1408140 512 0 24418187733540
1408652 512 0 24418188012180
1409164 512 0 24418188290821
1409676 512 0 24418188569461
1410188 512 0 24418188848102
1410700 512 0 24418189126742
1411212 512 0 24418189405383
1411724 512 0 24418189684023
1412236 512 0 24418189962664
1412748 512 0 24418190241304
1413260 512 0 24418190519945
1413772 512 0 24418190798585
1414284 512 0 24418191077226
1414796 512 0 24418191355866
1415308 512 0 24418191634507
1415820 512 0 24418191913147
1416332 512 0 24418192191788
1416844 512 0 24418192470428
1417356 512 0 24418192749068
1417868 512 0 24418193027709
1418380 512 0 24418193306349
1418892 512 0 24418193584990
1419404 512 0 24418193863630
1419916 512 0 24418194142271
1420428 512 0 24418194420911
1420940 512 0 24418194699552
1421452 512 0 24418194978192
1421964 512 0 24418195256833
1422476 512 0 24418195535473
1422988 512 0 24418195814114
1423500 512 0 24418196092754
1424012 512 0 24418196371395
1424524 512 0 24418196650035
1425036 512 0 24418196928675
1425548 512 0 24418197207316
1426060 512 0 24418197485956
1426572 512 0 24418197764597
1427084 512 0 24418198043237
1427596 512 0 24418198321878
1428108 512 0 24418198600518
1428620 512 0 24418198879159
1429132 512 0 24418199157799
1429644 512 0 24418199436440
1430156 512 0 24418199715080
1430668 512 0 24418199993721
1431180 512 0 24418200272361
1431692 512 0 24418200551002
1432204 512 0 24418200829642
1432716 512 0 24418201108283
1433228 512 0 24418201386923
1433740 512 0 24418201665563
1434252 512 0 24418201944204
1434764 512 0 24418202222844
1435276 512 0 24418202501485
1435788 512 0 24418202780125
1436300 512 0 24418203058766
1436812 512 0 24418203337406
1437324 512 0 24418203616047
1437836 512 0 24418203894687
1438348 512 0 24418204173328
1438860 512 0 24418204451968
1439372 512 0 24418204730609
1439884 512 0 24418205009249
1440396 512 0 24418205287890
1440908 512 0 24418205566530
1441420 512 0 24418205845170
1441932 512 0 24418206123811
1442444 512 0 24418206402451
1442956 512 0 24418206681092
1443468 512 0 24418206959732
1443980 512 0 24418207238373
1444492 512 0 24418207517013
1445004 512 0 24418207795654
1445516 512 0 24418208074294
1446028 512 0 24418208352935
1446540 512 0 24418208631575
1447052 512 0 24418208910216
1447564 512 0 24418209188856
1448076 512 0 24418209467497
1448588 512 0 24418209746137
1449100 512 0 24418210024777
1449612 512 0 24418210303418
1450124 512 0 24418210582058
1450636 512 0 24418210860699
1451148 512 0 24418211139339
1451660 512 0 24418211417980
1452172 512 0 24418211696620
1452684 512 0 24418211975261
1453196 512 0 24418212253901
1453708 512 0 24418212532542
1454220 512 0 24418212811182
1454732 512 0 24418213089823
1455244 512 0 24418213368463
1455756 512 0 24418213647104
1456268 512 0 24418213925744
1456780 512 0 24418214204385
1457292 512 0 24418214483025
1457804 512 0 24418214761665
1458316 512 0 24418215040306
1458828 512 0 24418215318946
1459340 512 0 24418215597587
1459852 512 0 24418215876227
1460364 512 0 24418216154868
1460876 512 0 24418216433508
1461388 512 0 24418216712149
1461900 512 0 24418216990789
1462412 512 0 24418217269430
1462924 512 0 24418217548070
1463436 512 0 24418217826711
1463948 512 0 24418218105351
1464460 512 0 24418218383992
1464972 512 0 24418218662632
1465484 512 0 24418218941272
1465996 512 0 24418219219913
1466508 512 0 24418219498553
1467020 512 0 24418219777194
1467532 512 0 24418220055834
1468044 512 0 24418220334475
1468556 512 0 24418220613115
1469068 512 0 24418220891756
1469580 512 0 24418221170396
1470092 512 0 24418221449037
1470604 512 0 24418221727677
1471116 512 0 24418222006318
1471628 512 0 24418222284958
1472140 512 0 24418222563599
1472652 512 0 24418222842239
1473164 512 0 24418223120880
1473676 512 0 24418223399520
1474188 512 0 24418223678161
1474700 512 0 24418223956802
1475212 512 0 24418224235442
1475724 512 0 24418224514083
1476236 512 0 24418224792723
1476748 512 0 24418225071364
1477260 512 0 24418225350004
1477772 512 0 24418225628645
1478284 512 0 24418225907285
1478796 512 0 24418226185926
1479308 512 0 24418226464566
1479820 512 0 24418226743207
1480332 512 0 24418227021847
1480844 512 0 24418227300488
1481356 512 0 24418227579128
1481868 512 0 24418227857769
1482380 512 0 24418228136409
1482892 512 0 24418228415050
1483404 512 0 24418228693690
1483916 512 0 24418228972331
1484428 512 0 24418229250971
1484940 512 0 24418229529611
1485452 512 0 24418229808252
1485964 512 0 24418230086892
1486476 512 0 24418230365533
1486988 512 0 24418230644173
1487500 512 0 24418230922814
1488012 512 0 24418231201454
1488524 512 0 24418231480095
1489036 512 0 24418231758735
1489548 512 0 24418232037376
1490060 512 0 24418232316016
1490572 512 0 24418232594656
1491084 512 0 24418232873297
1491596 512 0 24418233151937
1492108 512 0 24418233430578
1492620 512 0 24418233709218
1493132 512 0 24418233987859
1493644 512 0 24418234266499
1494156 512 0 24418234545140
1494668 512 0 24418234823780
1495180 512 0 24418235102421
1495692 512 0 24418235381061
1496204 512 0 24418235659702
1496716 512 0 24418235938342
1497228 512 0 24418236216983
1497740 512 0 24418236495623
1498252 512 0 24418236774264
1498764 512 0 24418237052904
1499276 512 0 24418237331545
1499788 512 0 24418237610185
1500300 512 0 24418237888825
1500812 512 0 24418238167466
1501324 512 0 24418238446106
1501836 512 0 24418238724747
1502348 512 0 24418239003387
1502860 512 0 24418239282028
1503372 512 0 24418239560668
1503884 512 0 24418239839309
1504396 512 0 24418240117949
1504908 512 0 24418240396590
1505420 512 0 24418240675230
1505932 512 0 24418240953871
1506444 512 0 24418241232511
1506956 512 0 24418241511153
1507468 512 0 24418241789793
1507980 512 0 24418242068433
1508492 512 0 24418242347074
1509004 512 0 24418242625714
1509516 512 0 24418242904355
1510028 512 0 24418243182995
1510540 512 0 24418243461636
1511052 512 0 24418243740276
1511564 512 0 24418244018917
1512076 512 0 24418244297557
1512588 512 0 24418244576198
1513100 512 0 24418244854838
1513612 512 0 24418245133479
1514124 512 0 24418245412119
1514636 512 0 24418245690760
1515148 512 0 24418245969400
1515660 512 0 24418246248041
1516172 512 0 24418246526681
1516684 512 0 24418246805322
1517196 512 0 24418247083962
1517708 512 0 24418247362603
1518220 512 0 24418247641243
1518732 512 0 24418247919884
1519244 512 0 24418248198524
1519756 512 0 24418248477164
1520268 512 0 24418248755805
1520780 512 0 24418249034445
1521292 512 0 24418249313086
1521804 512 0 24418249591726
1522316 512 0 24418249870367
1522828 512 0 24418250149007
1523340 512 0 24418250427648
1523852 512 0 24418250706288
1524364 512 0 24418250984928
1524876 512 0 24418251263569
1525388 512 0 24418251542209
1525900 512 0 24418251820850
1526412 512 0 24418252099490
1526924 512 0 24418252378131
1527436 512 0 24418252656771
1527948 512 0 24418252935412
1528460 512 0 24418253214052
1528972 512 0 24418253492693
1529484 512 0 24418253771333
1529996 512 0 24418254049974
1530508 512 0 24418254328614
1531020 512 0 24418254607255
1531532 512 0 24418254885895
1532044 512 0 24418255164536
1532556 512 0 24418255443176
1533068 512 0 24418255721817
1533580 512 0 24418256000457
1534092 512 0 24418256279098
1534604 512 0 24418256557738
1535116 512 0 24418256836378
1535628 512 0 24418257115019
1536140 512 0 24418257393659
1536652 512 0 24418257672300
1537164 512 0 24418257950940
1537676 512 0 24418258229581
1538188 512 0 24418258508221
1538700 512 0 24418258786862
1539212 512 0 24418259065502
1539724 512 0 24418259344142
1540236 512 0 24418259622783
1540748 512 0 24418259901423
1541260 512 0 24418260180064
1541772 512 0 24418260458704
1542284 512 0 24418260737345
1542796 512 0 24418261015985
1543308 512 0 24418261294626
1543820 512 0 24418261573266
1544332 512 0 24418261851907
1544844 512 0 24418262130547
1545356 512 0 24418262409188
1545868 512 0 24418262687828
1546380 512 0 24418262966469
1546892 512 0 24418263245109
1547404 512 0 24418263523750
1547916 512 0 24418263802390
1548428 512 0 24418264081031
1548940 512 0 24418264359671
1549452 512 0 24418264638312
1549964 512 0 24418264916952
1550476 512 0 24418265195592
1550988 512 0 24418265474233
1551500 512 0 24418265752873
1552012 512 0 24418266031514
1552524 512 0 24418266310154
1553036 512 0 24418266588795
1553548 512 0 24418266867435
1554060 512 0 24418267146076
1554572 512 0 24418267424716
1555084 512 0 24418267703357
1555596 512 0 24418267981997
1556108 512 0 24418268260637
1556620 512 0 24418268539278
1557132 512 0 24418268817918
1557644 512 0 24418269096559
1558156 512 0 24418269375199
1558668 512 0 24418269653840
1559180 512 0 24418269932480
1559692 512 0 24418270211121
1560204 512 0 24418270489761
1560716 512 0 24418270768402
1561228 512 0 24418271047042
1561740 512 0 24418271325683
1562252 512 0 24418271604323
1562764 512 0 24418271882964
1563276 512 0 24418272161604
1563788 512 0 24418272440245
1564300 512 0 24418272718885
1564812 512 0 24418272997526
1565324 512 0 24418273276166
1565836 512 0 24418273554806
1566348 512 0 24418273833447
1566860 512 0 24418274112087
1567372 512 0 24418274390728
1567884 512 0 24418274669368
1568396 512 0 24418274948009
1568908 512 0 24418275226649
1569420 512 0 24418275505290
1569932 512 0 24418275783930
1570444 512 0 24418276062571
1570956 512 0 24418276341211
1571468 512 0 24418276619852
1571980 512 0 24418276898492
1572492 512 0 24418277177134
1573004 512 0 24418277455774
1573516 512 0 24418277734415
1574028 512 0 24418278013055
1574540 512 0 24418278291695
1575052 512 0 24418278570336
1575564 512 0 24418278848976
1576076 512 0 24418279127617
1576588 512 0 24418279406257
1577100 512 0 24418279684898
1577612 512 0 24418279963538
1578124 512 0 24418280242179
1578636 512 0 24418280520819
1579148 512 0 24418280799460
1579660 512 0 24418281078100
1580172 512 0 24418281356741
1580684 512 0 24418281635381
1581196 512 0 24418281914022
1581708 512 0 24418282192662
1582220 512 0 24418282471303
1582732 512 0 24418282749943
1583244 512 0 24418283028584
1583756 512 0 24418283307224
1584268 512 0 24418283585865
1584780 512 0 24418283864505
1585292 512 0 24418284143145
1585804 512 0 24418284421786
1586316 512 0 24418284700426
1586828 512 0 24418284979067
1587340 512 0 24418285257707
1587852 512 0 24418285536348
1588364 512 0 24418285814988
1588876 512 0 24418286093629
1589388 512 0 24418286372269
1589900 512 0 24418286650909
1590412 512 0 24418286929550
1590924 512 0 24418287208190
1591436 512 0 24418287486831
1591948 512 0 24418287765471
1592460 512 0 24418288044112
1592972 512 0 24418288322752
1593484 512 0 24418288601393
1593996 512 0 24418288880033
1594508 512 0 24418289158674
1595020 512 0 24418289437314
1595532 512 0 24418289715955
1596044 512 0 24418289994595
1596556 512 0 24418290273236
1597068 512 0 24418290551876
1597580 512 0 24418290830517
1598092 512 0 24418291109157
1598604 512 0 24418291387798
1599116 512 0 24418291666438
1599628 512 0 24418291945079
1600140 512 0 24418292223719
1600652 512 0 24418292502359
1601164 512 0 24418292781000
1601676 512 0 24418293059640
1602188 512 0 24418293338281
1602700 512 0 24418293616921
1603212 512 0 24418293895562
1603724 512 0 24418294174202
1604236 512 0 24418294452843
1604748 512 0 24418294731483
1605260 512 0 24418295010124
1605772 512 0 24418295288764
1606284 512 0 24418295567404
1606796 512 0 24418295846045
1607308 512 0 24418296124685
1607820 512 0 24418296403326
1608332 512 0 24418296681966
1608844 512 0 24418296960607
1609356 512 0 24418297239247
1609868 512 0 24418297517888
1610380 512 0 24418297796528
1610892 512 0 24418298075169
1611404 512 0 24418298353809
1611916 512 0 24418298632450
1612428 512 0 24418298911090
1612940 512 0 24418299189731
1613452 512 0 24418299468371
1613964 512 0 24418299747012
1614476 512 0 24418300025652
1614988 512 0 24418300304293
1615500 512 0 24418300582933
1616012 512 0 24418300861573
1616524 512 0 24418301140214
1617036 512 0 24418301418854
1617548 512 0 24418301697495
1618060 512 0 24418301976135
1618572 512 0 24418302254776
1619084 512 0 24418302533416
1619596 512 0 24418302812057
1620108 512 0 24418303090697
1620620 512 0 24418303369338
1621132 512 0 24418303647978
1621644 512 0 24418303926618
1622156 512 0 24418304205259
1622668 512 0 24418304483899
1623180 512 0 24418304762540
1623692 512 0 24418305041180
1624204 512 0 24418305319821
1624716 512 0 24418305598461
1625228 512 0 24418305877102
1625740 512 0 24418306155742
1626252 512 0 24418306434383
1626764 512 0 24418306713023
1627276 512 0 24418306991664
1627788 512 0 24418307270304
1628300 512 0 24418307548945
1628812 512 0 24418307827585
1629324 512 0 24418308106226
1629836 512 0 24418308384866
1630348 512 0 24418308663507
1630860 512 0 24418308942147
1631372 512 0 24418309220788
1631884 512 0 24418309499428
1632396 512 0 24418309778068
1632908 512 0 24418310056709
1633420 512 0 24418310335349
1633932 512 0 24418310613990
1634444 512 0 24418310892630
1634956 512 0 24418311171271
1635468 512 0 24418311449911
1635980 512 0 24418311728552
1636492 512 0 24418312007192
1637004 512 0 24418312285833
1637516 512 0 24418312564473
1638028 512 0 24418312843115
1638540 512 0 24418313121755
1639052 512 0 24418313400396
1639564 512 0 24418313679036
1640076 512 0 24418313957676
1640588 512 0 24418314236317
1641100 512 0 24418314514957
1641612 512 0 24418314793598
1642124 512 0 24418315072238
1642636 512 0 24418315350879
1643148 512 0 24418315629519
1643660 512 0 24418315908160
1644172 512 0 24418316186800
1644684 512 0 24418316465441
1645196 512 0 24418316744081
1645708 512 0 24418317022722
1646220 512 0 24418317301362
1646732 512 0 24418317580003
1647244 512 0 24418317858643
1647756 512 0 24418318137284
1648268 512 0 24418318415924
1648780 512 0 24418318694565
1649292 512 0 24418318973205
1649804 512 0 24418319251846
1650316 512 0 24418319530486
1650828 512 0 24418319809126
1651340 512 0 24418320087767
1651852 512 0 24418320366407
1652364 512 0 24418320645048
1652876 512 0 24418320923688
1653388 512 0 24418321202329
1653900 512 0 24418321480969
1654412 512 0 24418321759610
1654924 512 0 24418322038250
1655436 512 0 24418322316890
1655948 512 0 24418322595531
1656460 512 0 24418322874171
1656972 512 0 24418323152812
1657484 512 0 24418323431452
1657996 512 0 24418323710093
1658508 512 0 24418323988733
1659020 512 0 24418324267374
1659532 512 0 24418324546014
1660044 512 0 24418324824655
1660556 512 0 24418325103295
1661068 512 0 24418325381936
1661580 512 0 24418325660576
1662092 512 0 24418325939217
1662604 512 0 24418326217857
1663116 512 0 24418326496498
1663628 512 0 24418326775138
1664140 512 0 24418327053779
1664652 512 0 24418327332419
1665164 512 0 24418327611060
1665676 512 0 24418327889700
1666188 512 0 24418328168340
1666700 512 0 24418328446981
1667212 512 0 24418328725621
1667724 512 0 24418329004262
1668236 512 0 24418329282902
1668748 512 0 24418329561543
