9436 512 0 24420082434095
9948 512 0 24420082712734
10460 512 0 24420082991374
10972 512 0 24420083270013
11484 512 0 24420083548653
11996 512 0 24420083827292
12508 512 0 24420084105931
13020 512 0 24420084384571
13532 512 0 24420084663210
14044 512 0 24420084941850
14556 512 0 24420085220489
15068 512 0 24420085499129
15580 512 0 24420085777768
16092 512 0 24420086056407
16604 512 0 24420086335047
17116 512 0 24420086613686
17628 512 0 24420086892326
18140 512 0 24420087170965
18652 512 0 24420087449605
19164 512 0 24420087728244
19676 512 0 24420088006884
20188 512 0 24420088285523
20700 512 0 24420088564162
21212 512 0 24420088842802
21724 512 0 24420089121441
22236 512 0 24420089400081
22748 512 0 24420089678720
23260 512 0 24420089957360
23772 512 0 24420090235999
24284 512 0 24420090514638
24796 512 0 24420090793278
25308 512 0 24420091071916
25820 512 0 24420091350555
26332 512 0 24420091629194
26844 512 0 24420091907834
27356 512 0 24420092186473
27868 512 0 24420092465112
28380 512 0 24420092743752
28892 512 0 24420093022391
29404 512 0 24420093301031
29916 512 0 24420093579670
30428 512 0 24420093858309
30940 512 0 24420094136949
31452 512 0 24420094415588
31964 512 0 24420094694228
32476 512 0 24420094972867
32988 512 0 24420095251506
33500 512 0 24420095530160
34012 512 0 24420095808800
34524 512 0 24420096087439
35036 512 0 24420096366079
35548 512 0 24420096644719
36060 512 0 24420096923359
36572 512 0 24420097201998
37084 512 0 24420097480638
37596 512 0 24420097759278
38108 512 0 24420098037918
38620 512 0 24420098316557
39132 512 0 24420098595197
39644 512 0 24420098873837
40156 512 0 24420099152477
40668 512 0 24420099431116
41180 512 0 24420099709756
41692 512 0 24420099988411
42204 512 0 24420100267051
42716 512 0 24420100545691
43228 512 0 24420100824331
43740 512 0 24420101102972
44252 512 0 24420101381612
44764 512 0 24420101660252
45276 512 0 24420101938892
45788 512 0 24420102217532
46300 512 0 24420102496172
46812 512 0 24420102774812
47324 512 0 24420103053452
47836 512 0 24420103332092
48348 512 0 24420103610732
48860 512 0 24420103889372
49372 512 0 24420104168012
49884 512 0 24420104446658
50396 512 0 24420104725299
50908 512 0 24420105003939
51420 512 0 24420105282579
51932 512 0 24420105561219
52444 512 0 24420105839859
52956 512 0 24420106118500
53468 512 0 24420106397140
53980 512 0 24420106675780
54492 512 0 24420106954420
55004 512 0 24420107233060
55516 512 0 24420107511700
56028 512 0 24420107790341
56540 512 0 24420108068981
57052 512 0 24420108347621
57564 512 0 24420108626261
58076 512 0 24420108904904
58588 512 0 24420109183545
59100 512 0 24420109462185
59612 512 0 24420109740825
60124 512 0 24420110019465
60636 512 0 24420110298106
61148 512 0 24420110576746
61660 512 0 24420110855386
62172 512 0 24420111134026
62684 512 0 24420111412667
63196 512 0 24420111691307
63708 512 0 24420111969947
64220 512 0 24420112248587
64732 512 0 24420112527228
65244 512 0 24420112805868
65756 512 0 24420113084508
66268 512 0 24420113363153
66780 512 0 24420113641793
67292 512 0 24420113920434
67804 512 0 24420114199074
68316 512 0 24420114477714
68828 512 0 24420114756355
69340 512 0 24420115034995
69852 512 0 24420115313636
70364 512 0 24420115592276
70876 512 0 24420115870916
71388 512 0 24420116149557
71900 512 0 24420116428197
72412 512 0 24420116706837
72924 512 0 24420116985478
73436 512 0 24420117264118
73948 512 0 24420117542758
74460 512 0 24420117821401
74972 512 0 24420118100041
75484 512 0 24420118378681
75996 512 0 24420118657322
76508 512 0 24420118935962
77020 512 0 24420119214602
77532 512 0 24420119493243
78044 512 0 24420119771883
78556 512 0 24420120050523
79068 512 0 24420120329164
79580 512 0 24420120607804
80092 512 0 24420120886445
80604 512 0 24420121165085
81116 512 0 24420121443725
81628 512 0 24420121722366
82140 512 0 24420122001006
82652 512 0 24420122279647
83164 512 0 24420122558287
83676 512 0 24420122836927
84188 512 0 24420123115568
84700 512 0 24420123394208
85212 512 0 24420123672848
85724 512 0 24420123951489
86236 512 0 24420124230129
86748 512 0 24420124508770
87260 512 0 24420124787410
87772 512 0 24420125066050
88284 512 0 24420125344691
88796 512 0 24420125623331
89308 512 0 24420125901971
89820 512 0 24420126180612
90332 512 0 24420126459252
90844 512 0 24420126737890
91356 512 0 24420127016530
91868 512 0 24420127295171
92380 512 0 24420127573811
92892 512 0 24420127852451
93404 512 0 24420128131092
93916 512 0 24420128409732
94428 512 0 24420128688372
94940 512 0 24420128967013
95452 512 0 24420129245653
95964 512 0 24420129524293
96476 512 0 24420129802934
96988 512 0 24420130081574
97500 512 0 24420130360214
98012 512 0 24420130638855
98524 512 0 24420130917495
99036 512 0 24420131196136
99548 512 0 24420131474777
100060 512 0 24420131753417
100572 512 0 24420132032057
101084 512 0 24420132310698
101596 512 0 24420132589338
102108 512 0 24420132867978
102620 512 0 24420133146619
103132 512 0 24420133425259
103644 512 0 24420133703899
104156 512 0 24420133982540
104668 512 0 24420134261180
105180 512 0 24420134539820
105692 512 0 24420134818461
106204 512 0 24420135097101
106716 512 0 24420135375741
107228 512 0 24420135654384
107740 512 0 24420135933024
108252 512 0 24420136211664
108764 512 0 24420136490305
109276 512 0 24420136768945
109788 512 0 24420137047585
110300 512 0 24420137326226
110812 512 0 24420137604866
111324 512 0 24420137883507
111836 512 0 24420138162147
112348 512 0 24420138440787
112860 512 0 24420138719428
113372 512 0 24420138998068
113884 512 0 24420139276708
114396 512 0 24420139555349
114908 512 0 24420139833989
115420 512 0 24420140112630
115932 512 0 24420140391270
116444 512 0 24420140669910
116956 512 0 24420140948551
117468 512 0 24420141227191
117980 512 0 24420141505831
118492 512 0 24420141784472
119004 512 0 24420142063112
119516 512 0 24420142341753
120028 512 0 24420142620393
120540 512 0 24420142899033
121052 512 0 24420143177674
121564 512 0 24420143456314
122076 512 0 24420143734954
122588 512 0 24420144013595
123100 512 0 24420144292235
123612 512 0 24420144570874
124124 512 0 24420144849515
124636 512 0 24420145128155
125148 512 0 24420145406795
125660 512 0 24420145685436
126172 512 0 24420145964076
126684 512 0 24420146242716
127196 512 0 24420146521357
127708 512 0 24420146799997
128220 512 0 24420147078638
128732 512 0 24420147357278
129244 512 0 24420147635918
129756 512 0 24420147914559
130268 512 0 24420148193199
130780 512 0 24420148471839
131292 512 0 24420148750480
131804 512 0 24420149029122
132316 512 0 24420149307762
132828 512 0 24420149586402
133340 512 0 24420149865043
133852 512 0 24420150143683
134364 512 0 24420150422324
134876 512 0 24420150700964
135388 512 0 24420150979604
135900 512 0 24420151258245
136412 512 0 24420151536885
136924 512 0 24420151815525
137436 512 0 24420152094166
137948 512 0 24420152372806
138460 512 0 24420152651447
138972 512 0 24420152930087
139484 512 0 24420153208727
139996 512 0 24420153487370
140508 512 0 24420153766010
141020 512 0 24420154044651
141532 512 0 24420154323291
142044 512 0 24420154601931
142556 512 0 24420154880572
143068 512 0 24420155159212
143580 512 0 24420155437853
144092 512 0 24420155716493
144604 512 0 24420155995133
145116 512 0 24420156273774
145628 512 0 24420156552414
146140 512 0 24420156831055
146652 512 0 24420157109695
147164 512 0 24420157388335
147676 512 0 24420157666976
148188 512 0 24420157945616
148700 512 0 24420158224256
149212 512 0 24420158502897
149724 512 0 24420158781537
150236 512 0 24420159060177
150748 512 0 24420159338818
151260 512 0 24420159617458
151772 512 0 24420159896099
152284 512 0 24420160174739
152796 512 0 24420160453379
153308 512 0 24420160732020
153820 512 0 24420161010660
154332 512 0 24420161289301
154844 512 0 24420161567941
155356 512 0 24420161846581
155868 512 0 24420162125222
156380 512 0 24420162403863
156892 512 0 24420162682503
157404 512 0 24420162961144
157916 512 0 24420163239784
158428 512 0 24420163518425
158940 512 0 24420163797065
159452 512 0 24420164075705
159964 512 0 24420164354346
160476 512 0 24420164632986
160988 512 0 24420164911627
161500 512 0 24420165190267
162012 512 0 24420165468907
162524 512 0 24420165747548
163036 512 0 24420166026188
163548 512 0 24420166304828
164060 512 0 24420166583469
164572 512 0 24420166862111
165084 512 0 24420167140752
165596 512 0 24420167419392
166108 512 0 24420167698032
166620 512 0 24420167976673
167132 512 0 24420168255313
167644 512 0 24420168533954
168156 512 0 24420168812594
168668 512 0 24420169091234
169180 512 0 24420169369875
169692 512 0 24420169648515
170204 512 0 24420169927156
170716 512 0 24420170205796
171228 512 0 24420170484436
171740 512 0 24420170763077
172252 512 0 24420171041717
172764 512 0 24420171320357
173276 512 0 24420171598998
173788 512 0 24420171877638
174300 512 0 24420172156278
174812 512 0 24420172434919
175324 512 0 24420172713559
175836 512 0 24420172992200
176348 512 0 24420173270840
176860 512 0 24420173549480
177372 512 0 24420173828121
177884 512 0 24420174106761
178396 512 0 24420174385402
178908 512 0 24420174664042
179420 512 0 24420174942682
179932 512 0 24420175221323
180444 512 0 24420175499963
180956 512 0 24420175778604
181468 512 0 24420176057245
181980 512 0 24420176335885
182492 512 0 24420176614525
183004 512 0 24420176893166
183516 512 0 24420177171806
184028 512 0 24420177450447
184540 512 0 24420177729087
185052 512 0 24420178007727
185564 512 0 24420178286368
186076 512 0 24420178565008
186588 512 0 24420178843649
187100 512 0 24420179122289
187612 512 0 24420179400929
188124 512 0 24420179679570
188636 512 0 24420179958210
189148 512 0 24420180236852
189660 512 0 24420180515493
190172 512 0 24420180794133
190684 512 0 24420181072774
191196 512 0 24420181351414
191708 512 0 24420181630054
192220 512 0 24420181908695
192732 512 0 24420182187335
193244 512 0 24420182465976
193756 512 0 24420182744616
194268 512 0 24420183023256
194780 512 0 24420183301897
195292 512 0 24420183580537
195804 512 0 24420183859178
196316 512 0 24420184137818
196828 512 0 24420184416459
197340 512 0 24420184695099
197852 512 0 24420184973740
198364 512 0 24420185252380
198876 512 0 24420185531021
199388 512 0 24420185809661
199900 512 0 24420186088301
200412 512 0 24420186366942
200924 512 0 24420186645582
201436 512 0 24420186924223
201948 512 0 24420187202863
202460 512 0 24420187481504
202972 512 0 24420187760144
203484 512 0 24420188038784
203996 512 0 24420188317425
204508 512 0 24420188596065
205020 512 0 24420188874706
205532 512 0 24420189153345
206044 512 0 24420189431986
206556 512 0 24420189710626
207068 512 0 24420189989267
207580 512 0 24420190267907
208092 512 0 24420190546547
208604 512 0 24420190825188
209116 512 0 24420191103828
209628 512 0 24420191382469
210140 512 0 24420191661109
210652 512 0 24420191939749
211164 512 0 24420192218390
211676 512 0 24420192497030
212188 512 0 24420192775671
212700 512 0 24420193054311
213212 512 0 24420193332951
213724 512 0 24420193611592
214236 512 0 24420193890233
214748 512 0 24420194168873
215260 512 0 24420194447514
215772 512 0 24420194726154
216284 512 0 24420195004794
216796 512 0 24420195283435
217308 512 0 24420195562075
217820 512 0 24420195840716
218332 512 0 24420196119356
218844 512 0 24420196397997
219356 512 0 24420196676637
219868 512 0 24420196955277
220380 512 0 24420197233918
220892 512 0 24420197512558
221404 512 0 24420197791199
221916 512 0 24420198069839
222428 512 0 24420198348480
222940 512 0 24420198627120
223452 512 0 24420198905761
223964 512 0 24420199184401
224476 512 0 24420199463041
224988 512 0 24420199741682
225500 512 0 24420200020322
226012 512 0 24420200298963
226524 512 0 24420200577603
227036 512 0 24420200856244
227548 512 0 24420201134884
228060 512 0 24420201413524
228572 512 0 24420201692165
229084 512 0 24420201970805
229596 512 0 24420202249446
230108 512 0 24420202528086
230620 512 0 24420202806727
231132 512 0 24420203085367
231644 512 0 24420203364008
232156 512 0 24420203642648
232668 512 0 24420203921289
233180 512 0 24420204199929
233692 512 0 24420204478569
234204 512 0 24420204757210
234716 512 0 24420205035850
235228 512 0 24420205314491
235740 512 0 24420205593131
236252 512 0 24420205871771
236764 512 0 24420206150412
237276 512 0 24420206429052
237788 512 0 24420206707693
238300 512 0 24420206986333
238812 512 0 24420207264974
239324 512 0 24420207543614
239836 512 0 24420207822255
240348 512 0 24420208100895
240860 512 0 24420208379536
241372 512 0 24420208658176
241884 512 0 24420208936816
242396 512 0 24420209215457
242908 512 0 24420209494097
243420 512 0 24420209772738
243932 512 0 24420210051378
244444 512 0 24420210330019
244956 512 0 24420210608659
245468 512 0 24420210887299
245980 512 0 24420211165940
246492 512 0 24420211444580
247004 512 0 24420211723221
247516 512 0 24420212001861
248028 512 0 24420212280502
248540 512 0 24420212559142
249052 512 0 24420212837783
249564 512 0 24420213116423
250076 512 0 24420213395063
250588 512 0 24420213673704
251100 512 0 24420213952344
251612 512 0 24420214230985
252124 512 0 24420214509625
252636 512 0 24420214788266
253148 512 0 24420215066906
253660 512 0 24420215345546
254172 512 0 24420215624187
254684 512 0 24420215902829
255196 512 0 24420216181469
255708 512 0 24420216460109
256220 512 0 24420216738750
256732 512 0 24420217017390
257244 512 0 24420217296031
257756 512 0 24420217574671
258268 512 0 24420217853312
258780 512 0 24420218131952
259292 512 0 24420218410592
259804 512 0 24420218689233
260316 512 0 24420218967873
260828 512 0 24420219246514
261340 512 0 24420219525154
261852 512 0 24420219803795
262364 512 0 24420220082435
262876 512 0 24420220361075
263388 512 0 24420220639715
263900 512 0 24420220918355
264412 512 0 24420221196996
264924 512 0 24420221475636
265436 512 0 24420221754277
265948 512 0 24420222032917
266460 512 0 24420222311558
266972 512 0 24420222590198
267484 512 0 24420222868838
267996 512 0 24420223147479
268508 512 0 24420223426119
269020 512 0 24420223704760
269532 512 0 24420223983400
270044 512 0 24420224262040
270556 512 0 24420224540681
271068 512 0 24420224819322
271580 512 0 24420225097962
272092 512 0 24420225376602
272604 512 0 24420225655243
273116 512 0 24420225933883
273628 512 0 24420226212524
274140 512 0 24420226491164
274652 512 0 24420226769805
275164 512 0 24420227048445
275676 512 0 24420227327085
276188 512 0 24420227605726
276700 512 0 24420227884366
277212 512 0 24420228163007
277724 512 0 24420228441647
278236 512 0 24420228720288
278748 512 0 24420228998928
279260 512 0 24420229277570
279772 512 0 24420229556210
280284 512 0 24420229834851
280796 512 0 24420230113491
281308 512 0 24420230392131
281820 512 0 24420230670772
282332 512 0 24420230949412
282844 512 0 24420231228053
283356 512 0 24420231506693
283868 512 0 24420231785334
284380 512 0 24420232063974
284892 512 0 24420232342614
285404 512 0 24420232621255
285916 512 0 24420232899895
286428 512 0 24420233178536
286940 512 0 24420233457176
287452 512 0 24420233735817
287964 512 0 24420234014457
288476 512 0 24420234293098
288988 512 0 24420234571738
289500 512 0 24420234850378
290012 512 0 24420235129019
290524 512 0 24420235407659
291036 512 0 24420235686300
291548 512 0 24420235964940
292060 512 0 24420236243581
292572 512 0 24420236522221
293084 512 0 24420236800861
293596 512 0 24420237079502
294108 512 0 24420237358142
294620 512 0 24420237636783
295132 512 0 24420237915423
295644 512 0 24420238194064
296156 512 0 24420238472704
296668 512 0 24420238751345
297180 512 0 24420239029985
297692 512 0 24420239308625
298204 512 0 24420239587266
298716 512 0 24420239865906
299228 512 0 24420240144547
299740 512 0 24420240423187
300252 512 0 24420240701828
300764 512 0 24420240980468
301276 512 0 24420241259108
301788 512 0 24420241537749
302300 512 0 24420241816389
302812 512 0 24420242095030
303324 512 0 24420242373670
303836 512 0 24420242652311
304348 512 0 24420242930951
304860 512 0 24420243209592
305372 512 0 24420243488232
305884 512 0 24420243766872
306396 512 0 24420244045513
306908 512 0 24420244324153
307420 512 0 24420244602794
307932 512 0 24420244881434
308444 512 0 24420245160075
308956 512 0 24420245438715
309468 512 0 24420245717355
309980 512 0 24420245995996
310492 512 0 24420246274636
311004 512 0 24420246553277
311516 512 0 24420246831917
312028 512 0 24420247110558
312540 512 0 24420247389198
313052 512 0 24420247667839
313564 512 0 24420247946479
314076 512 0 24420248225119
314588 512 0 24420248503760
315100 512 0 24420248782400
315612 512 0 24420249061041
316124 512 0 24420249339681
316636 512 0 24420249618322
317148 512 0 24420249896962
317660 512 0 24420250175602
318172 512 0 24420250454243
318684 512 0 24420250732883
319196 512 0 24420251011524
319708 512 0 24420251290164
320220 512 0 24420251568805
320732 512 0 24420251847445
321244 512 0 24420252126086
321756 512 0 24420252404726
322268 512 0 24420252683366
322780 512 0 24420252962007
323292 512 0 24420253240647
323804 512 0 24420253519288
324316 512 0 24420253797928
324828 512 0 24420254076569
325340 512 0 24420254355209
325852 512 0 24420254633849
326364 512 0 24420254912490
326876 512 0 24420255191130
327388 512 0 24420255469771
327900 512 0 24420255748411
328412 512 0 24420256027052
328924 512 0 24420256305692
329436 512 0 24420256584333
329948 512 0 24420256862973
330460 512 0 24420257141613
330972 512 0 24420257420254
331484 512 0 24420257698894
331996 512 0 24420257977535
332508 512 0 24420258256175
333020 512 0 24420258534816
333532 512 0 24420258813456
334044 512 0 24420259092097
334556 512 0 24420259370737
335068 512 0 24420259649377
335580 512 0 24420259928018
336092 512 0 24420260206658
336604 512 0 24420260485300
337116 512 0 24420260763940
337628 512 0 24420261042581
338140 512 0 24420261321221
338652 512 0 24420261599862
339164 512 0 24420261878502
339676 512 0 24420262157142
340188 512 0 24420262435783
340700 512 0 24420262714423
341212 512 0 24420262993064
341724 512 0 24420263271704
342236 512 0 24420263550345
342748 512 0 24420263828985
343260 512 0 24420264107626
343772 512 0 24420264386266
344284 512 0 24420264664906
344796 512 0 24420264943547
345308 512 0 24420265222187
345820 512 0 24420265500828
346332 512 0 24420265779468
346844 512 0 24420266058109
347356 512 0 24420266336749
347868 512 0 24420266615389
348380 512 0 24420266894030
348892 512 0 24420267172670
349404 512 0 24420267451311
349916 512 0 24420267729951
350428 512 0 24420268008592
350940 512 0 24420268287232
351452 512 0 24420268565873
351964 512 0 24420268844513
352476 512 0 24420269123153
352988 512 0 24420269401794
353500 512 0 24420269680434
354012 512 0 24420269959075
354524 512 0 24420270237715
355036 512 0 24420270516356
355548 512 0 24420270794996
356060 512 0 24420271073636
356572 512 0 24420271352277
357084 512 0 24420271630917
357596 512 0 24420271909558
358108 512 0 24420272188198
358620 512 0 24420272466839
359132 512 0 24420272745479
359644 512 0 24420273024120
360156 512 0 24420273302760
360668 512 0 24420273581400
361180 512 0 24420273860039
361692 512 0 24420274138679
362204 512 0 24420274417319
362716 512 0 24420274695960
363228 512 0 24420274974600
363740 512 0 24420275253241
364252 512 0 24420275531881
364764 512 0 24420275810522
365276 512 0 24420276089162
365788 512 0 24420276367802
366300 512 0 24420276646443
366812 512 0 24420276925083
367324 512 0 24420277203724
367836 512 0 24420277482364
368348 512 0 24420277761005
368860 512 0 24420278039645
369372 512 0 24420278318287
369884 512 0 24420278596927
370396 512 0 24420278875568
370908 512 0 24420279154208
371420 512 0 24420279432848
371932 512 0 24420279711489
372444 512 0 24420279990129
372956 512 0 24420280268770
373468 512 0 24420280547410
373980 512 0 24420280826051
374492 512 0 24420281104691
375004 512 0 24420281383332
375516 512 0 24420281661972
376028 512 0 24420281940612
376540 512 0 24420282219253
377052 512 0 24420282497893
377564 512 0 24420282776534
378076 512 0 24420283055174
378588 512 0 24420283333815
379100 512 0 24420283612455
379612 512 0 24420283891095
380124 512 0 24420284169736
380636 512 0 24420284448376
381148 512 0 24420284727017
381660 512 0 24420285005657
382172 512 0 24420285284298
382684 512 0 24420285562938
383196 512 0 24420285841579
383708 512 0 24420286120219
384220 512 0 24420286398859
384732 512 0 24420286677500
385244 512 0 24420286956140
385756 512 0 24420287234780
386268 512 0 24420287513420
386780 512 0 24420287792060
387292 512 0 24420288070701
387804 512 0 24420288349341
388316 512 0 24420288627982
388828 512 0 24420288906622
389340 512 0 24420289185263
389852 512 0 24420289463903
390364 512 0 24420289742543
390876 512 0 24420290021184
391388 512 0 24420290299824
391900 512 0 24420290578465
392412 512 0 24420290857105
392924 512 0 24420291135746
393436 512 0 24420291414386
393948 512 0 24420291693026
394460 512 0 24420291971666
394972 512 0 24420292250306
395484 512 0 24420292528947
395996 512 0 24420292807587
396508 512 0 24420293086228
397020 512 0 24420293364868
397532 512 0 24420293643508
398044 512 0 24420293922149
398556 512 0 24420294200789
399068 512 0 24420294479430
399580 512 0 24420294758070
400092 512 0 24420295036711
400604 512 0 24420295315351
401116 512 0 24420295593991
401628 512 0 24420295872632
402140 512 0 24420296151274
402652 512 0 24420296429914
403164 512 0 24420296708555
403676 512 0 24420296987195
404188 512 0 24420297265835
404700 512 0 24420297544476
405212 512 0 24420297823116
405724 512 0 24420298101757
406236 512 0 24420298380397
406748 512 0 24420298659038
407260 512 0 24420298937678
407772 512 0 24420299216318
408284 512 0 24420299494959
408796 512 0 24420299773599
409308 512 0 24420300052240
409820 512 0 24420300330880
410332 512 0 24420300609521
410844 512 0 24420300888161
411356 512 0 24420301166802
411868 512 0 24420301445442
412380 512 0 24420301724082
412892 512 0 24420302002723
413404 512 0 24420302281363
413916 512 0 24420302560004
414428 512 0 24420302838644
414940 512 0 24420303117285
415452 512 0 24420303395925
415964 512 0 24420303674565
416476 512 0 24420303953206
416988 512 0 24420304231846
417500 512 0 24420304510487
418012 512 0 24420304789127
418524 512 0 24420305067768
419036 512 0 24420305346408
419548 512 0 24420305625049
420060 512 0 24420305903689
420572 512 0 24420306182329
421084 512 0 24420306460970
421596 512 0 24420306739610
422108 512 0 24420307018251
422620 512 0 24420307296891
423132 512 0 24420307575532
423644 512 0 24420307854172
424156 512 0 24420308132812
424668 512 0 24420308411453
425180 512 0 24420308690093
425692 512 0 24420308968734
426204 512 0 24420309247374
426716 512 0 24420309526014
427228 512 0 24420309804654
427740 512 0 24420310083294
428252 512 0 24420310361935
428764 512 0 24420310640575
429276 512 0 24420310919216
429788 512 0 24420311197856
430300 512 0 24420311476497
430812 512 0 24420311755137
431324 512 0 24420312033777
431836 512 0 24420312312418
432348 512 0 24420312591058
432860 512 0 24420312869699
433372 512 0 24420313148339
433884 512 0 24420313426980
434396 512 0 24420313705620
434908 512 0 24420313984261
435420 512 0 24420314262901
435932 512 0 24420314541541
436444 512 0 24420314820182
436956 512 0 24420315098822
437468 512 0 24420315377463
437980 512 0 24420315656103
438492 512 0 24420315934744
439004 512 0 24420316213384
439516 512 0 24420316492024
440028 512 0 24420316770665
440540 512 0 24420317049305
441052 512 0 24420317327946
441564 512 0 24420317606586
442076 512 0 24420317885227
442588 512 0 24420318163867
443100 512 0 24420318442506
443612 512 0 24420318721147
444124 512 0 24420318999787
444636 512 0 24420319278428
445148 512 0 24420319557068
445660 512 0 24420319835709
446172 512 0 24420320114349
446684 512 0 24420320392989
447196 512 0 24420320671630
447708 512 0 24420320950270
448220 512 0 24420321228911
448732 512 0 24420321507551
449244 512 0 24420321786192
449756 512 0 24420322064832
450268 512 0 24420322343472
450780 512 0 24420322622113
451292 512 0 24420322900754
451804 512 0 24420323179394
452316 512 0 24420323458034
452828 512 0 24420323736675
453340 512 0 24420324015315
453852 512 0 24420324293956
454364 512 0 24420324572596
454876 512 0 24420324851236
455388 512 0 24420325129877
455900 512 0 24420325408517
456412 512 0 24420325687158
456924 512 0 24420325965798
457436 512 0 24420326244439
457948 512 0 24420326523079
458460 512 0 24420326801719
458972 512 0 24420327080360
459484 512 0 24420327359001
459996 512 0 24420327637641
460508 512 0 24420327916281
461020 512 0 24420328194922
461532 512 0 24420328473562
462044 512 0 24420328752203
462556 512 0 24420329030843
463068 512 0 24420329309484
463580 512 0 24420329588124
464092 512 0 24420329866764
464604 512 0 24420330145405
465116 512 0 24420330424045
465628 512 0 24420330702686
466140 512 0 24420330981326
466652 512 0 24420331259966
467164 512 0 24420331538607
467676 512 0 24420331817248
468188 512 0 24420332095888
468700 512 0 24420332374528
469212 512 0 24420332653169
469724 512 0 24420332931809
470236 512 0 24420333210450
470748 512 0 24420333489090
471260 512 0 24420333767731
471772 512 0 24420334046371
472284 512 0 24420334325011
472796 512 0 24420334603652
473308 512 0 24420334882292
473820 512 0 24420335160933
474332 512 0 24420335439573
474844 512 0 24420335718214
475356 512 0 24420335996854
475868 512 0 24420336275493
476380 512 0 24420336554134
476892 512 0 24420336832774
477404 512 0 24420337111415
477916 512 0 24420337390055
478428 512 0 24420337668696
478940 512 0 24420337947336
479452 512 0 24420338225976
479964 512 0 24420338504617
480476 512 0 24420338783257
480988 512 0 24420339061898
481500 512 0 24420339340538
482012 512 0 24420339619179
482524 512 0 24420339897819
483036 512 0 24420340176459
483548 512 0 24420340455100
484060 512 0 24420340733741
484572 512 0 24420341012381
485084 512 0 24420341291021
485596 512 0 24420341569662
486108 512 0 24420341848302
486620 512 0 24420342126943
487132 512 0 24420342405583
487644 512 0 24420342684223
488156 512 0 24420342962864
488668 512 0 24420343241504
489180 512 0 24420343520145
489692 512 0 24420343798785
490204 512 0 24420344077426
490716 512 0 24420344356066
491228 512 0 24420344634706
491740 512 0 24420344913347
492252 512 0 24420345191988
492764 512 0 24420345470628
493276 512 0 24420345749268
493788 512 0 24420346027909
494300 512 0 24420346306549
494812 512 0 24420346585190
495324 512 0 24420346863830
495836 512 0 24420347142470
496348 512 0 24420347421111
496860 512 0 24420347699751
497372 512 0 24420347978392
497884 512 0 24420348257032
498396 512 0 24420348535673
498908 512 0 24420348814313
499420 512 0 24420349092953
499932 512 0 24420349371594
500444 512 0 24420349650236
500956 512 0 24420349928876
501468 512 0 24420350207517
501980 512 0 24420350486157
502492 512 0 24420350764797
503004 512 0 24420351043438
503516 512 0 24420351322078
504028 512 0 24420351600719
504540 512 0 24420351879359
505052 512 0 24420352158000
505564 512 0 24420352436640
506076 512 0 24420352715280
506588 512 0 24420352993921
507100 512 0 24420353272561
507612 512 0 24420353551202
508124 512 0 24420353829842
508636 512 0 24420354108483
509148 512 0 24420354387123
509660 512 0 24420354665764
510172 512 0 24420354944404
510684 512 0 24420355223044
511196 512 0 24420355501685
511708 512 0 24420355780325
512220 512 0 24420356058966
512732 512 0 24420356337606
513244 512 0 24420356616247
513756 512 0 24420356894887
514268 512 0 24420357173527
514780 512 0 24420357452168
515292 512 0 24420357730808
515804 512 0 24420358009449
516316 512 0 24420358288089
516828 512 0 24420358566731
517340 512 0 24420358845371
517852 512 0 24420359124012
518364 512 0 24420359402652
518876 512 0 24420359681293
519388 512 0 24420359959933
519900 512 0 24420360238573
520412 512 0 24420360517214
520924 512 0 24420360795854
521436 512 0 24420361074495
521948 512 0 24420361353135
522460 512 0 24420361631776
522972 512 0 24420361910416
523484 512 0 24420362189056
523996 512 0 24420362467697
524508 512 0 24420362746337
525020 512 0 24420363024977
525532 512 0 24420363303617
526044 512 0 24420363582258
526556 512 0 24420363860898
527068 512 0 24420364139538
527580 512 0 24420364418179
528092 512 0 24420364696819
528604 512 0 24420364975460
529116 512 0 24420365254100
529628 512 0 24420365532741
530140 512 0 24420365811381
530652 512 0 24420366090021
531164 512 0 24420366368662
531676 512 0 24420366647302
532188 512 0 24420366925943
532700 512 0 24420367204583
533212 512 0 24420367483224
533724 512 0 24420367761864
534236 512 0 24420368040505
534748 512 0 24420368319145
535260 512 0 24420368597785
535772 512 0 24420368876426
536284 512 0 24420369155066
536796 512 0 24420369433707
537308 512 0 24420369712347
537820 512 0 24420369990988
538332 512 0 24420370269628
538844 512 0 24420370548268
539356 512 0 24420370826909
539868 512 0 24420371105549
540380 512 0 24420371384190
540892 512 0 24420371662830
541404 512 0 24420371941471
541916 512 0 24420372220111
542428 512 0 24420372498752
542940 512 0 24420372777392
543452 512 0 24420373056032
543964 512 0 24420373334673
544476 512 0 24420373613313
544988 512 0 24420373891954
545500 512 0 24420374170594
546012 512 0 24420374449235
546524 512 0 24420374727875
547036 512 0 24420375006515
547548 512 0 24420375285156
548060 512 0 24420375563796
548572 512 0 24420375842437
549084 512 0 24420376121077
549596 512 0 24420376399719
550108 512 0 24420376678359
550620 512 0 24420376957000
551132 512 0 24420377235640
551644 512 0 24420377514281
552156 512 0 24420377792921
552668 512 0 24420378071561
553180 512 0 24420378350202
553692 512 0 24420378628842
554204 512 0 24420378907483
554716 512 0 24420379186123
555228 512 0 24420379464764
555740 512 0 24420379743404
556252 512 0 24420380022045
556764 512 0 24420380300685
557276 512 0 24420380579325
557788 512 0 24420380857966
558300 512 0 24420381136606
558812 512 0 24420381415247
559324 512 0 24420381693887
559836 512 0 24420381972528
560348 512 0 24420382251168
560860 512 0 24420382529808
561372 512 0 24420382808449
561884 512 0 24420383087089
562396 512 0 24420383365730
562908 512 0 24420383644370
563420 512 0 24420383923011
563932 512 0 24420384201651
564444 512 0 24420384480292
564956 512 0 24420384758932
565468 512 0 24420385037572
565980 512 0 24420385316212
566492 512 0 24420385594852
567004 512 0 24420385873493
567516 512 0 24420386152133
568028 512 0 24420386430773
568540 512 0 24420386709414
569052 512 0 24420386988054
569564 512 0 24420387266695
570076 512 0 24420387545335
570588 512 0 24420387823976
571100 512 0 24420388102616
571612 512 0 24420388381256
572124 512 0 24420388659897
572636 512 0 24420388938537
573148 512 0 24420389217178
573660 512 0 24420389495818
574172 512 0 24420389774459
574684 512 0 24420390053099
575196 512 0 24420390331740
575708 512 0 24420390610380
576220 512 0 24420390889020
576732 512 0 24420391167661
577244 512 0 24420391446301
577756 512 0 24420391724942
578268 512 0 24420392003582
578780 512 0 24420392282223
579292 512 0 24420392560863
579804 512 0 24420392839503
580316 512 0 24420393118144
580828 512 0 24420393396784
581340 512 0 24420393675425
581852 512 0 24420393954065
582364 512 0 24420394232706
582876 512 0 24420394511346
583388 512 0 24420394789987
583900 512 0 24420395068627
584412 512 0 24420395347267
584924 512 0 24420395625908
585436 512 0 24420395904548
585948 512 0 24420396183189
586460 512 0 24420396461829
586972 512 0 24420396740470
587484 512 0 24420397019110
587996 512 0 24420397297750
588508 512 0 24420397576391
589020 512 0 24420397855031
589532 512 0 24420398133672
590044 512 0 24420398412312
590556 512 0 24420398690953
591068 512 0 24420398969593
591580 512 0 24420399248234
592092 512 0 24420399526874
592604 512 0 24420399805514
593116 512 0 24420400084155
593628 512 0 24420400362795
594140 512 0 24420400641436
594652 512 0 24420400920076
595164 512 0 24420401198717
595676 512 0 24420401477357
596188 512 0 24420401755997
596700 512 0 24420402034638
597212 512 0 24420402313278
597724 512 0 24420402591919
598236 512 0 24420402870559
598748 512 0 24420403149200
599260 512 0 24420403427840
599772 512 0 24420403706481
600284 512 0 24420403985121
600796 512 0 24420404263761
601308 512 0 24420404542402
601820 512 0 24420404821042
602332 512 0 24420405099683
602844 512 0 24420405378323
603356 512 0 24420405656964
603868 512 0 24420405935604
604380 512 0 24420406214244
604892 512 0 24420406492885
605404 512 0 24420406771525
605916 512 0 24420407050166
606428 512 0 24420407328806
606940 512 0 24420407607447
607452 512 0 24420407886087
607964 512 0 24420408164728
608476 512 0 24420408443368
608988 512 0 24420408722008
609500 512 0 24420409000649
610012 512 0 24420409279289
610524 512 0 24420409557930
611036 512 0 24420409836570
611548 512 0 24420410115211
612060 512 0 24420410393851
612572 512 0 24420410672491
613084 512 0 24420410951132
613596 512 0 24420411229772
614108 512 0 24420411508413
614620 512 0 24420411787053
615132 512 0 24420412065694
615644 512 0 24420412344334
616156 512 0 24420412622975
616668 512 0 24420412901615
617180 512 0 24420413180255
617692 512 0 24420413458896
618204 512 0 24420413737536
618716 512 0 24420414016177
619228 512 0 24420414294817
619740 512 0 24420414573458
620252 512 0 24420414852098
620764 512 0 24420415130739
621276 512 0 24420415409379
621788 512 0 24420415688019
622300 512 0 24420415966660
622812 512 0 24420416245300
623324 512 0 24420416523940
623836 512 0 24420416802580
624348 512 0 24420417081220
624860 512 0 24420417359861
625372 512 0 24420417638501
625884 512 0 24420417917142
626396 512 0 24420418195782
626908 512 0 24420418474423
627420 512 0 24420418753063
627932 512 0 24420419031703
628444 512 0 24420419310344
628956 512 0 24420419588984
629468 512 0 24420419867625
629980 512 0 24420420146265
630492 512 0 24420420424906
631004 512 0 24420420703546
631516 512 0 24420420982188
632028 512 0 24420421260828
632540 512 0 24420421539469
633052 512 0 24420421818109
633564 512 0 24420422096749
634076 512 0 24420422375390
634588 512 0 24420422654030
635100 512 0 24420422932671
635612 512 0 24420423211311
636124 512 0 24420423489952
636636 512 0 24420423768592
637148 512 0 24420424047233
637660 512 0 24420424325873
638172 512 0 24420424604513
638684 512 0 24420424883154
639196 512 0 24420425161794
639708 512 0 24420425440435
640220 512 0 24420425719075
640732 512 0 24420425997716
641244 512 0 24420426276356
641756 512 0 24420426554996
642268 512 0 24420426833637
642780 512 0 24420427112277
643292 512 0 24420427390918
643804 512 0 24420427669558
644316 512 0 24420427948199
644828 512 0 24420428226839
645340 512 0 24420428505480
645852 512 0 24420428784120
646364 512 0 24420429062760
646876 512 0 24420429341401
647388 512 0 24420429620041
647900 512 0 24420429898681
648412 512 0 24420430177321
648924 512 0 24420430455961
649436 512 0 24420430734602
649948 512 0 24420431013242
650460 512 0 24420431291883
650972 512 0 24420431570523
651484 512 0 24420431849164
651996 512 0 24420432127804
652508 512 0 24420432406445
653020 512 0 24420432685085
653532 512 0 24420432963725
654044 512 0 24420433242366
654556 512 0 24420433521006
655068 512 0 24420433799647
655580 512 0 24420434078287
656092 512 0 24420434356928
656604 512 0 24420434635568
657116 512 0 24420434914209
657628 512 0 24420435192849
658140 512 0 24420435471489
658652 512 0 24420435750130
659164 512 0 24420436028770
659676 512 0 24420436307411
660188 512 0 24420436586051
660700 512 0 24420436864692
661212 512 0 24420437143332
661724 512 0 24420437421972
662236 512 0 24420437700613
662748 512 0 24420437979253
663260 512 0 24420438257894
663772 512 0 24420438536534
664284 512 0 24420438815175
664796 512 0 24420439093815
665308 512 0 24420439372456
665820 512 0 24420439651096
666332 512 0 24420439929736
666844 512 0 24420440208377
667356 512 0 24420440487017
667868 512 0 24420440765658
668380 512 0 24420441044298
668892 512 0 24420441322939
669404 512 0 24420441601579
669916 512 0 24420441880219
670428 512 0 24420442158860
670940 512 0 24420442437500
671452 512 0 24420442716141
671964 512 0 24420442994781
672476 512 0 24420443273421
672988 512 0 24420443552061
673500 512 0 24420443830701
674012 512 0 24420444109342
674524 512 0 24420444387982
675036 512 0 24420444666623
675548 512 0 24420444945263
676060 512 0 24420445223904
676572 512 0 24420445502544
677084 512 0 24420445781184
677596 512 0 24420446059825
678108 512 0 24420446338465
678620 512 0 24420446617106
679132 512 0 24420446895746
679644 512 0 24420447174387
680156 512 0 24420447453027
680668 512 0 24420447731668
681180 512 0 24420448010308
681692 512 0 24420448288948
682204 512 0 24420448567589
682716 512 0 24420448846229
683228 512 0 24420449124870
683740 512 0 24420449403510
684252 512 0 24420449682151
684764 512 0 24420449960791
685276 512 0 24420450239431
685788 512 0 24420450518072
686300 512 0 24420450796712
686812 512 0 24420451075353
687324 512 0 24420451353993
687836 512 0 24420451632634
688348 512 0 24420451911274
688860 512 0 24420452189913
689372 512 0 24420452468554
689884 512 0 24420452747194
690396 512 0 24420453025835
690908 512 0 24420453304475
691420 512 0 24420453583116
691932 512 0 24420453861756
692444 512 0 24420454140396
692956 512 0 24420454419037
693468 512 0 24420454697677
693980 512 0 24420454976318
694492 512 0 24420455254958
695004 512 0 24420455533599
695516 512 0 24420455812239
696028 512 0 24420456090879
696540 512 0 24420456369520
697052 512 0 24420456648161
697564 512 0 24420456926801
698076 512 0 24420457205441
698588 512 0 24420457484082
699100 512 0 24420457762722
699612 512 0 24420458041363
700124 512 0 24420458320003
700636 512 0 24420458598643
701148 512 0 24420458877284
701660 512 0 24420459155924
702172 512 0 24420459434565
702684 512 0 24420459713205
703196 512 0 24420459991846
703708 512 0 24420460270486
704220 512 0 24420460549126
704732 512 0 24420460827767
705244 512 0 24420461106408
705756 512 0 24420461385048
706268 512 0 24420461663688
706780 512 0 24420461942329
707292 512 0 24420462220969
707804 512 0 24420462499610
708316 512 0 24420462778250
708828 512 0 24420463056891
709340 512 0 24420463335531
709852 512 0 24420463614171
710364 512 0 24420463892812
710876 512 0 24420464171452
711388 512 0 24420464450093
711900 512 0 24420464728733
712412 512 0 24420465007373
712924 512 0 24420465286014
713436 512 0 24420465564655
713948 512 0 24420465843295
714460 512 0 24420466121935
714972 512 0 24420466400576
715484 512 0 24420466679216
715996 512 0 24420466957857
716508 512 0 24420467236497
717020 512 0 24420467515138
717532 512 0 24420467793778
718044 512 0 24420468072418
718556 512 0 24420468351059
719068 512 0 24420468629699
719580 512 0 24420468908340
720092 512 0 24420469186980
720604 512 0 24420469465621
721116 512 0 24420469744261
721628 512 0 24420470022900
722140 512 0 24420470301541
722652 512 0 24420470580181
723164 512 0 24420470858822
723676 512 0 24420471137462
724188 512 0 24420471416103
724700 512 0 24420471694743
725212 512 0 24420471973383
725724 512 0 24420472252024
726236 512 0 24420472530664
726748 512 0 24420472809305
727260 512 0 24420473087945
727772 512 0 24420473366586
728284 512 0 24420473645226
728796 512 0 24420473923866
729308 512 0 24420474202507
729820 512 0 24420474481147
730332 512 0 24420474759788
730844 512 0 24420475038428
731356 512 0 24420475317069
731868 512 0 24420475595709
732380 512 0 24420475874350
732892 512 0 24420476152990
733404 512 0 24420476431630
733916 512 0 24420476710271
734428 512 0 24420476988911
734940 512 0 24420477267552
735452 512 0 24420477546192
735964 512 0 24420477824833
736476 512 0 24420478103473
736988 512 0 24420478382113
737500 512 0 24420478660754
738012 512 0 24420478939395
738524 512 0 24420479218035
739036 512 0 24420479496675
739548 512 0 24420479775316
740060 512 0 24420480053956
740572 512 0 24420480332597
741084 512 0 24420480611237
741596 512 0 24420480889877
742108 512 0 24420481168518
742620 512 0 24420481447158
743132 512 0 24420481725799
743644 512 0 24420482004439
744156 512 0 24420482283080
744668 512 0 24420482561720
745180 512 0 24420482840360
745692 512 0 24420483119001
746204 512 0 24420483397642
746716 512 0 24420483676282
747228 512 0 24420483954922
747740 512 0 24420484233563
748252 512 0 24420484512203
748764 512 0 24420484790844
749276 512 0 24420485069484
749788 512 0 24420485348125
750300 512 0 24420485626765
750812 512 0 24420485905405
751324 512 0 24420486184046
751836 512 0 24420486462686
752348 512 0 24420486741327
752860 512 0 24420487019967
753372 512 0 24420487298607
753884 512 0 24420487577248
754396 512 0 24420487855889
754908 512 0 24420488134529
755420 512 0 24420488413169
755932 512 0 24420488691810
756444 512 0 24420488970450
756956 512 0 24420489249091
757468 512 0 24420489527731
757980 512 0 24420489806372
758492 512 0 24420490085012
759004 512 0 24420490363652
759516 512 0 24420490642293
760028 512 0 24420490920933
760540 512 0 24420491199574
761052 512 0 24420491478214
761564 512 0 24420491756855
762076 512 0 24420492035495
762588 512 0 24420492314136
763100 512 0 24420492592776
763612 512 0 24420492871416
764124 512 0 24420493150057
764636 512 0 24420493428697
765148 512 0 24420493707338
765660 512 0 24420493985978
766172 512 0 24420494264619
766684 512 0 24420494543259
767196 512 0 24420494821899
767708 512 0 24420495100540
768220 512 0 24420495379180
768732 512 0 24420495657821
769244 512 0 24420495936461
769756 512 0 24420496215102
770268 512 0 24420496493742
770780 512 0 24420496772383
771292 512 0 24420497051023
771804 512 0 24420497329663
772316 512 0 24420497608304
772828 512 0 24420497886944
773340 512 0 24420498165585
773852 512 0 24420498444225
774364 512 0 24420498722866
774876 512 0 24420499001506
775388 512 0 24420499280146
775900 512 0 24420499558787
776412 512 0 24420499837427
776924 512 0 24420500116068
777436 512 0 24420500394708
777948 512 0 24420500673349
778460 512 0 24420500951989
778972 512 0 24420501230629
779484 512 0 24420501509269
779996 512 0 24420501787909
780508 512 0 24420502066550
781020 512 0 24420502345190
781532 512 0 24420502623831
782044 512 0 24420502902471
782556 512 0 24420503181111
783068 512 0 24420503459752
783580 512 0 24420503738392
784092 512 0 24420504017033
784604 512 0 24420504295673
785116 512 0 24420504574314
785628 512 0 24420504852954
786140 512 0 24420505131594
786652 512 0 24420505410235
787164 512 0 24420505688877
787676 512 0 24420505967517
788188 512 0 24420506246158
788700 512 0 24420506524798
789212 512 0 24420506803438
789724 512 0 24420507082079
790236 512 0 24420507360719
790748 512 0 24420507639360
791260 512 0 24420507918000
791772 512 0 24420508196641
792284 512 0 24420508475281
792796 512 0 24420508753921
793308 512 0 24420509032562
793820 512 0 24420509311202
794332 512 0 24420509589843
794844 512 0 24420509868483
795356 512 0 24420510147124
795868 512 0 24420510425764
796380 512 0 24420510704405
796892 512 0 24420510983045
797404 512 0 24420511261685
797916 512 0 24420511540326
798428 512 0 24420511818966
798940 512 0 24420512097607
799452 512 0 24420512376247
799964 512 0 24420512654888
800476 512 0 24420512933528
800988 512 0 24420513212168
801500 512 0 24420513490809
802012 512 0 24420513769449
802524 512 0 24420514048090
803036 512 0 24420514326730
803548 512 0 24420514605370
804060 512 0 24420514884010
804572 512 0 24420515162650
805084 512 0 24420515441291
805596 512 0 24420515719931
806108 512 0 24420515998572
806620 512 0 24420516277212
807132 512 0 24420516555853
807644 512 0 24420516834493
808156 512 0 24420517113133
808668 512 0 24420517391774
809180 512 0 24420517670414
809692 512 0 24420517949055
810204 512 0 24420518227695
810716 512 0 24420518506336
811228 512 0 24420518784976
811740 512 0 24420519063618
812252 512 0 24420519342258
812764 512 0 24420519620899
813276 512 0 24420519899539
813788 512 0 24420520178179
814300 512 0 24420520456820
814812 512 0 24420520735460
815324 512 0 24420521014101
815836 512 0 24420521292741
816348 512 0 24420521571382
816860 512 0 24420521850022
817372 512 0 24420522128662
817884 512 0 24420522407303
818396 512 0 24420522685943
818908 512 0 24420522964584
819420 512 0 24420523243224
819932 512 0 24420523521865
820444 512 0 24420523800505
820956 512 0 24420524079146
821468 512 0 24420524357786
821980 512 0 24420524636426
822492 512 0 24420524915067
823004 512 0 24420525193707
823516 512 0 24420525472348
824028 512 0 24420525750988
824540 512 0 24420526029629
825052 512 0 24420526308269
825564 512 0 24420526586909
826076 512 0 24420526865550
826588 512 0 24420527144190
827100 512 0 24420527422831
827612 512 0 24420527701471
828124 512 0 24420527980112
828636 512 0 24420528258752
829148 512 0 24420528537393
829660 512 0 24420528816033
830172 512 0 24420529094673
830684 512 0 24420529373314
831196 512 0 24420529651954
831708 512 0 24420529930595
832220 512 0 24420530209235
832732 512 0 24420530487876
833244 512 0 24420530766516
833756 512 0 24420531045156
834268 512 0 24420531323797
834780 512 0 24420531602437
835292 512 0 24420531881078
835804 512 0 24420532159718
836316 512 0 24420532438359
836828 512 0 24420532716999
837340 512 0 24420532995640
837852 512 0 24420533274280
838364 512 0 24420533552920
838876 512 0 24420533831561
839388 512 0 24420534110201
839900 512 0 24420534388842
840412 512 0 24420534667482
840924 512 0 24420534946123
841436 512 0 24420535224763
841948 512 0 24420535503403
842460 512 0 24420535782044
842972 512 0 24420536060684
843484 512 0 24420536339325
843996 512 0 24420536617965
844508 512 0 24420536896605
845020 512 0 24420537175245
845532 512 0 24420537453885
846044 512 0 24420537732526
846556 512 0 24420538011166
847068 512 0 24420538289807
847580 512 0 24420538568447
848092 512 0 24420538847088
848604 512 0 24420539125728
849116 512 0 24420539404368
849628 512 0 24420539683009
850140 512 0 24420539961649
850652 512 0 24420540240290
851164 512 0 24420540518930
851676 512 0 24420540797571
852188 512 0 24420541076211
852700 512 0 24420541354849
853212 512 0 24420541633490
853724 512 0 24420541912130
854236 512 0 24420542190771
854748 512 0 24420542469411
855260 512 0 24420542748051
855772 512 0 24420543026692
856284 512 0 24420543305332
856796 512 0 24420543583973
857308 512 0 24420543862613
857820 512 0 24420544141254
858332 512 0 24420544419894
858844 512 0 24420544698534
859356 512 0 24420544977175
859868 512 0 24420545255815
860380 512 0 24420545534456
860892 512 0 24420545813098
861404 512 0 24420546091738
861916 512 0 24420546370378
862428 512 0 24420546649019
862940 512 0 24420546927659
863452 512 0 24420547206300
863964 512 0 24420547484940
864476 512 0 24420547763581
864988 512 0 24420548042221
865500 512 0 24420548320861
866012 512 0 24420548599502
866524 512 0 24420548878142
867036 512 0 24420549156783
867548 512 0 24420549435423
868060 512 0 24420549714063
868572 512 0 24420549992704
869084 512 0 24420550271343
869596 512 0 24420550549984
870108 512 0 24420550828624
870620 512 0 24420551107265
871132 512 0 24420551385905
871644 512 0 24420551664546
872156 512 0 24420551943186
872668 512 0 24420552221826
873180 512 0 24420552500467
873692 512 0 24420552779107
874204 512 0 24420553057748
874716 512 0 24420553336388
875228 512 0 24420553615028
875740 512 0 24420553893669
876252 512 0 24420554172309
876764 512 0 24420554450950
877276 512 0 24420554729590
877788 512 0 24420555008231
878300 512 0 24420555286871
878812 512 0 24420555565512
879324 512 0 24420555844152
879836 512 0 24420556122793
880348 512 0 24420556401433
880860 512 0 24420556680073
881372 512 0 24420556958714
881884 512 0 24420557237354
882396 512 0 24420557515995
882908 512 0 24420557794635
883420 512 0 24420558073276
883932 512 0 24420558351916
884444 512 0 24420558630556
884956 512 0 24420558909197
885468 512 0 24420559187838
885980 512 0 24420559466478
886492 512 0 24420559745118
887004 512 0 24420560023759
887516 512 0 24420560302399
888028 512 0 24420560581040
888540 512 0 24420560859680
889052 512 0 24420561138320
889564 512 0 24420561416961
890076 512 0 24420561695601
890588 512 0 24420561974242
891100 512 0 24420562252882
891612 512 0 24420562531523
892124 512 0 24420562810163
892636 512 0 24420563088803
893148 512 0 24420563367444
893660 512 0 24420563646086
894172 512 0 24420563924726
894684 512 0 24420564203367
895196 512 0 24420564482007
895708 512 0 24420564760647
896220 512 0 24420565039288
896732 512 0 24420565317928
897244 512 0 24420565596569
897756 512 0 24420565875209
898268 512 0 24420566153850
898780 512 0 24420566432490
899292 512 0 24420566711130
899804 512 0 24420566989771
900316 512 0 24420567268411
900828 512 0 24420567547052
901340 512 0 24420567825692
901852 512 0 24420568104332
902364 512 0 24420568382972
902876 512 0 24420568661612
903388 512 0 24420568940253
903900 512 0 24420569218893
904412 512 0 24420569497534
904924 512 0 24420569776174
905436 512 0 24420570054815
905948 512 0 24420570333455
906460 512 0 24420570612095
906972 512 0 24420570890736
907484 512 0 24420571169376
907996 512 0 24420571448017
908508 512 0 24420571726657
909020 512 0 24420572005298
909532 512 0 24420572283938
910044 512 0 24420572562579
910556 512 0 24420572841219
911068 512 0 24420573119859
911580 512 0 24420573398500
912092 512 0 24420573677140
912604 512 0 24420573955781
913116 512 0 24420574234421
913628 512 0 24420574513062
914140 512 0 24420574791702
914652 512 0 24420575070342
915164 512 0 24420575348983
915676 512 0 24420575627623
916188 512 0 24420575906264
916700 512 0 24420576184904
917212 512 0 24420576463545
917724 512 0 24420576742185
918236 512 0 24420577020826
918748 512 0 24420577299466
919260 512 0 24420577578106
919772 512 0 24420577856747
920284 512 0 24420578135387
920796 512 0 24420578414028
921308 512 0 24420578692668
921820 512 0 24420578971309
922332 512 0 24420579249949
922844 512 0 24420579528589
923356 512 0 24420579807230
923868 512 0 24420580085870
924380 512 0 24420580364511
924892 512 0 24420580643151
925404 512 0 24420580921792
925916 512 0 24420581200432
926428 512 0 24420581479073
926940 512 0 24420581757713
927452 512 0 24420582036353
927964 512 0 24420582314994
928476 512 0 24420582593634
928988 512 0 24420582872275
929500 512 0 24420583150915
930012 512 0 24420583429556
930524 512 0 24420583708196
931036 512 0 24420583986836
931548 512 0 24420584265477
932060 512 0 24420584544117
932572 512 0 24420584822758
933084 512 0 24420585101398
933596 512 0 24420585380039
934108 512 0 24420585658679
934620 512 0 24420585937320
935132 512 0 24420586215960
935644 512 0 24420586494600
936156 512 0 24420586773241
936668 512 0 24420587051881
937180 512 0 24420587330522
937692 512 0 24420587609162
938204 512 0 24420587887803
938716 512 0 24420588166443
939228 512 0 24420588445083
939740 512 0 24420588723724
940252 512 0 24420589002364
940764 512 0 24420589281005
941276 512 0 24420589559645
941788 512 0 24420589838286
942300 512 0 24420590116926
942812 512 0 24420590395567
943324 512 0 24420590674207
943836 512 0 24420590952847
944348 512 0 24420591231488
944860 512 0 24420591510128
945372 512 0 24420591788769
945884 512 0 24420592067409
946396 512 0 24420592346050
946908 512 0 24420592624690
947420 512 0 24420592903331
947932 512 0 24420593181971
948444 512 0 24420593460611
948956 512 0 24420593739252
949468 512 0 24420594017892
949980 512 0 24420594296533
950492 512 0 24420594575173
951004 512 0 24420594853814
951516 512 0 24420595132454
952028 512 0 24420595411095
952540 512 0 24420595689735
953052 512 0 24420595968375
953564 512 0 24420596247016
954076 512 0 24420596525656
954588 512 0 24420596804297
955100 512 0 24420597082937
955612 512 0 24420597361578
956124 512 0 24420597640218
956636 512 0 24420597918858
957148 512 0 24420598197499
957660 512 0 24420598476139
958172 512 0 24420598754780
958684 512 0 24420599033420
959196 512 0 24420599312060
959708 512 0 24420599590700
960220 512 0 24420599869340
960732 512 0 24420600147981
961244 512 0 24420600426621
961756 512 0 24420600705262
962268 512 0 24420600983902
962780 512 0 24420601262543
963292 512 0 24420601541183
963804 512 0 24420601819823
964316 512 0 24420602098464
964828 512 0 24420602377104
965340 512 0 24420602655745
965852 512 0 24420602934385
966364 512 0 24420603213025
966876 512 0 24420603491666
967388 512 0 24420603770307
967900 512 0 24420604048947
968412 512 0 24420604327587
968924 512 0 24420604606228
969436 512 0 24420604884868
969948 512 0 24420605163509
970460 512 0 24420605442149
970972 512 0 24420605720790
971484 512 0 24420605999430
971996 512 0 24420606278070
972508 512 0 24420606556711
973020 512 0 24420606835351
973532 512 0 24420607113992
974044 512 0 24420607392632
974556 512 0 24420607671273
975068 512 0 24420607949913
975580 512 0 24420608228554
976092 512 0 24420608507194
976604 512 0 24420608785834
977116 512 0 24420609064475
977628 512 0 24420609343115
978140 512 0 24420609621756
978652 512 0 24420609900396
979164 512 0 24420610179037
979676 512 0 24420610457677
980188 512 0 24420610736317
980700 512 0 24420611014958
981212 512 0 24420611293598
981724 512 0 24420611572239
982236 512 0 24420611850879
982748 512 0 24420612129520
983260 512 0 24420612408160
983772 512 0 24420612686799
984284 512 0 24420612965440
984796 512 0 24420613244080
985308 512 0 24420613522721
985820 512 0 24420613801361
986332 512 0 24420614080002
986844 512 0 24420614358642
987356 512 0 24420614637282
987868 512 0 24420614915923
988380 512 0 24420615194563
988892 512 0 24420615473204
989404 512 0 24420615751844
989916 512 0 24420616030485
990428 512 0 24420616309125
990940 512 0 24420616587765
991452 512 0 24420616866406
991964 512 0 24420617145048
992476 512 0 24420617423688
992988 512 0 24420617702328
993500 512 0 24420617980969
994012 512 0 24420618259609
994524 512 0 24420618538250
995036 512 0 24420618816890
995548 512 0 24420619095531
996060 512 0 24420619374171
996572 512 0 24420619652811
997084 512 0 24420619931452
997596 512 0 24420620210092
998108 512 0 24420620488733
998620 512 0 24420620767373
999132 512 0 24420621046014
999644 512 0 24420621324654
1000156 512 0 24420621603295
1000668 512 0 24420621881935
1001180 512 0 24420622160575
1001692 512 0 24420622439216
1002204 512 0 24420622717856
1002716 512 0 24420622996497
1003228 512 0 24420623275137
1003740 512 0 24420623553778
1004252 512 0 24420623832418
1004764 512 0 24420624111059
1005276 512 0 24420624389699
1005788 512 0 24420624668339
1006300 512 0 24420624946980
1006812 512 0 24420625225620
1007324 512 0 24420625504261
1007836 512 0 24420625782901
1008348 512 0 24420626061542
1008860 512 0 24420626340182
1009372 512 0 24420626618823
1009884 512 0 24420626897463
1010396 512 0 24420627176103
1010908 512 0 24420627454744
1011420 512 0 24420627733384
1011932 512 0 24420628012025
1012444 512 0 24420628290665
1012956 512 0 24420628569306
1013468 512 0 24420628847946
1013980 512 0 24420629126586
1014492 512 0 24420629405227
1015004 512 0 24420629683867
1015516 512 0 24420629962508
1016028 512 0 24420630241148
1016540 512 0 24420630519789
1017052 512 0 24420630798429
1017564 512 0 24420631077070
1018076 512 0 24420631355710
1018588 512 0 24420631634350
1019100 512 0 24420631912991
1019612 512 0 24420632191631
1020124 512 0 24420632470272
1020636 512 0 24420632748912
1021148 512 0 24420633027553
1021660 512 0 24420633306193
1022172 512 0 24420633584833
1022684 512 0 24420633863474
1023196 512 0 24420634142114
1023708 512 0 24420634420755
1024220 512 0 24420634699395
1024732 512 0 24420634978036
1025244 512 0 24420635256676
1025756 512 0 24420635535317
1026268 512 0 24420635813957
1026780 512 0 24420636092597
1027292 512 0 24420636371238
1027804 512 0 24420636649878
1028316 512 0 24420636928519
1028828 512 0 24420637207159
1029340 512 0 24420637485800
1029852 512 0 24420637764440
1030364 512 0 24420638043080
1030876 512 0 24420638321721
1031388 512 0 24420638600361
1031900 512 0 24420638879002
1032412 512 0 24420639157642
1032924 512 0 24420639436282
1033436 512 0 24420639714922
1033948 512 0 24420639993562
1034460 512 0 24420640272203
1034972 512 0 24420640550843
1035484 512 0 24420640829484
1035996 512 0 24420641108124
1036508 512 0 24420641386765
1037020 512 0 24420641665405
1037532 512 0 24420641944045
1038044 512 0 24420642222686
1038556 512 0 24420642501326
1039068 512 0 24420642779967
1039580 512 0 24420643058607
1040092 512 0 24420643337248
1040604 512 0 24420643615888
1041116 512 0 24420643894529
1041628 512 0 24420644173169
1042140 512 0 24420644451809
1042652 512 0 24420644730450
1043164 512 0 24420645009090
1043676 512 0 24420645287731
1044188 512 0 24420645566371
1044700 512 0 24420645845012
1045212 512 0 24420646123652
1045724 512 0 24420646402292
1046236 512 0 24420646680933
1046748 512 0 24420646959573
1047260 512 0 24420647238214
1047772 512 0 24420647516854
1048284 512 0 24420647795495
1048796 512 0 24420648074135
1049308 512 0 24420648352776
1049820 512 0 24420648631416
1050332 512 0 24420648910056
1050844 512 0 24420649188697
1051356 512 0 24420649467337
1051868 512 0 24420649745978
1052380 512 0 24420650024618
1052892 512 0 24420650303259
1053404 512 0 24420650581899
1053916 512 0 24420650860539
1054428 512 0 24420651139180
1054940 512 0 24420651417820
1055452 512 0 24420651696461
1055964 512 0 24420651975101
1056476 512 0 24420652253742
1056988 512 0 24420652532382
1057500 512 0 24420652811023
1058012 512 0 24420653089663
1058524 512 0 24420653368303
1059036 512 0 24420653646944
1059548 512 0 24420653925584
1060060 512 0 24420654204225
1060572 512 0 24420654482865
1061084 512 0 24420654761506
1061596 512 0 24420655040146
1062108 512 0 24420655318786
1062620 512 0 24420655597427
1063132 512 0 24420655876067
1063644 512 0 24420656154708
1064156 512 0 24420656433348
1064668 512 0 24420656711989
1065180 512 0 24420656990629
1065692 512 0 24420657269270
1066204 512 0 24420657547910
1066716 512 0 24420657826550
1067228 512 0 24420658105191
1067740 512 0 24420658383831
1068252 512 0 24420658662472
1068764 512 0 24420658941112
1069276 512 0 24420659219753
1069788 512 0 24420659498393
1070300 512 0 24420659777033
1070812 512 0 24420660055674
1071324 512 0 24420660334314
1071836 512 0 24420660612955
1072348 512 0 24420660891595
1072860 512 0 24420661170236
1073372 512 0 24420661448876
1073884 512 0 24420661727516
1074396 512 0 24420662006156
1074908 512 0 24420662284796
1075420 512 0 24420662563437
1075932 512 0 24420662842077
1076444 512 0 24420663120718
1076956 512 0 24420663399358
1077468 512 0 24420663677999
1077980 512 0 24420663956639
1078492 512 0 24420664235279
1079004 512 0 24420664513920
1079516 512 0 24420664792560
1080028 512 0 24420665071201
1080540 512 0 24420665349841
1081052 512 0 24420665628482
1081564 512 0 24420665907122
1082076 512 0 24420666185762
1082588 512 0 24420666464402
1083100 512 0 24420666743042
1083612 512 0 24420667021683
1084124 512 0 24420667300323
1084636 512 0 24420667578964
1085148 512 0 24420667857604
1085660 512 0 24420668136244
1086172 512 0 24420668414885
1086684 512 0 24420668693525
1087196 512 0 24420668972166
1087708 512 0 24420669250806
1088220 512 0 24420669529447
1088732 512 0 24420669808087
1089244 512 0 24420670086727
1089756 512 0 24420670365368
1090268 512 0 24420670644009
1090780 512 0 24420670922649
1091292 512 0 24420671201289
1091804 512 0 24420671479930
1092316 512 0 24420671758570
1092828 512 0 24420672037211
1093340 512 0 24420672315851
1093852 512 0 24420672594492
1094364 512 0 24420672873132
1094876 512 0 24420673151772
1095388 512 0 24420673430413
1095900 512 0 24420673709053
1096412 512 0 24420673987694
1096924 512 0 24420674266334
1097436 512 0 24420674544974
1097948 512 0 24420674823615
1098460 512 0 24420675102256
1098972 512 0 24420675380896
1099484 512 0 24420675659536
1099996 512 0 24420675938177
1100508 512 0 24420676216817
1101020 512 0 24420676495458
1101532 512 0 24420676774098
1102044 512 0 24420677052739
1102556 512 0 24420677331379
1103068 512 0 24420677610019
1103580 512 0 24420677888660
1104092 512 0 24420678167300
1104604 512 0 24420678445941
1105116 512 0 24420678724581
1105628 512 0 24420679003222
1106140 512 0 24420679281862
1106652 512 0 24420679560503
1107164 512 0 24420679839143
1107676 512 0 24420680117783
1108188 512 0 24420680396424
1108700 512 0 24420680675064
1109212 512 0 24420680953705
1109724 512 0 24420681232345
1110236 512 0 24420681510986
1110748 512 0 24420681789626
1111260 512 0 24420682068266
1111772 512 0 24420682346907
1112284 512 0 24420682625547
1112796 512 0 24420682904188
1113308 512 0 24420683182828
1113820 512 0 24420683461469
1114332 512 0 24420683740109
1114844 512 0 24420684018750
1115356 512 0 24420684297390
1115868 512 0 24420684576030
1116380 512 0 24420684854671
1116892 512 0 24420685133311
1117404 512 0 24420685411952
1117916 512 0 24420685690592
1118428 512 0 24420685969233
1118940 512 0 24420686247873
1119452 512 0 24420686526513
1119964 512 0 24420686805154
1120476 512 0 24420687083794
1120988 512 0 24420687362435
1121500 512 0 24420687641075
1122012 512 0 24420687919716
1122524 512 0 24420688198356
1123036 512 0 24420688476996
1123548 512 0 24420688755636
1124060 512 0 24420689034276
1124572 512 0 24420689312917
1125084 512 0 24420689591557
1125596 512 0 24420689870198
1126108 512 0 24420690148838
1126620 512 0 24420690427478
1127132 512 0 24420690706119
1127644 512 0 24420690984759
1128156 512 0 24420691263400
1128668 512 0 24420691542040
1129180 512 0 24420691820681
1129692 512 0 24420692099321
1130204 512 0 24420692377961
1130716 512 0 24420692656602
1131228 512 0 24420692935243
1131740 512 0 24420693213883
1132252 512 0 24420693492523
1132764 512 0 24420693771164
1133276 512 0 24420694049804
1133788 512 0 24420694328445
1134300 512 0 24420694607085
1134812 512 0 24420694885726
1135324 512 0 24420695164366
1135836 512 0 24420695443006
1136348 512 0 24420695721647
1136860 512 0 24420696000287
1137372 512 0 24420696278928
1137884 512 0 24420696557568
1138396 512 0 24420696836208
1138908 512 0 24420697114849
1139420 512 0 24420697393490
1139932 512 0 24420697672130
1140444 512 0 24420697950770
1140956 512 0 24420698229411
1141468 512 0 24420698508051
1141980 512 0 24420698786692
1142492 512 0 24420699065332
1143004 512 0 24420699343973
1143516 512 0 24420699622613
1144028 512 0 24420699901253
1144540 512 0 24420700179894
1145052 512 0 24420700458534
1145564 512 0 24420700737175
1146076 512 0 24420701015815
1146588 512 0 24420701294456
1147100 512 0 24420701573096
1147612 512 0 24420701851737
1148124 512 0 24420702130377
1148636 512 0 24420702409017
1149148 512 0 24420702687658
1149660 512 0 24420702966298
1150172 512 0 24420703244939
1150684 512 0 24420703523579
1151196 512 0 24420703802220
1151708 512 0 24420704080860
1152220 512 0 24420704359500
1152732 512 0 24420704638141
1153244 512 0 24420704916781
1153756 512 0 24420705195422
1154268 512 0 24420705474062
1154780 512 0 24420705752703
1155292 512 0 24420706031343
1155804 512 0 24420706309984
1156316 512 0 24420706588624
1156828 512 0 24420706867264
1157340 512 0 24420707145905
1157852 512 0 24420707424545
1158364 512 0 24420707703186
1158876 512 0 24420707981826
1159388 512 0 24420708260467
1159900 512 0 24420708539107
1160412 512 0 24420708817747
1160924 512 0 24420709096388
1161436 512 0 24420709375028
1161948 512 0 24420709653669
1162460 512 0 24420709932309
1162972 512 0 24420710210950
1163484 512 0 24420710489590
1163996 512 0 24420710768231
1164508 512 0 24420711046871
1165020 512 0 24420711325511
1165532 512 0 24420711604152
1166044 512 0 24420711882792
1166556 512 0 24420712161433
1167068 512 0 24420712440073
1167580 512 0 24420712718714
1168092 512 0 24420712997354
1168604 512 0 24420713275994
1169116 512 0 24420713554635
1169628 512 0 24420713833275
1170140 512 0 24420714111916
1170652 512 0 24420714390556
1171164 512 0 24420714669197
1171676 512 0 24420714947837
1172188 512 0 24420715226478
1172700 512 0 24420715505118
1173212 512 0 24420715783758
1173724 512 0 24420716062399
1174236 512 0 24420716341039
1174748 512 0 24420716619680
1175260 512 0 24420716898320
1175772 512 0 24420717176961
1176284 512 0 24420717455601
1176796 512 0 24420717734241
1177308 512 0 24420718012882
1177820 512 0 24420718291522
1178332 512 0 24420718570163
1178844 512 0 24420718848803
1179356 512 0 24420719127444
1179868 512 0 24420719406084
1180380 512 0 24420719684724
1180892 512 0 24420719963364
1181404 512 0 24420720242004
1181916 512 0 24420720520645
1182428 512 0 24420720799285
1182940 512 0 24420721077926
1183452 512 0 24420721356566
1183964 512 0 24420721635207
1184476 512 0 24420721913847
1184988 512 0 24420722192487
1185500 512 0 24420722471128
1186012 512 0 24420722749768
1186524 512 0 24420723028409
1187036 512 0 24420723307049
1187548 512 0 24420723585689
1188060 512 0 24420723864330
1188572 512 0 24420724142971
1189084 512 0 24420724421611
1189596 512 0 24420724700251
1190108 512 0 24420724978892
1190620 512 0 24420725257532
1191132 512 0 24420725536173
1191644 512 0 24420725814813
1192156 512 0 24420726093454
1192668 512 0 24420726372094
1193180 512 0 24420726650734
1193692 512 0 24420726929375
1194204 512 0 24420727208015
1194716 512 0 24420727486656
1195228 512 0 24420727765296
1195740 512 0 24420728043937
1196252 512 0 24420728322577
1196764 512 0 24420728601218
1197276 512 0 24420728879858
1197788 512 0 24420729158498
1198300 512 0 24420729437139
1198812 512 0 24420729715779
1199324 512 0 24420729994420
1199836 512 0 24420730273060
1200348 512 0 24420730551701
1200860 512 0 24420730830341
1201372 512 0 24420731108981
1201884 512 0 24420731387622
1202396 512 0 24420731666262
1202908 512 0 24420731944903
1203420 512 0 24420732223543
1203932 512 0 24420732502184
1204444 512 0 24420732780824
1204956 512 0 24420733059465
1205468 512 0 24420733338105
1205980 512 0 24420733616745
1206492 512 0 24420733895386
1207004 512 0 24420734174026
1207516 512 0 24420734452667
1208028 512 0 24420734731307
1208540 512 0 24420735009948
1209052 512 0 24420735288588
1209564 512 0 24420735567228
1210076 512 0 24420735845869
1210588 512 0 24420736124509
1211100 512 0 24420736403150
1211612 512 0 24420736681790
1212124 512 0 24420736960431
1212636 512 0 24420737239071
1213148 512 0 24420737517712
1213660 512 0 24420737796352
1214172 512 0 24420738074992
1214684 512 0 24420738353633
1215196 512 0 24420738632273
1215708 512 0 24420738910914
1216220 512 0 24420739189554
1216732 512 0 24420739468195
1217244 512 0 24420739746835
1217756 512 0 24420740025475
1218268 512 0 24420740304116
1218780 512 0 24420740582756
1219292 512 0 24420740861397
1219804 512 0 24420741140037
1220316 512 0 24420741418678
1220828 512 0 24420741697318
1221340 512 0 24420741975959
1221852 512 0 24420742254599
1222364 512 0 24420742533239
1222876 512 0 24420742811880
1223388 512 0 24420743090520
1223900 512 0 24420743369161
1224412 512 0 24420743647801
1224924 512 0 24420743926442
1225436 512 0 24420744205082
1225948 512 0 24420744483722
1226460 512 0 24420744762363
1226972 512 0 24420745041003
1227484 512 0 24420745319644
1227996 512 0 24420745598284
1228508 512 0 24420745876925
1229020 512 0 24420746155565
1229532 512 0 24420746434206
1230044 512 0 24420746712846
1230556 512 0 24420746991486
1231068 512 0 24420747270127
1231580 512 0 24420747548767
1232092 512 0 24420747827408
1232604 512 0 24420748106048
1233116 512 0 24420748384689
1233628 512 0 24420748663329
1234140 512 0 24420748941969
1234652 512 0 24420749220610
1235164 512 0 24420749499250
1235676 512 0 24420749777891
1236188 512 0 24420750056531
1236700 512 0 24420750335172
1237212 512 0 24420750613812
1237724 512 0 24420750892453
1238236 512 0 24420751171093
1238748 512 0 24420751449733
1239260 512 0 24420751728374
1239772 512 0 24420752007014
1240284 512 0 24420752285655
1240796 512 0 24420752564295
1241308 512 0 24420752842936
1241820 512 0 24420753121576
1242332 512 0 24420753400216
1242844 512 0 24420753678857
1243356 512 0 24420753957497
1243868 512 0 24420754236138
1244380 512 0 24420754514778
1244892 512 0 24420754793419
1245404 512 0 24420755072059
1245916 512 0 24420755350700
1246428 512 0 24420755629340
1246940 512 0 24420755907980
1247452 512 0 24420756186621
1247964 512 0 24420756465261
1248476 512 0 24420756743902
1248988 512 0 24420757022542
1249500 512 0 24420757301183
1250012 512 0 24420757579823
1250524 512 0 24420757858463
1251036 512 0 24420758137104
1251548 512 0 24420758415744
1252060 512 0 24420758694385
1252572 512 0 24420758973025
1253084 512 0 24420759251666
1253596 512 0 24420759530306
1254108 512 0 24420759808947
1254620 512 0 24420760087587
1255132 512 0 24420760366227
1255644 512 0 24420760644868
1256156 512 0 24420760923508
1256668 512 0 24420761202149
1257180 512 0 24420761480789
1257692 512 0 24420761759430
1258204 512 0 24420762038070
1258716 512 0 24420762316710
1259228 512 0 24420762595351
1259740 512 0 24420762873991
1260252 512 0 24420763152632
1260764 512 0 24420763431272
1261276 512 0 24420763709913
1261788 512 0 24420763988553
1262300 512 0 24420764267194
1262812 512 0 24420764545834
1263324 512 0 24420764824474
1263836 512 0 24420765103115
1264348 512 0 24420765381755
1264860 512 0 24420765660396
1265372 512 0 24420765939036
1265884 512 0 24420766217677
1266396 512 0 24420766496317
1266908 512 0 24420766774957
1267420 512 0 24420767053598
1267932 512 0 24420767332238
1268444 512 0 24420767610879
1268956 512 0 24420767889519
1269468 512 0 24420768168160
1269980 512 0 24420768446800
1270492 512 0 24420768725440
1271004 512 0 24420769004080
1271516 512 0 24420769282720
1272028 512 0 24420769561361
1272540 512 0 24420769840001
1273052 512 0 24420770118642
1273564 512 0 24420770397282
1274076 512 0 24420770675923
1274588 512 0 24420770954563
1275100 512 0 24420771233203
1275612 512 0 24420771511844
1276124 512 0 24420771790484
1276636 512 0 24420772069125
1277148 512 0 24420772347765
1277660 512 0 24420772626406
1278172 512 0 24420772905046
1278684 512 0 24420773183687
1279196 512 0 24420773462327
1279708 512 0 24420773740967
1280220 512 0 24420774019608
1280732 512 0 24420774298248
1281244 512 0 24420774576889
1281756 512 0 24420774855529
1282268 512 0 24420775134170
1282780 512 0 24420775412810
1283292 512 0 24420775691450
1283804 512 0 24420775970091
1284316 512 0 24420776248731
1284828 512 0 24420776527372
1285340 512 0 24420776806012
1285852 512 0 24420777084653
1286364 512 0 24420777363293
1286876 512 0 24420777641934
1287388 512 0 24420777920574
1287900 512 0 24420778199214
1288412 512 0 24420778477855
1288924 512 0 24420778756495
1289436 512 0 24420779035136
1289948 512 0 24420779313776
1290460 512 0 24420779592417
1290972 512 0 24420779871057
1291484 512 0 24420780149697
1291996 512 0 24420780428338
1292508 512 0 24420780706978
1293020 512 0 24420780985619
1293532 512 0 24420781264259
1294044 512 0 24420781542900
1294556 512 0 24420781821540
1295068 512 0 24420782100182
1295580 512 0 24420782378822
1296092 512 0 24420782657463
1296604 512 0 24420782936103
1297116 512 0 24420783214743
1297628 512 0 24420783493384
1298140 512 0 24420783772024
1298652 512 0 24420784050665
1299164 512 0 24420784329305
1299676 512 0 24420784607946
1300188 512 0 24420784886586
1300700 512 0 24420785165226
1301212 512 0 24420785443867
1301724 512 0 24420785722507
1302236 512 0 24420786001148
1302748 512 0 24420786279788
1303260 512 0 24420786558429
1303772 512 0 24420786837069
1304284 512 0 24420787115710
1304796 512 0 24420787394350
1305308 512 0 24420787672990
1305820 512 0 24420787951631
1306332 512 0 24420788230271
1306844 512 0 24420788508912
1307356 512 0 24420788787552
1307868 512 0 24420789066193
1308380 512 0 24420789344833
1308892 512 0 24420789623473
1309404 512 0 24420789902114
1309916 512 0 24420790180754
1310428 512 0 24420790459395
1310940 512 0 24420790738035
1311452 512 0 24420791016675
1311964 512 0 24420791295315
1312476 512 0 24420791573955
1312988 512 0 24420791852596
1313500 512 0 24420792131236
1314012 512 0 24420792409877
1314524 512 0 24420792688517
1315036 512 0 24420792967158
1315548 512 0 24420793245798
1316060 512 0 24420793524438
1316572 512 0 24420793803079
1317084 512 0 24420794081719
1317596 512 0 24420794360360
1318108 512 0 24420794639000
1318620 512 0 24420794917641
1319132 512 0 24420795196281
1319644 512 0 24420795474922
1320156 512 0 24420795753562
1320668 512 0 24420796032202
1321180 512 0 24420796310843
1321692 512 0 24420796589483
1322204 512 0 24420796868124
1322716 512 0 24420797146764
1323228 512 0 24420797425405
1323740 512 0 24420797704045
1324252 512 0 24420797982685
1324764 512 0 24420798261326
1325276 512 0 24420798539966
1325788 512 0 24420798818607
1326300 512 0 24420799097247
1326812 512 0 24420799375888
1327324 512 0 24420799654528
1327836 512 0 24420799933170
1328348 512 0 24420800211810
1328860 512 0 24420800490451
1329372 512 0 24420800769091
1329884 512 0 24420801047731
1330396 512 0 24420801326372
1330908 512 0 24420801605012
1331420 512 0 24420801883653
1331932 512 0 24420802162293
1332444 512 0 24420802440934
1332956 512 0 24420802719574
1333468 512 0 24420802998214
1333980 512 0 24420803276855
1334492 512 0 24420803555495
1335004 512 0 24420803834136
1335516 512 0 24420804112776
1336028 512 0 24420804391414
1336540 512 0 24420804670054
1337052 512 0 24420804948694
1337564 512 0 24420805227335
1338076 512 0 24420805505975
1338588 512 0 24420805784616
1339100 512 0 24420806063256
1339612 512 0 24420806341896
1340124 512 0 24420806620537
1340636 512 0 24420806899177
1341148 512 0 24420807177818
1341660 512 0 24420807456458
1342172 512 0 24420807735099
1342684 512 0 24420808013739
1343196 512 0 24420808292379
1343708 512 0 24420808571020
1344220 512 0 24420808849661
1344732 512 0 24420809128301
1345244 512 0 24420809406941
1345756 512 0 24420809685582
1346268 512 0 24420809964222
1346780 512 0 24420810242863
1347292 512 0 24420810521503
1347804 512 0 24420810800144
1348316 512 0 24420811078784
1348828 512 0 24420811357424
1349340 512 0 24420811636065
1349852 512 0 24420811914705
1350364 512 0 24420812193346
1350876 512 0 24420812471986
1351388 512 0 24420812750626
1351900 512 0 24420813029267
1352412 512 0 24420813307906
1352924 512 0 24420813586547
1353436 512 0 24420813865187
1353948 512 0 24420814143828
1354460 512 0 24420814422468
1354972 512 0 24420814701109
1355484 512 0 24420814979749
1355996 512 0 24420815258389
1356508 512 0 24420815537030
1357020 512 0 24420815815670
1357532 512 0 24420816094311
1358044 512 0 24420816372951
1358556 512 0 24420816651592
1359068 512 0 24420816930232
1359580 512 0 24420817208872
1360092 512 0 24420817487513
1360604 512 0 24420817766152
1361116 512 0 24420818044793
1361628 512 0 24420818323433
1362140 512 0 24420818602074
1362652 512 0 24420818880714
1363164 512 0 24420819159355
1363676 512 0 24420819437995
1364188 512 0 24420819716635
1364700 512 0 24420819995276
1365212 512 0 24420820273916
1365724 512 0 24420820552557
1366236 512 0 24420820831197
1366748 512 0 24420821109837
1367260 512 0 24420821388478
1367772 512 0 24420821667118
1368284 512 0 24420821945759
1368796 512 0 24420822224399
1369308 512 0 24420822503040
1369820 512 0 24420822781680
1370332 512 0 24420823060321
1370844 512 0 24420823338961
1371356 512 0 24420823617602
1371868 512 0 24420823896242
1372380 512 0 24420824174882
1372892 512 0 24420824453523
1373404 512 0 24420824732163
1373916 512 0 24420825010804
1374428 512 0 24420825289444
1374940 512 0 24420825568085
1375452 512 0 24420825846725
1375964 512 0 24420826125365
1376476 512 0 24420826404006
1376988 512 0 24420826682645
1377500 512 0 24420826961286
1378012 512 0 24420827239926
1378524 512 0 24420827518567
1379036 512 0 24420827797207
1379548 512 0 24420828075848
1380060 512 0 24420828354488
1380572 512 0 24420828633128
1381084 512 0 24420828911769
1381596 512 0 24420829190409
1382108 512 0 24420829469050
1382620 512 0 24420829747690
1383132 512 0 24420830026330
1383644 512 0 24420830304971
1384156 512 0 24420830583611
1384668 512 0 24420830862252
1385180 512 0 24420831140892
1385692 512 0 24420831419533
1386204 512 0 24420831698173
1386716 512 0 24420831976814
1387228 512 0 24420832255454
1387740 512 0 24420832534095
1388252 512 0 24420832812735
1388764 512 0 24420833091375
1389276 512 0 24420833370016
1389788 512 0 24420833648656
1390300 512 0 24420833927297
1390812 512 0 24420834205937
1391324 512 0 24420834484577
1391836 512 0 24420834763218
1392348 512 0 24420835041858
1392860 512 0 24420835320499
1393372 512 0 24420835599139
1393884 512 0 24420835877780
1394396 512 0 24420836156420
1394908 512 0 24420836435061
1395420 512 0 24420836713701
1395932 512 0 24420836992342
1396444 512 0 24420837270982
1396956 512 0 24420837549622
1397468 512 0 24420837828263
1397980 512 0 24420838106903
1398492 512 0 24420838385544
1399004 512 0 24420838664184
1399516 512 0 24420838942824
1400028 512 0 24420839221465
1400540 512 0 24420839500105
1401052 512 0 24420839778746
1401564 512 0 24420840057388
1402076 512 0 24420840336028
1402588 512 0 24420840614668
1403100 512 0 24420840893309
1403612 512 0 24420841171949
1404124 512 0 24420841450590
1404636 512 0 24420841729230
1405148 512 0 24420842007870
1405660 512 0 24420842286511
1406172 512 0 24420842565151
1406684 512 0 24420842843792
1407196 512 0 24420843122432
1407708 512 0 24420843401073
1408220 512 0 24420843679713
1408732 512 0 24420843958353
1409244 512 0 24420844236994
1409756 512 0 24420844515633
1410268 512 0 24420844794274
1410780 512 0 24420845072914
1411292 512 0 24420845351555
1411804 512 0 24420845630195
1412316 512 0 24420845908836
1412828 512 0 24420846187476
1413340 512 0 24420846466116
1413852 512 0 24420846744757
1414364 512 0 24420847023397
1414876 512 0 24420847302038
1415388 512 0 24420847580678
1415900 512 0 24420847859319
1416412 512 0 24420848137959
1416924 512 0 24420848416599
1417436 512 0 24420848695240
1417948 512 0 24420848973880
1418460 512 0 24420849252521
1418972 512 0 24420849531161
1419484 512 0 24420849809802
1419996 512 0 24420850088442
1420508 512 0 24420850367083
1421020 512 0 24420850645723
1421532 512 0 24420850924363
1422044 512 0 24420851203004
1422556 512 0 24420851481644
1423068 512 0 24420851760285
1423580 512 0 24420852038925
1424092 512 0 24420852317566
1424604 512 0 24420852596206
1425116 512 0 24420852874846
1425628 512 0 24420853153487
1426140 512 0 24420853432126
1426652 512 0 24420853710767
1427164 512 0 24420853989407
1427676 512 0 24420854268048
1428188 512 0 24420854546688
1428700 512 0 24420854825329
1429212 512 0 24420855103969
1429724 512 0 24420855382609
1430236 512 0 24420855661250
1430748 512 0 24420855939890
1431260 512 0 24420856218531
1431772 512 0 24420856497171
1432284 512 0 24420856775811
1432796 512 0 24420857054452
1433308 512 0 24420857333092
1433820 512 0 24420857611733
1434332 512 0 24420857890371
1434844 512 0 24420858169012
1435356 512 0 24420858447652
1435868 512 0 24420858726293
1436380 512 0 24420859004933
1436892 512 0 24420859283573
1437404 512 0 24420859562214
1437916 512 0 24420859840854
1438428 512 0 24420860119495
1438940 512 0 24420860398135
1439452 512 0 24420860676776
1439964 512 0 24420860955416
1440476 512 0 24420861234056
1440988 512 0 24420861512697
1441500 512 0 24420861791337
1442012 512 0 24420862069978
1442524 512 0 24420862348618
1443036 512 0 24420862627259
1443548 512 0 24420862905899
1444060 512 0 24420863184540
1444572 512 0 24420863463180
1445084 512 0 24420863741820
1445596 512 0 24420864020461
1446108 512 0 24420864299101
1446620 512 0 24420864577742
1447132 512 0 24420864856382
1447644 512 0 24420865135023
1448156 512 0 24420865413663
1448668 512 0 24420865692303
1449180 512 0 24420865970944
1449692 512 0 24420866249584
1450204 512 0 24420866528225
1450716 512 0 24420866806865
1451228 512 0 24420867085506
1451740 512 0 24420867364146
1452252 512 0 24420867642787
1452764 512 0 24420867921427
1453276 512 0 24420868200067
1453788 512 0 24420868478708
1454300 512 0 24420868757348
1454812 512 0 24420869035989
1455324 512 0 24420869314629
1455836 512 0 24420869593270
1456348 512 0 24420869871910
1456860 512 0 24420870150550
1457372 512 0 24420870429191
1457884 512 0 24420870707831
1458396 512 0 24420870986472
1458908 512 0 24420871265112
1459420 512 0 24420871543753
1459932 512 0 24420871822393
1460444 512 0 24420872101034
1460956 512 0 24420872379674
1461468 512 0 24420872658315
1461980 512 0 24420872936955
1462492 512 0 24420873215595
1463004 512 0 24420873494236
1463516 512 0 24420873772876
1464028 512 0 24420874051517
1464540 512 0 24420874330157
1465052 512 0 24420874608797
1465564 512 0 24420874887438
1466076 512 0 24420875166078
1466588 512 0 24420875444719
1467100 512 0 24420875723359
1467612 512 0 24420876002000
1468124 512 0 24420876280640
1468636 512 0 24420876559281
1469148 512 0 24420876837921
1469660 512 0 24420877116562
1470172 512 0 24420877395202
1470684 512 0 24420877673842
1471196 512 0 24420877952483
1471708 512 0 24420878231123
1472220 512 0 24420878509764
1472732 512 0 24420878788404
1473244 512 0 24420879067044
1473756 512 0 24420879345685
1474268 512 0 24420879624325
1474780 512 0 24420879902966
1475292 512 0 24420880181606
1475804 512 0 24420880460247
1476316 512 0 24420880738887
1476828 512 0 24420881017528
1477340 512 0 24420881296168
1477852 512 0 24420881574809
1478364 512 0 24420881853449
1478876 512 0 24420882132089
1479388 512 0 24420882410730
1479900 512 0 24420882689370
1480412 512 0 24420882968011
1480924 512 0 24420883246651
1481436 512 0 24420883525291
1481948 512 0 24420883803932
1482460 512 0 24420884082572
1482972 512 0 24420884361213
1483484 512 0 24420884639853
1483996 512 0 24420884918494
1484508 512 0 24420885197134
1485020 512 0 24420885475775
1485532 512 0 24420885754415
1486044 512 0 24420886033056
1486556 512 0 24420886311696
1487068 512 0 24420886590336
1487580 512 0 24420886868977
1488092 512 0 24420887147617
1488604 512 0 24420887426258
1489116 512 0 24420887704898
1489628 512 0 24420887983539
1490140 512 0 24420888262179
1490652 512 0 24420888540819
1491164 512 0 24420888819460
1491676 512 0 24420889098100
1492188 512 0 24420889376741
1492700 512 0 24420889655381
1493212 512 0 24420889934022
1493724 512 0 24420890212662
1494236 512 0 24420890491303
1494748 512 0 24420890769943
1495260 512 0 24420891048583
1495772 512 0 24420891327224
1496284 512 0 24420891605864
1496796 512 0 24420891884505
1497308 512 0 24420892163145
1497820 512 0 24420892441786
1498332 512 0 24420892720426
1498844 512 0 24420892999066
1499356 512 0 24420893277707
1499868 512 0 24420893556346
1500380 512 0 24420893834987
1500892 512 0 24420894113627
1501404 512 0 24420894392268
1501916 512 0 24420894670908
1502428 512 0 24420894949549
1502940 512 0 24420895228189
1503452 512 0 24420895506829
1503964 512 0 24420895785470
1504476 512 0 24420896064110
1504988 512 0 24420896342751
1505500 512 0 24420896621391
1506012 512 0 24420896900031
1506524 512 0 24420897178672
1507036 512 0 24420897457312
1507548 512 0 24420897735953
1508060 512 0 24420898014593
1508572 512 0 24420898293234
1509084 512 0 24420898571874
1509596 512 0 24420898850515
1510108 512 0 24420899129155
1510620 512 0 24420899407796
1511132 512 0 24420899686436
1511644 512 0 24420899965076
1512156 512 0 24420900243717
1512668 512 0 24420900522357
1513180 512 0 24420900800998
1513692 512 0 24420901079638
1514204 512 0 24420901358278
1514716 512 0 24420901636919
1515228 512 0 24420901915559
1515740 512 0 24420902194200
1516252 512 0 24420902472839
1516764 512 0 24420902751480
1517276 512 0 24420903030120
1517788 512 0 24420903308761
1518300 512 0 24420903587401
1518812 512 0 24420903866042
1519324 512 0 24420904144682
1519836 512 0 24420904423322
1520348 512 0 24420904701963
1520860 512 0 24420904980603
1521372 512 0 24420905259244
1521884 512 0 24420905537884
1522396 512 0 24420905816524
1522908 512 0 24420906095165
1523420 512 0 24420906373805
1523932 512 0 24420906652446
1524444 512 0 24420906931086
1524956 512 0 24420907209727
1525468 512 0 24420907488367
1525980 512 0 24420907767008
1526492 512 0 24420908045648
1527004 512 0 24420908324289
1527516 512 0 24420908602929
1528028 512 0 24420908881569
1528540 512 0 24420909160210
1529052 512 0 24420909438850
1529564 512 0 24420909717491
1530076 512 0 24420909996131
1530588 512 0 24420910274771
1531100 512 0 24420910553412
1531612 512 0 24420910832052
1532124 512 0 24420911110693
1532636 512 0 24420911389332
1533148 512 0 24420911667973
1533660 512 0 24420911946613
1534172 512 0 24420912225254
1534684 512 0 24420912503894
1535196 512 0 24420912782534
1535708 512 0 24420913061175
1536220 512 0 24420913339815
1536732 512 0 24420913618456
1537244 512 0 24420913897096
1537756 512 0 24420914175737
1538268 512 0 24420914454377
1538780 512 0 24420914733017
1539292 512 0 24420915011658
1539804 512 0 24420915290298
1540316 512 0 24420915568939
1540828 512 0 24420915847579
1541340 512 0 24420916126220
1541852 512 0 24420916404860
1542364 512 0 24420916683501
1542876 512 0 24420916962141
1543388 512 0 24420917240781
1543900 512 0 24420917519422
1544412 512 0 24420917798062
1544924 512 0 24420918076703
1545436 512 0 24420918355343
1545948 512 0 24420918633984
1546460 512 0 24420918912624
1546972 512 0 24420919191264
1547484 512 0 24420919469905
1547996 512 0 24420919748545
1548508 512 0 24420920027186
1549020 512 0 24420920305827
1549532 512 0 24420920584468
1550044 512 0 24420920863108
1550556 512 0 24420921141749
1551068 512 0 24420921420389
1551580 512 0 24420921699030
1552092 512 0 24420921977670
1552604 512 0 24420922256310
1553116 512 0 24420922534951
1553628 512 0 24420922813591
1554140 512 0 24420923092232
1554652 512 0 24420923370872
1555164 512 0 24420923649513
1555676 512 0 24420923928153
1556188 512 0 24420924206793
1556700 512 0 24420924485434
1557212 512 0 24420924764074
1557724 512 0 24420925042715
1558236 512 0 24420925321355
1558748 512 0 24420925599996
1559260 512 0 24420925878636
1559772 512 0 24420926157277
1560284 512 0 24420926435917
1560796 512 0 24420926714557
1561308 512 0 24420926993198
1561820 512 0 24420927271838
1562332 512 0 24420927550479
1562844 512 0 24420927829119
1563356 512 0 24420928107760
1563868 512 0 24420928386400
1564380 512 0 24420928665040
1564892 512 0 24420928943681
1565404 512 0 24420929222322
1565916 512 0 24420929500962
1566428 512 0 24420929779602
1566940 512 0 24420930058243
1567452 512 0 24420930336883
1567964 512 0 24420930615524
1568476 512 0 24420930894164
1568988 512 0 24420931172804
1569500 512 0 24420931451445
1570012 512 0 24420931730085
1570524 512 0 24420932008726
1571036 512 0 24420932287366
1571548 512 0 24420932566007
1572060 512 0 24420932844647
1572572 512 0 24420933123287
1573084 512 0 24420933401928
1573596 512 0 24420933680567
1574108 512 0 24420933959208
1574620 512 0 24420934237848
1575132 512 0 24420934516489
1575644 512 0 24420934795129
1576156 512 0 24420935073770
1576668 512 0 24420935352410
1577180 512 0 24420935631050
1577692 512 0 24420935909691
1578204 512 0 24420936188331
1578716 512 0 24420936466972
1579228 512 0 24420936745612
1579740 512 0 24420937024253
1580252 512 0 24420937302893
1580764 512 0 24420937581533
1581276 512 0 24420937860174
1581788 512 0 24420938138814
1582300 512 0 24420938417455
1582812 512 0 24420938696095
1583324 512 0 24420938974736
1583836 512 0 24420939253376
1584348 512 0 24420939532017
1584860 512 0 24420939810657
1585372 512 0 24420940089297
1585884 512 0 24420940367938
1586396 512 0 24420940646578
1586908 512 0 24420940925219
1587420 512 0 24420941203859
1587932 512 0 24420941482500
1588444 512 0 24420941761140
1588956 512 0 24420942039780
1589468 512 0 24420942318421
1589980 512 0 24420942597060
1590492 512 0 24420942875701
1591004 512 0 24420943154341
1591516 512 0 24420943432982
1592028 512 0 24420943711622
1592540 512 0 24420943990263
1593052 512 0 24420944268903
1593564 512 0 24420944547543
1594076 512 0 24420944826184
1594588 512 0 24420945104824
1595100 512 0 24420945383465
1595612 512 0 24420945662105
1596124 512 0 24420945940745
1596636 512 0 24420946219386
1597148 512 0 24420946498026
1597660 512 0 24420946776667
1598172 512 0 24420947055305
1598684 512 0 24420947333946
1599196 512 0 24420947612586
1599708 512 0 24420947891227
1600220 512 0 24420948169867
1600732 512 0 24420948448507
1601244 512 0 24420948727148
1601756 512 0 24420949005788
1602268 512 0 24420949284429
1602780 512 0 24420949563069
1603292 512 0 24420949841709
1603804 512 0 24420950120350
1604316 512 0 24420950398990
1604828 512 0 24420950677631
1605340 512 0 24420950956271
1605852 512 0 24420951234912
1606364 512 0 24420951513552
1606876 512 0 24420951792193
1607388 512 0 24420952070833
1607900 512 0 24420952349474
1608412 512 0 24420952628114
1608924 512 0 24420952906754
1609436 512 0 24420953185395
1609948 512 0 24420953464035
1610460 512 0 24420953742676
1610972 512 0 24420954021316
1611484 512 0 24420954299957
1611996 512 0 24420954578597
1612508 512 0 24420954857237
1613020 512 0 24420955135878
1613532 512 0 24420955414518
1614044 512 0 24420955693159
1614556 512 0 24420955971797
1615068 512 0 24420956250438
1615580 512 0 24420956529078
1616092 512 0 24420956807719
1616604 512 0 24420957086359
1617116 512 0 24420957364999
1617628 512 0 24420957643640
1618140 512 0 24420957922280
1618652 512 0 24420958200921
1619164 512 0 24420958479561
1619676 512 0 24420958758201
1620188 512 0 24420959036842
1620700 512 0 24420959315482
1621212 512 0 24420959594123
1621724 512 0 24420959872763
1622236 512 0 24420960151403
1622748 512 0 24420960430044
1623260 512 0 24420960708685
1623772 512 0 24420960987325
1624284 512 0 24420961265966
1624796 512 0 24420961544606
1625308 512 0 24420961823246
1625820 512 0 24420962101887
1626332 512 0 24420962380527
1626844 512 0 24420962659168
1627356 512 0 24420962937808
1627868 512 0 24420963216448
1628380 512 0 24420963495089
1628892 512 0 24420963773729
1629404 512 0 24420964052370
1629916 512 0 24420964331010
1630428 512 0 24420964609650
1630940 512 0 24420964888291
1631452 512 0 24420965166932
1631964 512 0 24420965445572
1632476 512 0 24420965724213
1632988 512 0 24420966002853
1633500 512 0 24420966281493
1634012 512 0 24420966560134
1634524 512 0 24420966838774
1635036 512 0 24420967117415
1635548 512 0 24420967396055
1636060 512 0 24420967674695
1636572 512 0 24420967953336
1637084 512 0 24420968231976
1637596 512 0 24420968510617
1638108 512 0 24420968789257
1638620 512 0 24420969067898
1639132 512 0 24420969346538
1639644 512 0 24420969625179
1640156 512 0 24420969903819
1640668 512 0 24420970182460
1641180 512 0 24420970461100
1641692 512 0 24420970739740
1642204 512 0 24420971018381
1642716 512 0 24420971297021
1643228 512 0 24420971575662
1643740 512 0 24420971854302
1644252 512 0 24420972132942
1644764 512 0 24420972411583
1645276 512 0 24420972690223
1645788 512 0 24420972968864
1646300 512 0 24420973247504
1646812 512 0 24420973526145
1647324 512 0 24420973804785
1647836 512 0 24420974083426
1648348 512 0 24420974362066
1648860 512 0 24420974640707
1649372 512 0 24420974919347
1649884 512 0 24420975197987
1650396 512 0 24420975476628
1650908 512 0 24420975755268
1651420 512 0 24420976033909
1651932 512 0 24420976312549
1652444 512 0 24420976591190
1652956 512 0 24420976869830
1653468 512 0 24420977148470
1653980 512 0 24420977427111
1654492 512 0 24420977705751
1655004 512 0 24420977984392
1655516 512 0 24420978263031
1656028 512 0 24420978541672
1656540 512 0 24420978820312
1657052 512 0 24420979098953
1657564 512 0 24420979377593
1658076 512 0 24420979656233
1658588 512 0 24420979934874
1659100 512 0 24420980213514
1659612 512 0 24420980492155
1660124 512 0 24420980770795
1660636 512 0 24420981049435
1661148 512 0 24420981328076
1661660 512 0 24420981606716
1662172 512 0 24420981885357
1662684 512 0 24420982163997
1663196 512 0 24420982442638
1663708 512 0 24420982721277
1664220 512 0 24420982999918
1664732 512 0 24420983278558
1665244 512 0 24420983557199
1665756 512 0 24420983835839
1666268 512 0 24420984114479
1666780 512 0 24420984393120
1667292 512 0 24420984671760
1667804 512 0 24420984950401
1668316 512 0 24420985229041
1668828 512 0 24420985507681
1669340 512 0 24420985786322
1669852 512 0 24420986064962
1670364 512 0 24420986343603
1670876 512 0 24420986622243
1671388 512 0 24420986900883
1671900 512 0 24420987179523
1672412 512 0 24420987458164
1672924 512 0 24420987736804
1673436 512 0 24420988015444
1673948 512 0 24420988294085
1674460 512 0 24420988572725
1674972 512 0 24420988851366
1675484 512 0 24420989130006
1675996 512 0 24420989408647
1676508 512 0 24420989687287
1677020 512 0 24420989965927
1677532 512 0 24420990244568
1678044 512 0 24420990523208
1678556 512 0 24420990801849
1679068 512 0 24420991080489
1679580 512 0 24420991359129
1680092 512 0 24420991637771
1680604 512 0 24420991916412
1681116 512 0 24420992195052
1681628 512 0 24420992473693
1682140 512 0 24420992752333
1682652 512 0 24420993030973
1683164 512 0 24420993309614
1683676 512 0 24420993588254
1684188 512 0 24420993866895
1684700 512 0 24420994145535
1685212 512 0 24420994424175
1685724 512 0 24420994702816
1686236 512 0 24420994981456
1686748 512 0 24420995260097
1687260 512 0 24420995538737
1687772 512 0 24420995817378
1688284 512 0 24420996096016
1688796 512 0 24420996374657
1689308 512 0 24420996653297
1689820 512 0 24420996931937
1690332 512 0 24420997210578
1690844 512 0 24420997489218
1691356 512 0 24420997767859
1691868 512 0 24420998046499
1692380 512 0 24420998325140
1692892 512 0 24420998603780
1693404 512 0 24420998882420
1693916 512 0 24420999161061
1694428 512 0 24420999439701
1694940 512 0 24420999718342
1695452 512 0 24420999996982
1695964 512 0 24421000275622
1696476 512 0 24421000554262
1696988 512 0 24421000832903
1697500 512 0 24421001111543
1698012 512 0 24421001390183
1698524 512 0 24421001668824
1699036 512 0 24421001947464
1699548 512 0 24421002226105
1700060 512 0 24421002504745
1700572 512 0 24421002783385
1701084 512 0 24421003062026
1701596 512 0 24421003340666
1702108 512 0 24421003619307
1702620 512 0 24421003897947
1703132 512 0 24421004176588
1703644 512 0 24421004455228
1704156 512 0 24421004733868
1704668 512 0 24421005012510
1705180 512 0 24421005291151
1705692 512 0 24421005569791
1706204 512 0 24421005848432
1706716 512 0 24421006127072
1707228 512 0 24421006405712
1707740 512 0 24421006684353
1708252 512 0 24421006962993
1708764 512 0 24421007241634
1709276 512 0 24421007520274
1709788 512 0 24421007798914
1710300 512 0 24421008077555
1710812 512 0 24421008356195
1711324 512 0 24421008634836
1711836 512 0 24421008913476
1712348 512 0 24421009192116
1712860 512 0 24421009470757
1713372 512 0 24421009749398
1713884 512 0 24421010028038
1714396 512 0 24421010306679
1714908 512 0 24421010585319
1715420 512 0 24421010863959
1715932 512 0 24421011142600
1716444 512 0 24421011421240
1716956 512 0 24421011699881
1717468 512 0 24421011978521
1717980 512 0 24421012257161
1718492 512 0 24421012535802
1719004 512 0 24421012814442
1719516 512 0 24421013093083
1720028 512 0 24421013371723
1720540 512 0 24421013650364
1721052 512 0 24421013929004
1721564 512 0 24421014207645
1722076 512 0 24421014486285
1722588 512 0 24421014764926
1723100 512 0 24421015043566
1723612 512 0 24421015322206
1724124 512 0 24421015600847
1724636 512 0 24421015879487
1725148 512 0 24421016158128
1725660 512 0 24421016436768
1726172 512 0 24421016715408
1726684 512 0 24421016994049
1727196 512 0 24421017272689
1727708 512 0 24421017551330
1728220 512 0 24421017829970
1728732 512 0 24421018108611
1729244 512 0 24421018387251
1729756 512 0 24421018665892
1730268 512 0 24421018944532
1730780 512 0 24421019223173
1731292 512 0 24421019501813
1731804 512 0 24421019780453
1732316 512 0 24421020059094
1732828 512 0 24421020337734
1733340 512 0 24421020616375
1733852 512 0 24421020895015
1734364 512 0 24421021173656
1734876 512 0 24421021452296
1735388 512 0 24421021730936
1735900 512 0 24421022009577
1736412 512 0 24421022288217
1736924 512 0 24421022566858
1737436 512 0 24421022845498
1737948 512 0 24421023124139
1738460 512 0 24421023402779
1738972 512 0 24421023681420
1739484 512 0 24421023960060
1739996 512 0 24421024238700
1740508 512 0 24421024517341
1741020 512 0 24421024795981
1741532 512 0 24421025074622
1742044 512 0 24421025353262
1742556 512 0 24421025631903
1743068 512 0 24421025910543
1743580 512 0 24421026189183
1744092 512 0 24421026467824
1744604 512 0 24421026746464
1745116 512 0 24421027025105
1745628 512 0 24421027303744
1746140 512 0 24421027582385
1746652 512 0 24421027861025
1747164 512 0 24421028139666
1747676 512 0 24421028418306
1748188 512 0 24421028696946
1748700 512 0 24421028975587
1749212 512 0 24421029254227
1749724 512 0 24421029532868
1750236 512 0 24421029811508
1750748 512 0 24421030090148
1751260 512 0 24421030368789
1751772 512 0 24421030647429
1752284 512 0 24421030926070
1752796 512 0 24421031204710
1753308 512 0 24421031483351
1753820 512 0 24421031761991
1754332 512 0 24421032040632
