144 512 0 24420075789662
656 512 0 24420076068302
1168 512 0 24420076346941
1680 512 0 24420076625581
2192 512 0 24420076904220
2704 512 0 24420077182860
3216 512 0 24420077461499
3728 512 0 24420077740139
4240 512 0 24420078018778
4752 512 0 24420078297418
5264 512 0 24420078576057
5776 512 0 24420078854697
6288 512 0 24420079133336
6800 512 0 24420079411975
7312 512 0 24420079690615
7824 512 0 24420079969254
8336 512 0 24420080247894
8848 512 0 24420080526533
9360 512 0 24420080805173
9872 512 0 24420081083812
10384 512 0 24420081362452
10896 512 0 24420081641091
11408 512 0 24420081919731
11920 512 0 24420082198370
12432 512 0 24420082477010
12944 512 0 24420082755649
13456 512 0 24420083034289
13968 512 0 24420083312928
14480 512 0 24420083591567
14992 512 0 24420083870207
15504 512 0 24420084148846
16016 512 0 24420084427486
16528 512 0 24420084706125
17040 512 0 24420084984765
17552 512 0 24420085263404
18064 512 0 24420085542044
18576 512 0 24420085820683
19088 512 0 24420086099323
19600 512 0 24420086377962
20112 512 0 24420086656602
20624 512 0 24420086935241
21136 512 0 24420087213881
21648 512 0 24420087492520
22160 512 0 24420087771160
22672 512 0 24420088049799
23184 512 0 24420088328438
23696 512 0 24420088607078
24208 512 0 24420088885717
24720 512 0 24420089164357
25232 512 0 24420089442996
25744 512 0 24420089721636
26256 512 0 24420090000275
26768 512 0 24420090278915
27280 512 0 24420090557554
27792 512 0 24420090836194
28304 512 0 24420091114833
28816 512 0 24420091393473
29328 512 0 24420091672112
29840 512 0 24420091950752
30352 512 0 24420092229391
30864 512 0 24420092508030
31376 512 0 24420092786670
31888 512 0 24420093065309
32400 512 0 24420093343947
32912 512 0 24420093622587
33424 512 0 24420093901226
33936 512 0 24420094179865
34448 512 0 24420094458505
34960 512 0 24420094737144
35472 512 0 24420095015784
35984 512 0 24420095294423
36496 512 0 24420095573063
37008 512 0 24420095851702
37520 512 0 24420096130342
38032 512 0 24420096408981
38544 512 0 24420096687620
39056 512 0 24420096966260
39568 512 0 24420097244899
40080 512 0 24420097523539
40592 512 0 24420097802178
41104 512 0 24420098080818
41616 512 0 24420098359457
42128 512 0 24420098638097
42640 512 0 24420098916736
43152 512 0 24420099195376
43664 512 0 24420099474015
44176 512 0 24420099752654
44688 512 0 24420100031294
45200 512 0 24420100309933
45712 512 0 24420100588573
46224 512 0 24420100867212
46736 512 0 24420101145852
47248 512 0 24420101424491
47760 512 0 24420101703131
48272 512 0 24420101981770
48784 512 0 24420102260411
49296 512 0 24420102539050
49808 512 0 24420102817690
50320 512 0 24420103096329
50832 512 0 24420103374969
51344 512 0 24420103653608
51856 512 0 24420103932247
52368 512 0 24420104210887
52880 512 0 24420104489526
53392 512 0 24420104768166
53904 512 0 24420105046805
54416 512 0 24420105325445
54928 512 0 24420105604084
55440 512 0 24420105882724
55952 512 0 24420106161363
56464 512 0 24420106440003
56976 512 0 24420106718642
57488 512 0 24420106997282
58000 512 0 24420107275921
58512 512 0 24420107554560
59024 512 0 24420107833200
59536 512 0 24420108111839
60048 512 0 24420108390479
60560 512 0 24420108669118
61072 512 0 24420108947758
61584 512 0 24420109226397
62096 512 0 24420109505037
62608 512 0 24420109783676
63120 512 0 24420110062316
63632 512 0 24420110340955
64144 512 0 24420110619595
64656 512 0 24420110898234
65168 512 0 24420111176872
65680 512 0 24420111455512
66192 512 0 24420111734151
66704 512 0 24420112012791
67216 512 0 24420112291430
67728 512 0 24420112570070
68240 512 0 24420112848709
68752 512 0 24420113127348
69264 512 0 24420113405988
69776 512 0 24420113684627
70288 512 0 24420113963267
70800 512 0 24420114241906
71312 512 0 24420114520546
71824 512 0 24420114799185
72336 512 0 24420115077825
72848 512 0 24420115356464
73360 512 0 24420115635104
73872 512 0 24420115913743
74384 512 0 24420116192382
74896 512 0 24420116471022
75408 512 0 24420116749661
75920 512 0 24420117028301
76432 512 0 24420117306940
76944 512 0 24420117585580
77456 512 0 24420117864219
77968 512 0 24420118142859
78480 512 0 24420118421498
78992 512 0 24420118700137
79504 512 0 24420118978777
80016 512 0 24420119257416
80528 512 0 24420119536056
81040 512 0 24420119814695
81552 512 0 24420120093340
82064 512 0 24420120371980
82576 512 0 24420120650619
83088 512 0 24420120929259
83600 512 0 24420121207898
84112 512 0 24420121486538
84624 512 0 24420121765177
85136 512 0 24420122043817
85648 512 0 24420122322456
86160 512 0 24420122601096
86672 512 0 24420122879735
87184 512 0 24420123158375
87696 512 0 24420123437014
88208 512 0 24420123715654
88720 512 0 24420123994293
89232 512 0 24420124272933
89744 512 0 24420124551572
90256 512 0 24420124830212
90768 512 0 24420125108851
91280 512 0 24420125387491
91792 512 0 24420125666130
92304 512 0 24420125944770
92816 512 0 24420126223409
93328 512 0 24420126502049
93840 512 0 24420126780688
94352 512 0 24420127059328
94864 512 0 24420127337967
95376 512 0 24420127616607
95888 512 0 24420127895246
96400 512 0 24420128173886
96912 512 0 24420128452525
97424 512 0 24420128731165
97936 512 0 24420129009840
98448 512 0 24420129288480
98960 512 0 24420129567119
99472 512 0 24420129845759
99984 512 0 24420130124399
100496 512 0 24420130403039
101008 512 0 24420130681679
101520 512 0 24420130960319
102032 512 0 24420131238959
102544 512 0 24420131517599
103056 512 0 24420131796238
103568 512 0 24420132074878
104080 512 0 24420132353518
104592 512 0 24420132632158
105104 512 0 24420132910798
105616 512 0 24420133189438
106128 512 0 24420133468078
106640 512 0 24420133746718
107152 512 0 24420134025357
107664 512 0 24420134303997
108176 512 0 24420134582637
108688 512 0 24420134861277
109200 512 0 24420135139917
109712 512 0 24420135418557
110224 512 0 24420135697197
110736 512 0 24420135975837
111248 512 0 24420136254477
111760 512 0 24420136533116
112272 512 0 24420136811756
112784 512 0 24420137090396
113296 512 0 24420137369036
113808 512 0 24420137647676
114320 512 0 24420137926338
114832 512 0 24420138204978
115344 512 0 24420138483618
115856 512 0 24420138762258
116368 512 0 24420139040898
116880 512 0 24420139319539
117392 512 0 24420139598179
117904 512 0 24420139876819
118416 512 0 24420140155459
118928 512 0 24420140434099
119440 512 0 24420140712739
119952 512 0 24420140991379
120464 512 0 24420141270019
120976 512 0 24420141548659
121488 512 0 24420141827300
122000 512 0 24420142105940
122512 512 0 24420142384580
123024 512 0 24420142663220
123536 512 0 24420142941860
124048 512 0 24420143220500
124560 512 0 24420143499140
125072 512 0 24420143777780
125584 512 0 24420144056420
126096 512 0 24420144335061
126608 512 0 24420144613701
127120 512 0 24420144892341
127632 512 0 24420145170981
128144 512 0 24420145449621
128656 512 0 24420145728261
129168 512 0 24420146006901
129680 512 0 24420146285541
130192 512 0 24420146564181
130704 512 0 24420146842831
131216 512 0 24420147121471
131728 512 0 24420147400111
132240 512 0 24420147678751
132752 512 0 24420147957391
133264 512 0 24420148236032
133776 512 0 24420148514672
134288 512 0 24420148793312
134800 512 0 24420149071952
135312 512 0 24420149350592
135824 512 0 24420149629232
136336 512 0 24420149907873
136848 512 0 24420150186513
137360 512 0 24420150465153
137872 512 0 24420150743793
138384 512 0 24420151022433
138896 512 0 24420151301073
139408 512 0 24420151579714
139920 512 0 24420151858354
140432 512 0 24420152136994
140944 512 0 24420152415634
141456 512 0 24420152694274
141968 512 0 24420152972915
142480 512 0 24420153251555
142992 512 0 24420153530195
143504 512 0 24420153808835
144016 512 0 24420154087475
144528 512 0 24420154366115
145040 512 0 24420154644756
145552 512 0 24420154923396
146064 512 0 24420155202036
146576 512 0 24420155480676
147088 512 0 24420155759324
147600 512 0 24420156037965
148112 512 0 24420156316605
148624 512 0 24420156595245
149136 512 0 24420156873885
149648 512 0 24420157152526
150160 512 0 24420157431166
150672 512 0 24420157709806
151184 512 0 24420157988446
151696 512 0 24420158267086
152208 512 0 24420158545727
152720 512 0 24420158824367
153232 512 0 24420159103007
153744 512 0 24420159381647
154256 512 0 24420159660287
154768 512 0 24420159938928
155280 512 0 24420160217568
155792 512 0 24420160496208
156304 512 0 24420160774848
156816 512 0 24420161053489
157328 512 0 24420161332129
157840 512 0 24420161610769
158352 512 0 24420161889409
158864 512 0 24420162168049
159376 512 0 24420162446690
159888 512 0 24420162725330
160400 512 0 24420163003970
160912 512 0 24420163282610
161424 512 0 24420163561251
161936 512 0 24420163839891
162448 512 0 24420164118531
162960 512 0 24420164397171
163472 512 0 24420164675816
163984 512 0 24420164954457
164496 512 0 24420165233097
165008 512 0 24420165511737
165520 512 0 24420165790377
166032 512 0 24420166069018
166544 512 0 24420166347658
167056 512 0 24420166626298
167568 512 0 24420166904938
168080 512 0 24420167183579
168592 512 0 24420167462219
169104 512 0 24420167740859
169616 512 0 24420168019499
170128 512 0 24420168298140
170640 512 0 24420168576780
171152 512 0 24420168855420
171664 512 0 24420169134060
172176 512 0 24420169412701
172688 512 0 24420169691341
173200 512 0 24420169969981
173712 512 0 24420170248621
174224 512 0 24420170527262
174736 512 0 24420170805902
175248 512 0 24420171084542
175760 512 0 24420171363182
176272 512 0 24420171641823
176784 512 0 24420171920463
177296 512 0 24420172199103
177808 512 0 24420172477743
178320 512 0 24420172756384
178832 512 0 24420173035024
179344 512 0 24420173313664
179856 512 0 24420173592309
180368 512 0 24420173870950
180880 512 0 24420174149590
181392 512 0 24420174428230
181904 512 0 24420174706870
182416 512 0 24420174985511
182928 512 0 24420175264151
183440 512 0 24420175542791
183952 512 0 24420175821432
184464 512 0 24420176100072
184976 512 0 24420176378712
185488 512 0 24420176657352
186000 512 0 24420176935993
186512 512 0 24420177214633
187024 512 0 24420177493273
187536 512 0 24420177771914
188048 512 0 24420178050554
188560 512 0 24420178329194
189072 512 0 24420178607834
189584 512 0 24420178886475
190096 512 0 24420179165115
190608 512 0 24420179443755
191120 512 0 24420179722396
191632 512 0 24420180001036
192144 512 0 24420180279676
192656 512 0 24420180558316
193168 512 0 24420180836957
193680 512 0 24420181115597
194192 512 0 24420181394237
194704 512 0 24420181672878
195216 512 0 24420181951518
195728 512 0 24420182230158
196240 512 0 24420182508803
196752 512 0 24420182787444
197264 512 0 24420183066084
197776 512 0 24420183344724
198288 512 0 24420183623365
198800 512 0 24420183902005
199312 512 0 24420184180645
199824 512 0 24420184459285
200336 512 0 24420184737926
200848 512 0 24420185016566
201360 512 0 24420185295206
201872 512 0 24420185573847
202384 512 0 24420185852487
202896 512 0 24420186131127
203408 512 0 24420186409768
203920 512 0 24420186688408
204432 512 0 24420186967048
204944 512 0 24420187245689
205456 512 0 24420187524329
205968 512 0 24420187802969
206480 512 0 24420188081610
206992 512 0 24420188360250
207504 512 0 24420188638890
208016 512 0 24420188917531
208528 512 0 24420189196171
209040 512 0 24420189474811
209552 512 0 24420189753451
210064 512 0 24420190032092
210576 512 0 24420190310732
211088 512 0 24420190589372
211600 512 0 24420190868013
212112 512 0 24420191146653
212624 512 0 24420191425297
213136 512 0 24420191703937
213648 512 0 24420191982578
214160 512 0 24420192261218
214672 512 0 24420192539858
215184 512 0 24420192818499
215696 512 0 24420193097139
216208 512 0 24420193375779
216720 512 0 24420193654420
217232 512 0 24420193933060
217744 512 0 24420194211700
218256 512 0 24420194490341
218768 512 0 24420194768981
219280 512 0 24420195047621
219792 512 0 24420195326262
220304 512 0 24420195604902
220816 512 0 24420195883542
221328 512 0 24420196162183
221840 512 0 24420196440823
222352 512 0 24420196719463
222864 512 0 24420196998104
223376 512 0 24420197276744
223888 512 0 24420197555384
224400 512 0 24420197834025
224912 512 0 24420198112665
225424 512 0 24420198391305
225936 512 0 24420198669946
226448 512 0 24420198948586
226960 512 0 24420199227226
227472 512 0 24420199505867
227984 512 0 24420199784507
228496 512 0 24420200063147
229008 512 0 24420200341791
229520 512 0 24420200620431
230032 512 0 24420200899071
230544 512 0 24420201177712
231056 512 0 24420201456352
231568 512 0 24420201734992
232080 512 0 24420202013633
232592 512 0 24420202292273
233104 512 0 24420202570913
233616 512 0 24420202849554
234128 512 0 24420203128194
234640 512 0 24420203406834
235152 512 0 24420203685475
235664 512 0 24420203964115
236176 512 0 24420204242756
236688 512 0 24420204521396
237200 512 0 24420204800036
237712 512 0 24420205078677
238224 512 0 24420205357317
238736 512 0 24420205635957
239248 512 0 24420205914598
239760 512 0 24420206193238
240272 512 0 24420206471878
240784 512 0 24420206750519
241296 512 0 24420207029159
241808 512 0 24420207307799
242320 512 0 24420207586440
242832 512 0 24420207865080
243344 512 0 24420208143720
243856 512 0 24420208422361
244368 512 0 24420208701001
244880 512 0 24420208979642
245392 512 0 24420209258284
245904 512 0 24420209536924
246416 512 0 24420209815565
246928 512 0 24420210094205
247440 512 0 24420210372845
247952 512 0 24420210651486
248464 512 0 24420210930126
248976 512 0 24420211208767
249488 512 0 24420211487407
250000 512 0 24420211766047
250512 512 0 24420212044688
251024 512 0 24420212323328
251536 512 0 24420212601968
252048 512 0 24420212880609
252560 512 0 24420213159249
253072 512 0 24420213437889
253584 512 0 24420213716530
254096 512 0 24420213995170
254608 512 0 24420214273811
255120 512 0 24420214552451
255632 512 0 24420214831091
256144 512 0 24420215109732
256656 512 0 24420215388372
257168 512 0 24420215667012
257680 512 0 24420215945653
258192 512 0 24420216224293
258704 512 0 24420216502934
259216 512 0 24420216781574
259728 512 0 24420217060214
260240 512 0 24420217338855
260752 512 0 24420217617495
261264 512 0 24420217896135
261776 512 0 24420218174777
262288 512 0 24420218453417
262800 512 0 24420218732058
263312 512 0 24420219010698
263824 512 0 24420219289339
264336 512 0 24420219567979
264848 512 0 24420219846619
265360 512 0 24420220125260
265872 512 0 24420220403900
266384 512 0 24420220682540
266896 512 0 24420220961181
267408 512 0 24420221239821
267920 512 0 24420221518462
268432 512 0 24420221797102
268944 512 0 24420222075742
269456 512 0 24420222354383
269968 512 0 24420222633023
270480 512 0 24420222911663
270992 512 0 24420223190304
271504 512 0 24420223468944
272016 512 0 24420223747585
272528 512 0 24420224026225
273040 512 0 24420224304865
273552 512 0 24420224583506
274064 512 0 24420224862146
274576 512 0 24420225140786
275088 512 0 24420225419427
275600 512 0 24420225698067
276112 512 0 24420225976707
276624 512 0 24420226255348
277136 512 0 24420226533988
277648 512 0 24420226812629
278160 512 0 24420227091270
278672 512 0 24420227369911
279184 512 0 24420227648551
279696 512 0 24420227927191
280208 512 0 24420228205832
280720 512 0 24420228484472
281232 512 0 24420228763112
281744 512 0 24420229041753
282256 512 0 24420229320393
282768 512 0 24420229599034
283280 512 0 24420229877674
283792 512 0 24420230156314
284304 512 0 24420230434955
284816 512 0 24420230713595
285328 512 0 24420230992235
285840 512 0 24420231270876
286352 512 0 24420231549516
286864 512 0 24420231828157
287376 512 0 24420232106797
287888 512 0 24420232385437
288400 512 0 24420232664078
288912 512 0 24420232942718
289424 512 0 24420233221358
289936 512 0 24420233499999
290448 512 0 24420233778639
290960 512 0 24420234057280
291472 512 0 24420234335920
291984 512 0 24420234614560
292496 512 0 24420234893201
293008 512 0 24420235171841
293520 512 0 24420235450481
294032 512 0 24420235729122
294544 512 0 24420236007763
295056 512 0 24420236286404
295568 512 0 24420236565044
296080 512 0 24420236843684
296592 512 0 24420237122325
297104 512 0 24420237400965
297616 512 0 24420237679606
298128 512 0 24420237958246
298640 512 0 24420238236886
299152 512 0 24420238515527
299664 512 0 24420238794167
300176 512 0 24420239072807
300688 512 0 24420239351448
301200 512 0 24420239630088
301712 512 0 24420239908729
302224 512 0 24420240187369
302736 512 0 24420240466009
303248 512 0 24420240744650
303760 512 0 24420241023290
304272 512 0 24420241301930
304784 512 0 24420241580571
305296 512 0 24420241859211
305808 512 0 24420242137852
306320 512 0 24420242416492
306832 512 0 24420242695132
307344 512 0 24420242973773
307856 512 0 24420243252413
308368 512 0 24420243531054
308880 512 0 24420243809694
309392 512 0 24420244088334
309904 512 0 24420244366975
310416 512 0 24420244645615
310928 512 0 24420244924258
311440 512 0 24420245202898
311952 512 0 24420245481538
312464 512 0 24420245760179
312976 512 0 24420246038819
313488 512 0 24420246317459
314000 512 0 24420246596100
314512 512 0 24420246874740
315024 512 0 24420247153381
315536 512 0 24420247432021
316048 512 0 24420247710661
316560 512 0 24420247989302
317072 512 0 24420248267942
317584 512 0 24420248546582
318096 512 0 24420248825223
318608 512 0 24420249103863
319120 512 0 24420249382504
319632 512 0 24420249661144
320144 512 0 24420249939784
320656 512 0 24420250218425
321168 512 0 24420250497065
321680 512 0 24420250775706
322192 512 0 24420251054346
322704 512 0 24420251332986
323216 512 0 24420251611627
323728 512 0 24420251890267
324240 512 0 24420252168907
324752 512 0 24420252447548
325264 512 0 24420252726188
325776 512 0 24420253004829
326288 512 0 24420253283469
326800 512 0 24420253562109
327312 512 0 24420253840751
327824 512 0 24420254119391
328336 512 0 24420254398031
328848 512 0 24420254676672
329360 512 0 24420254955312
329872 512 0 24420255233953
330384 512 0 24420255512593
330896 512 0 24420255791233
331408 512 0 24420256069874
331920 512 0 24420256348514
332432 512 0 24420256627154
332944 512 0 24420256905795
333456 512 0 24420257184435
333968 512 0 24420257463076
334480 512 0 24420257741716
334992 512 0 24420258020356
335504 512 0 24420258298997
336016 512 0 24420258577637
336528 512 0 24420258856278
337040 512 0 24420259134918
337552 512 0 24420259413558
338064 512 0 24420259692199
338576 512 0 24420259970839
339088 512 0 24420260249479
339600 512 0 24420260528120
340112 512 0 24420260806760
340624 512 0 24420261085401
341136 512 0 24420261364041
341648 512 0 24420261642681
342160 512 0 24420261921322
342672 512 0 24420262199962
343184 512 0 24420262478603
343696 512 0 24420262757245
344208 512 0 24420263035885
344720 512 0 24420263314526
345232 512 0 24420263593166
345744 512 0 24420263871806
346256 512 0 24420264150447
346768 512 0 24420264429087
347280 512 0 24420264707727
347792 512 0 24420264986368
348304 512 0 24420265265008
348816 512 0 24420265543649
349328 512 0 24420265822289
349840 512 0 24420266100929
350352 512 0 24420266379570
350864 512 0 24420266658210
351376 512 0 24420266936851
351888 512 0 24420267215491
352400 512 0 24420267494131
352912 512 0 24420267772772
353424 512 0 24420268051412
353936 512 0 24420268330053
354448 512 0 24420268608693
354960 512 0 24420268887333
355472 512 0 24420269165974
355984 512 0 24420269444614
356496 512 0 24420269723255
357008 512 0 24420270001895
357520 512 0 24420270280535
358032 512 0 24420270559176
358544 512 0 24420270837816
359056 512 0 24420271116456
359568 512 0 24420271395097
360080 512 0 24420271673739
360592 512 0 24420271952379
361104 512 0 24420272231020
361616 512 0 24420272509660
362128 512 0 24420272788300
362640 512 0 24420273066941
363152 512 0 24420273345581
363664 512 0 24420273624222
364176 512 0 24420273902862
364688 512 0 24420274181502
365200 512 0 24420274460143
365712 512 0 24420274738783
366224 512 0 24420275017424
366736 512 0 24420275296064
367248 512 0 24420275574704
367760 512 0 24420275853345
368272 512 0 24420276131985
368784 512 0 24420276410626
369296 512 0 24420276689266
369808 512 0 24420276967906
370320 512 0 24420277246547
370832 512 0 24420277525187
371344 512 0 24420277803828
371856 512 0 24420278082468
372368 512 0 24420278361108
372880 512 0 24420278639749
373392 512 0 24420278918389
373904 512 0 24420279197030
374416 512 0 24420279475670
374928 512 0 24420279754310
375440 512 0 24420280032951
375952 512 0 24420280311591
376464 512 0 24420280590232
376976 512 0 24420280868872
377488 512 0 24420281147513
378000 512 0 24420281426153
378512 512 0 24420281704793
379024 512 0 24420281983434
379536 512 0 24420282262074
380048 512 0 24420282540715
380560 512 0 24420282819355
381072 512 0 24420283097995
381584 512 0 24420283376636
382096 512 0 24420283655276
382608 512 0 24420283933917
383120 512 0 24420284212557
383632 512 0 24420284491197
384144 512 0 24420284769838
384656 512 0 24420285048478
385168 512 0 24420285327119
385680 512 0 24420285605759
386192 512 0 24420285884399
386704 512 0 24420286163040
387216 512 0 24420286441680
387728 512 0 24420286720321
388240 512 0 24420286998961
388752 512 0 24420287277601
389264 512 0 24420287556242
389776 512 0 24420287834882
390288 512 0 24420288113523
390800 512 0 24420288392163
391312 512 0 24420288670803
391824 512 0 24420288949444
392336 512 0 24420289228084
392848 512 0 24420289506726
393360 512 0 24420289785366
393872 512 0 24420290064007
394384 512 0 24420290342647
394896 512 0 24420290621288
395408 512 0 24420290899928
395920 512 0 24420291178568
396432 512 0 24420291457209
396944 512 0 24420291735849
397456 512 0 24420292014490
397968 512 0 24420292293130
398480 512 0 24420292571770
398992 512 0 24420292850411
399504 512 0 24420293129051
400016 512 0 24420293407692
400528 512 0 24420293686332
401040 512 0 24420293964972
401552 512 0 24420294243613
402064 512 0 24420294522253
402576 512 0 24420294800894
403088 512 0 24420295079534
403600 512 0 24420295358174
404112 512 0 24420295636815
404624 512 0 24420295915455
405136 512 0 24420296194096
405648 512 0 24420296472736
406160 512 0 24420296751376
406672 512 0 24420297030017
407184 512 0 24420297308657
407696 512 0 24420297587298
408208 512 0 24420297865938
408720 512 0 24420298144578
409232 512 0 24420298423220
409744 512 0 24420298701861
410256 512 0 24420298980501
410768 512 0 24420299259141
411280 512 0 24420299537782
411792 512 0 24420299816422
412304 512 0 24420300095063
412816 512 0 24420300373703
413328 512 0 24420300652343
413840 512 0 24420300930984
414352 512 0 24420301209624
414864 512 0 24420301488265
415376 512 0 24420301766905
415888 512 0 24420302045545
416400 512 0 24420302324186
416912 512 0 24420302602826
417424 512 0 24420302881467
417936 512 0 24420303160107
418448 512 0 24420303438747
418960 512 0 24420303717388
419472 512 0 24420303996028
419984 512 0 24420304274669
420496 512 0 24420304553309
421008 512 0 24420304831949
421520 512 0 24420305110590
422032 512 0 24420305389230
422544 512 0 24420305667871
423056 512 0 24420305946511
423568 512 0 24420306225151
424080 512 0 24420306503792
424592 512 0 24420306782432
425104 512 0 24420307061073
425616 512 0 24420307339714
426128 512 0 24420307618355
426640 512 0 24420307896995
427152 512 0 24420308175635
427664 512 0 24420308454276
428176 512 0 24420308732916
428688 512 0 24420309011557
429200 512 0 24420309290197
429712 512 0 24420309568838
430224 512 0 24420309847478
430736 512 0 24420310126118
431248 512 0 24420310404759
431760 512 0 24420310683399
432272 512 0 24420310962040
432784 512 0 24420311240680
433296 512 0 24420311519320
433808 512 0 24420311797961
434320 512 0 24420312076601
434832 512 0 24420312355242
435344 512 0 24420312633882
435856 512 0 24420312912522
436368 512 0 24420313191163
436880 512 0 24420313469803
437392 512 0 24420313748444
437904 512 0 24420314027084
438416 512 0 24420314305724
438928 512 0 24420314584365
439440 512 0 24420314863005
439952 512 0 24420315141646
440464 512 0 24420315420286
440976 512 0 24420315698926
441488 512 0 24420315977567
442000 512 0 24420316256208
442512 512 0 24420316534849
443024 512 0 24420316813489
443536 512 0 24420317092130
444048 512 0 24420317370770
444560 512 0 24420317649410
445072 512 0 24420317928051
445584 512 0 24420318206691
446096 512 0 24420318485332
446608 512 0 24420318763972
447120 512 0 24420319042612
447632 512 0 24420319321253
448144 512 0 24420319599893
448656 512 0 24420319878534
449168 512 0 24420320157174
449680 512 0 24420320435815
450192 512 0 24420320714455
450704 512 0 24420320993095
451216 512 0 24420321271736
451728 512 0 24420321550376
452240 512 0 24420321829017
452752 512 0 24420322107657
453264 512 0 24420322386297
453776 512 0 24420322664938
454288 512 0 24420322943578
454800 512 0 24420323222219
455312 512 0 24420323500859
455824 512 0 24420323779499
456336 512 0 24420324058140
456848 512 0 24420324336780
457360 512 0 24420324615421
457872 512 0 24420324894061
458384 512 0 24420325172702
458896 512 0 24420325451343
459408 512 0 24420325729983
459920 512 0 24420326008624
460432 512 0 24420326287264
460944 512 0 24420326565905
461456 512 0 24420326844545
461968 512 0 24420327123185
462480 512 0 24420327401826
462992 512 0 24420327680466
463504 512 0 24420327959107
464016 512 0 24420328237747
464528 512 0 24420328516387
465040 512 0 24420328795028
465552 512 0 24420329073668
466064 512 0 24420329352309
466576 512 0 24420329630949
467088 512 0 24420329909589
467600 512 0 24420330188230
468112 512 0 24420330466870
468624 512 0 24420330745511
469136 512 0 24420331024151
469648 512 0 24420331302792
470160 512 0 24420331581432
470672 512 0 24420331860072
471184 512 0 24420332138713
471696 512 0 24420332417353
472208 512 0 24420332695994
472720 512 0 24420332974634
473232 512 0 24420333253274
473744 512 0 24420333531915
474256 512 0 24420333810555
474768 512 0 24420334089195
475280 512 0 24420334367836
475792 512 0 24420334646476
476304 512 0 24420334925117
476816 512 0 24420335203757
477328 512 0 24420335482397
477840 512 0 24420335761038
478352 512 0 24420336039678
478864 512 0 24420336318319
479376 512 0 24420336596959
479888 512 0 24420336875600
480400 512 0 24420337154240
480912 512 0 24420337432880
481424 512 0 24420337711521
481936 512 0 24420337990161
482448 512 0 24420338268802
482960 512 0 24420338547442
483472 512 0 24420338826082
483984 512 0 24420339104723
484496 512 0 24420339383363
485008 512 0 24420339662004
485520 512 0 24420339940644
486032 512 0 24420340219284
486544 512 0 24420340497925
487056 512 0 24420340776565
487568 512 0 24420341055206
488080 512 0 24420341333846
488592 512 0 24420341612487
489104 512 0 24420341891127
489616 512 0 24420342169767
490128 512 0 24420342448408
490640 512 0 24420342727048
491152 512 0 24420343005689
491664 512 0 24420343284330
492176 512 0 24420343562970
492688 512 0 24420343841611
493200 512 0 24420344120251
493712 512 0 24420344398892
494224 512 0 24420344677532
494736 512 0 24420344956172
495248 512 0 24420345234813
495760 512 0 24420345513453
496272 512 0 24420345792094
496784 512 0 24420346070734
497296 512 0 24420346349374
497808 512 0 24420346628015
498320 512 0 24420346906655
498832 512 0 24420347185296
499344 512 0 24420347463936
499856 512 0 24420347742577
500368 512 0 24420348021217
500880 512 0 24420348299857
501392 512 0 24420348578498
501904 512 0 24420348857138
502416 512 0 24420349135779
502928 512 0 24420349414419
503440 512 0 24420349693059
503952 512 0 24420349971700
504464 512 0 24420350250340
504976 512 0 24420350528981
505488 512 0 24420350807621
506000 512 0 24420351086262
506512 512 0 24420351364902
507024 512 0 24420351643542
507536 512 0 24420351922184
508048 512 0 24420352200824
508560 512 0 24420352479464
509072 512 0 24420352758105
509584 512 0 24420353036745
510096 512 0 24420353315386
510608 512 0 24420353594026
511120 512 0 24420353872666
511632 512 0 24420354151307
512144 512 0 24420354429947
512656 512 0 24420354708588
513168 512 0 24420354987228
513680 512 0 24420355265869
514192 512 0 24420355544509
514704 512 0 24420355823149
515216 512 0 24420356101790
515728 512 0 24420356380430
516240 512 0 24420356659071
516752 512 0 24420356937711
517264 512 0 24420357216351
517776 512 0 24420357494992
518288 512 0 24420357773632
518800 512 0 24420358052273
519312 512 0 24420358330913
519824 512 0 24420358609554
520336 512 0 24420358888194
520848 512 0 24420359166834
521360 512 0 24420359445475
521872 512 0 24420359724115
522384 512 0 24420360002756
522896 512 0 24420360281396
523408 512 0 24420360560036
523920 512 0 24420360838678
524432 512 0 24420361117318
524944 512 0 24420361395958
525456 512 0 24420361674599
525968 512 0 24420361953239
526480 512 0 24420362231880
526992 512 0 24420362510520
527504 512 0 24420362789161
528016 512 0 24420363067801
528528 512 0 24420363346441
529040 512 0 24420363625082
529552 512 0 24420363903722
530064 512 0 24420364182363
530576 512 0 24420364461003
531088 512 0 24420364739643
531600 512 0 24420365018284
532112 512 0 24420365296924
532624 512 0 24420365575565
533136 512 0 24420365854205
533648 512 0 24420366132846
534160 512 0 24420366411486
534672 512 0 24420366690126
535184 512 0 24420366968767
535696 512 0 24420367247407
536208 512 0 24420367526048
536720 512 0 24420367804688
537232 512 0 24420368083329
537744 512 0 24420368361969
538256 512 0 24420368640609
538768 512 0 24420368919250
539280 512 0 24420369197890
539792 512 0 24420369476531
540304 512 0 24420369755172
540816 512 0 24420370033812
541328 512 0 24420370312453
541840 512 0 24420370591093
542352 512 0 24420370869733
542864 512 0 24420371148374
543376 512 0 24420371427014
543888 512 0 24420371705655
544400 512 0 24420371984295
544912 512 0 24420372262935
545424 512 0 24420372541576
545936 512 0 24420372820216
546448 512 0 24420373098857
546960 512 0 24420373377497
547472 512 0 24420373656138
547984 512 0 24420373934778
548496 512 0 24420374213418
549008 512 0 24420374492059
549520 512 0 24420374770699
550032 512 0 24420375049340
550544 512 0 24420375327980
551056 512 0 24420375606621
551568 512 0 24420375885261
552080 512 0 24420376163901
552592 512 0 24420376442542
553104 512 0 24420376721182
553616 512 0 24420376999823
554128 512 0 24420377278463
554640 512 0 24420377557103
555152 512 0 24420377835744
555664 512 0 24420378114384
556176 512 0 24420378393025
556688 512 0 24420378671665
557200 512 0 24420378950305
557712 512 0 24420379228945
558224 512 0 24420379507586
558736 512 0 24420379786226
559248 512 0 24420380064867
559760 512 0 24420380343507
560272 512 0 24420380622148
560784 512 0 24420380900788
561296 512 0 24420381179428
561808 512 0 24420381458069
562320 512 0 24420381736709
562832 512 0 24420382015350
563344 512 0 24420382293990
563856 512 0 24420382572631
564368 512 0 24420382851271
564880 512 0 24420383129911
565392 512 0 24420383408552
565904 512 0 24420383687192
566416 512 0 24420383965833
566928 512 0 24420384244473
567440 512 0 24420384523113
567952 512 0 24420384801754
568464 512 0 24420385080394
568976 512 0 24420385359035
569488 512 0 24420385637675
570000 512 0 24420385916316
570512 512 0 24420386194956
571024 512 0 24420386473596
571536 512 0 24420386752237
572048 512 0 24420387030877
572560 512 0 24420387309518
573072 512 0 24420387588159
573584 512 0 24420387866799
574096 512 0 24420388145440
574608 512 0 24420388424080
575120 512 0 24420388702720
575632 512 0 24420388981361
576144 512 0 24420389260001
576656 512 0 24420389538642
577168 512 0 24420389817282
577680 512 0 24420390095922
578192 512 0 24420390374563
578704 512 0 24420390653203
579216 512 0 24420390931844
579728 512 0 24420391210484
580240 512 0 24420391489125
580752 512 0 24420391767765
581264 512 0 24420392046405
581776 512 0 24420392325046
582288 512 0 24420392603686
582800 512 0 24420392882327
583312 512 0 24420393160967
583824 512 0 24420393439608
584336 512 0 24420393718248
584848 512 0 24420393996888
585360 512 0 24420394275529
585872 512 0 24420394554169
586384 512 0 24420394832810
586896 512 0 24420395111450
587408 512 0 24420395390090
587920 512 0 24420395668731
588432 512 0 24420395947371
588944 512 0 24420396226012
589456 512 0 24420396504653
589968 512 0 24420396783293
590480 512 0 24420397061934
590992 512 0 24420397340574
591504 512 0 24420397619214
592016 512 0 24420397897855
592528 512 0 24420398176495
593040 512 0 24420398455136
593552 512 0 24420398733776
594064 512 0 24420399012417
594576 512 0 24420399291057
595088 512 0 24420399569697
595600 512 0 24420399848338
596112 512 0 24420400126978
596624 512 0 24420400405619
597136 512 0 24420400684259
597648 512 0 24420400962900
598160 512 0 24420401241540
598672 512 0 24420401520180
599184 512 0 24420401798821
599696 512 0 24420402077461
600208 512 0 24420402356102
600720 512 0 24420402634742
601232 512 0 24420402913382
601744 512 0 24420403192023
602256 512 0 24420403470663
602768 512 0 24420403749304
603280 512 0 24420404027944
603792 512 0 24420404306585
604304 512 0 24420404585225
604816 512 0 24420404863865
605328 512 0 24420405142506
605840 512 0 24420405421147
606352 512 0 24420405699787
606864 512 0 24420405978428
607376 512 0 24420406257068
607888 512 0 24420406535708
608400 512 0 24420406814349
608912 512 0 24420407092989
609424 512 0 24420407371630
609936 512 0 24420407650270
610448 512 0 24420407928911
610960 512 0 24420408207551
611472 512 0 24420408486191
611984 512 0 24420408764832
612496 512 0 24420409043472
613008 512 0 24420409322113
613520 512 0 24420409600753
614032 512 0 24420409879394
614544 512 0 24420410158034
615056 512 0 24420410436674
615568 512 0 24420410715315
616080 512 0 24420410993955
616592 512 0 24420411272596
617104 512 0 24420411551236
617616 512 0 24420411829877
618128 512 0 24420412108517
618640 512 0 24420412387157
619152 512 0 24420412665798
619664 512 0 24420412944438
620176 512 0 24420413223079
620688 512 0 24420413501719
621200 512 0 24420413780360
621712 512 0 24420414059000
622224 512 0 24420414337642
622736 512 0 24420414616282
623248 512 0 24420414894923
623760 512 0 24420415173563
624272 512 0 24420415452204
624784 512 0 24420415730844
625296 512 0 24420416009484
625808 512 0 24420416288125
626320 512 0 24420416566765
626832 512 0 24420416845406
627344 512 0 24420417124046
627856 512 0 24420417402687
628368 512 0 24420417681327
628880 512 0 24420417959967
629392 512 0 24420418238608
629904 512 0 24420418517248
630416 512 0 24420418795889
630928 512 0 24420419074529
631440 512 0 24420419353170
631952 512 0 24420419631810
632464 512 0 24420419910450
632976 512 0 24420420189091
633488 512 0 24420420467731
634000 512 0 24420420746372
634512 512 0 24420421025012
635024 512 0 24420421303653
635536 512 0 24420421582293
636048 512 0 24420421860934
636560 512 0 24420422139574
637072 512 0 24420422418214
637584 512 0 24420422696855
638096 512 0 24420422975495
638608 512 0 24420423254136
639120 512 0 24420423532776
639632 512 0 24420423811417
640144 512 0 24420424090057
640656 512 0 24420424368698
641168 512 0 24420424647338
641680 512 0 24420424925979
642192 512 0 24420425204619
642704 512 0 24420425483259
643216 512 0 24420425761900
643728 512 0 24420426040540
644240 512 0 24420426319181
644752 512 0 24420426597821
645264 512 0 24420426876462
645776 512 0 24420427155102
646288 512 0 24420427433742
646800 512 0 24420427712383
647312 512 0 24420427991023
647824 512 0 24420428269664
648336 512 0 24420428548304
648848 512 0 24420428826945
649360 512 0 24420429105585
649872 512 0 24420429384225
650384 512 0 24420429662866
650896 512 0 24420429941506
651408 512 0 24420430220147
651920 512 0 24420430498787
652432 512 0 24420430777428
652944 512 0 24420431056068
653456 512 0 24420431334708
653968 512 0 24420431613349
654480 512 0 24420431891989
654992 512 0 24420432170630
655504 512 0 24420432449270
656016 512 0 24420432727911
656528 512 0 24420433006551
657040 512 0 24420433285192
657552 512 0 24420433563832
658064 512 0 24420433842473
658576 512 0 24420434121113
659088 512 0 24420434399753
659600 512 0 24420434678394
660112 512 0 24420434957034
660624 512 0 24420435235675
661136 512 0 24420435514315
661648 512 0 24420435792956
662160 512 0 24420436071596
662672 512 0 24420436350236
663184 512 0 24420436628877
663696 512 0 24420436907517
664208 512 0 24420437186158
664720 512 0 24420437464798
665232 512 0 24420437743439
665744 512 0 24420438022079
666256 512 0 24420438300719
666768 512 0 24420438579360
667280 512 0 24420438858000
667792 512 0 24420439136641
668304 512 0 24420439415281
668816 512 0 24420439693922
669328 512 0 24420439972562
669840 512 0 24420440251202
670352 512 0 24420440529843
670864 512 0 24420440808483
671376 512 0 24420441087124
671888 512 0 24420441365764
672400 512 0 24420441644405
672912 512 0 24420441923045
673424 512 0 24420442201686
673936 512 0 24420442480326
674448 512 0 24420442758967
674960 512 0 24420443037607
675472 512 0 24420443316247
675984 512 0 24420443594888
676496 512 0 24420443873528
677008 512 0 24420444152169
677520 512 0 24420444430809
678032 512 0 24420444709450
678544 512 0 24420444988090
679056 512 0 24420445266730
679568 512 0 24420445545371
680080 512 0 24420445824011
680592 512 0 24420446102652
681104 512 0 24420446381292
681616 512 0 24420446659933
682128 512 0 24420446938573
682640 512 0 24420447217213
683152 512 0 24420447495854
683664 512 0 24420447774494
684176 512 0 24420448053135
684688 512 0 24420448331775
685200 512 0 24420448610416
685712 512 0 24420448889056
686224 512 0 24420449167696
686736 512 0 24420449446337
687248 512 0 24420449724977
687760 512 0 24420450003618
688272 512 0 24420450282258
688784 512 0 24420450560899
689296 512 0 24420450839539
689808 512 0 24420451118180
690320 512 0 24420451396820
690832 512 0 24420451675461
691344 512 0 24420451954101
691856 512 0 24420452232741
692368 512 0 24420452511382
692880 512 0 24420452790022
693392 512 0 24420453068663
693904 512 0 24420453347303
694416 512 0 24420453625944
694928 512 0 24420453904584
695440 512 0 24420454183224
695952 512 0 24420454461865
696464 512 0 24420454740505
696976 512 0 24420455019146
697488 512 0 24420455297786
698000 512 0 24420455576427
698512 512 0 24420455855067
699024 512 0 24420456133708
699536 512 0 24420456412348
700048 512 0 24420456690988
700560 512 0 24420456969629
701072 512 0 24420457248269
701584 512 0 24420457526910
702096 512 0 24420457805550
702608 512 0 24420458084191
703120 512 0 24420458362831
703632 512 0 24420458641471
704144 512 0 24420458920112
704656 512 0 24420459198752
705168 512 0 24420459477393
705680 512 0 24420459756033
706192 512 0 24420460034674
706704 512 0 24420460313314
707216 512 0 24420460591955
707728 512 0 24420460870595
708240 512 0 24420461149235
708752 512 0 24420461427876
709264 512 0 24420461706516
709776 512 0 24420461985157
710288 512 0 24420462263797
710800 512 0 24420462542438
711312 512 0 24420462821078
711824 512 0 24420463099719
712336 512 0 24420463378359
712848 512 0 24420463656999
713360 512 0 24420463935640
713872 512 0 24420464214280
714384 512 0 24420464492921
714896 512 0 24420464771561
715408 512 0 24420465050202
715920 512 0 24420465328842
716432 512 0 24420465607482
716944 512 0 24420465886123
717456 512 0 24420466164763
717968 512 0 24420466443404
718480 512 0 24420466722044
718992 512 0 24420467000685
719504 512 0 24420467279325
720016 512 0 24420467557965
720528 512 0 24420467836606
721040 512 0 24420468115246
721552 512 0 24420468393887
722064 512 0 24420468672527
722576 512 0 24420468951168
723088 512 0 24420469229808
723600 512 0 24420469508449
724112 512 0 24420469787089
724624 512 0 24420470065730
725136 512 0 24420470344370
725648 512 0 24420470623010
726160 512 0 24420470901651
726672 512 0 24420471180291
727184 512 0 24420471458932
727696 512 0 24420471737572
728208 512 0 24420472016213
728720 512 0 24420472294853
729232 512 0 24420472573493
729744 512 0 24420472852134
730256 512 0 24420473130774
730768 512 0 24420473409415
731280 512 0 24420473688055
731792 512 0 24420473966696
732304 512 0 24420474245336
732816 512 0 24420474523976
733328 512 0 24420474802617
733840 512 0 24420475081257
734352 512 0 24420475359898
734864 512 0 24420475638538
735376 512 0 24420475917179
735888 512 0 24420476195819
736400 512 0 24420476474459
736912 512 0 24420476753099
737424 512 0 24420477031739
737936 512 0 24420477310380
738448 512 0 24420477589020
738960 512 0 24420477867661
739472 512 0 24420478146301
739984 512 0 24420478424942
740496 512 0 24420478703582
741008 512 0 24420478982222
741520 512 0 24420479260863
742032 512 0 24420479539503
742544 512 0 24420479818144
743056 512 0 24420480096784
743568 512 0 24420480375425
744080 512 0 24420480654065
744592 512 0 24420480932705
745104 512 0 24420481211346
745616 512 0 24420481489986
746128 512 0 24420481768627
746640 512 0 24420482047267
747152 512 0 24420482325908
747664 512 0 24420482604548
748176 512 0 24420482883188
748688 512 0 24420483161829
749200 512 0 24420483440469
749712 512 0 24420483719110
750224 512 0 24420483997750
750736 512 0 24420484276391
751248 512 0 24420484555031
751760 512 0 24420484833671
752272 512 0 24420485112312
752784 512 0 24420485390952
753296 512 0 24420485669593
753808 512 0 24420485948233
754320 512 0 24420486226874
754832 512 0 24420486505514
755344 512 0 24420486784155
755856 512 0 24420487062795
756368 512 0 24420487341436
756880 512 0 24420487620076
757392 512 0 24420487898716
757904 512 0 24420488177357
758416 512 0 24420488455997
758928 512 0 24420488734638
759440 512 0 24420489013278
759952 512 0 24420489291919
760464 512 0 24420489570559
760976 512 0 24420489849199
761488 512 0 24420490127840
762000 512 0 24420490406480
762512 512 0 24420490685121
763024 512 0 24420490963761
763536 512 0 24420491242402
764048 512 0 24420491521042
764560 512 0 24420491799682
765072 512 0 24420492078323
765584 512 0 24420492356963
766096 512 0 24420492635604
766608 512 0 24420492914244
767120 512 0 24420493192885
767632 512 0 24420493471525
768144 512 0 24420493750165
768656 512 0 24420494028806
769168 512 0 24420494307446
769680 512 0 24420494586087
770192 512 0 24420494864727
770704 512 0 24420495143368
771216 512 0 24420495422008
771728 512 0 24420495700649
772240 512 0 24420495979289
772752 512 0 24420496257930
773264 512 0 24420496536570
773776 512 0 24420496815210
774288 512 0 24420497093851
774800 512 0 24420497372491
775312 512 0 24420497651132
775824 512 0 24420497929772
776336 512 0 24420498208413
776848 512 0 24420498487053
777360 512 0 24420498765693
777872 512 0 24420499044334
778384 512 0 24420499322974
778896 512 0 24420499601615
779408 512 0 24420499880255
779920 512 0 24420500158896
780432 512 0 24420500437536
780944 512 0 24420500716176
781456 512 0 24420500994817
781968 512 0 24420501273457
782480 512 0 24420501552098
782992 512 0 24420501830738
783504 512 0 24420502109379
784016 512 0 24420502388019
784528 512 0 24420502666660
785040 512 0 24420502945300
785552 512 0 24420503223940
786064 512 0 24420503502581
786576 512 0 24420503781221
787088 512 0 24420504059862
787600 512 0 24420504338502
788112 512 0 24420504617143
788624 512 0 24420504895783
789136 512 0 24420505174424
789648 512 0 24420505453064
790160 512 0 24420505731704
790672 512 0 24420506010345
791184 512 0 24420506288985
791696 512 0 24420506567626
792208 512 0 24420506846266
792720 512 0 24420507124907
793232 512 0 24420507403547
793744 512 0 24420507682188
794256 512 0 24420507960828
794768 512 0 24420508239468
795280 512 0 24420508518109
795792 512 0 24420508796749
796304 512 0 24420509075390
796816 512 0 24420509354030
797328 512 0 24420509632671
797840 512 0 24420509911311
798352 512 0 24420510189951
798864 512 0 24420510468592
799376 512 0 24420510747232
799888 512 0 24420511025873
800400 512 0 24420511304513
800912 512 0 24420511583154
801424 512 0 24420511861794
801936 512 0 24420512140434
802448 512 0 24420512419074
802960 512 0 24420512697714
803472 512 0 24420512976355
803984 512 0 24420513254995
804496 512 0 24420513533636
805008 512 0 24420513812276
805520 512 0 24420514090917
806032 512 0 24420514369557
806544 512 0 24420514648197
807056 512 0 24420514926838
807568 512 0 24420515205478
808080 512 0 24420515484119
808592 512 0 24420515762759
809104 512 0 24420516041400
809616 512 0 24420516320040
810128 512 0 24420516598680
810640 512 0 24420516877321
811152 512 0 24420517155961
811664 512 0 24420517434602
812176 512 0 24420517713242
812688 512 0 24420517991883
813200 512 0 24420518270523
813712 512 0 24420518549163
814224 512 0 24420518827804
814736 512 0 24420519106444
815248 512 0 24420519385085
815760 512 0 24420519663725
816272 512 0 24420519942366
816784 512 0 24420520221006
817296 512 0 24420520499646
817808 512 0 24420520778287
818320 512 0 24420521056927
818832 512 0 24420521335568
819344 512 0 24420521614208
819856 512 0 24420521892849
820368 512 0 24420522171489
820880 512 0 24420522450130
821392 512 0 24420522728770
821904 512 0 24420523007411
822416 512 0 24420523286051
822928 512 0 24420523564691
823440 512 0 24420523843332
823952 512 0 24420524121972
824464 512 0 24420524400613
824976 512 0 24420524679253
825488 512 0 24420524957894
826000 512 0 24420525236534
826512 512 0 24420525515174
827024 512 0 24420525793815
827536 512 0 24420526072455
828048 512 0 24420526351096
828560 512 0 24420526629736
829072 512 0 24420526908377
829584 512 0 24420527187017
830096 512 0 24420527465657
830608 512 0 24420527744298
831120 512 0 24420528022938
831632 512 0 24420528301579
832144 512 0 24420528580219
832656 512 0 24420528858860
833168 512 0 24420529137500
833680 512 0 24420529416140
834192 512 0 24420529694781
834704 512 0 24420529973421
835216 512 0 24420530252062
835728 512 0 24420530530702
836240 512 0 24420530809343
836752 512 0 24420531087983
837264 512 0 24420531366624
837776 512 0 24420531645264
838288 512 0 24420531923905
838800 512 0 24420532202545
839312 512 0 24420532481185
839824 512 0 24420532759826
840336 512 0 24420533038466
840848 512 0 24420533317107
841360 512 0 24420533595747
841872 512 0 24420533874388
842384 512 0 24420534153028
842896 512 0 24420534431668
843408 512 0 24420534710309
843920 512 0 24420534988949
844432 512 0 24420535267590
844944 512 0 24420535546230
845456 512 0 24420535824871
845968 512 0 24420536103511
846480 512 0 24420536382151
846992 512 0 24420536660792
847504 512 0 24420536939432
848016 512 0 24420537218073
848528 512 0 24420537496713
849040 512 0 24420537775354
849552 512 0 24420538053994
850064 512 0 24420538332634
850576 512 0 24420538611275
851088 512 0 24420538889915
851600 512 0 24420539168556
852112 512 0 24420539447196
852624 512 0 24420539725837
853136 512 0 24420540004477
853648 512 0 24420540283118
854160 512 0 24420540561758
854672 512 0 24420540840399
855184 512 0 24420541119039
855696 512 0 24420541397679
856208 512 0 24420541676320
856720 512 0 24420541954960
857232 512 0 24420542233601
857744 512 0 24420542512241
858256 512 0 24420542790882
858768 512 0 24420543069522
859280 512 0 24420543348162
859792 512 0 24420543626803
860304 512 0 24420543905443
860816 512 0 24420544184084
861328 512 0 24420544462724
861840 512 0 24420544741365
862352 512 0 24420545020005
862864 512 0 24420545298646
863376 512 0 24420545577286
863888 512 0 24420545855926
864400 512 0 24420546134567
864912 512 0 24420546413207
865424 512 0 24420546691848
865936 512 0 24420546970488
866448 512 0 24420547249129
866960 512 0 24420547527769
867472 512 0 24420547806409
867984 512 0 24420548085049
868496 512 0 24420548363689
869008 512 0 24420548642330
869520 512 0 24420548920970
870032 512 0 24420549199611
870544 512 0 24420549478251
871056 512 0 24420549756892
871568 512 0 24420550035532
872080 512 0 24420550314172
872592 512 0 24420550592813
873104 512 0 24420550871453
873616 512 0 24420551150094
874128 512 0 24420551428734
874640 512 0 24420551707375
875152 512 0 24420551986015
875664 512 0 24420552264655
876176 512 0 24420552543296
876688 512 0 24420552821936
877200 512 0 24420553100577
877712 512 0 24420553379217
878224 512 0 24420553657858
878736 512 0 24420553936498
879248 512 0 24420554215138
879760 512 0 24420554493779
880272 512 0 24420554772419
880784 512 0 24420555051060
881296 512 0 24420555329700
881808 512 0 24420555608341
882320 512 0 24420555886981
882832 512 0 24420556165621
883344 512 0 24420556444262
883856 512 0 24420556722902
884368 512 0 24420557001543
884880 512 0 24420557280183
885392 512 0 24420557558824
885904 512 0 24420557837464
886416 512 0 24420558116105
886928 512 0 24420558394745
887440 512 0 24420558673386
887952 512 0 24420558952026
888464 512 0 24420559230666
888976 512 0 24420559509307
889488 512 0 24420559787947
890000 512 0 24420560066588
890512 512 0 24420560345228
891024 512 0 24420560623869
891536 512 0 24420560902509
892048 512 0 24420561181149
892560 512 0 24420561459790
893072 512 0 24420561738430
893584 512 0 24420562017071
894096 512 0 24420562295711
894608 512 0 24420562574352
895120 512 0 24420562852992
895632 512 0 24420563131632
896144 512 0 24420563410273
896656 512 0 24420563688913
897168 512 0 24420563967554
897680 512 0 24420564246194
898192 512 0 24420564524835
898704 512 0 24420564803475
899216 512 0 24420565082115
899728 512 0 24420565360756
900240 512 0 24420565639396
900752 512 0 24420565918037
901264 512 0 24420566196677
901776 512 0 24420566475318
902288 512 0 24420566753958
902800 512 0 24420567032599
903312 512 0 24420567311239
903824 512 0 24420567589880
904336 512 0 24420567868520
904848 512 0 24420568147160
905360 512 0 24420568425801
905872 512 0 24420568704441
906384 512 0 24420568983082
906896 512 0 24420569261722
907408 512 0 24420569540363
907920 512 0 24420569819003
908432 512 0 24420570097643
908944 512 0 24420570376284
909456 512 0 24420570654924
909968 512 0 24420570933565
910480 512 0 24420571212205
910992 512 0 24420571490846
911504 512 0 24420571769486
912016 512 0 24420572048126
912528 512 0 24420572326767
913040 512 0 24420572605407
913552 512 0 24420572884048
914064 512 0 24420573162688
914576 512 0 24420573441329
915088 512 0 24420573719969
915600 512 0 24420573998609
916112 512 0 24420574277250
916624 512 0 24420574555890
917136 512 0 24420574834531
917648 512 0 24420575113171
918160 512 0 24420575391812
918672 512 0 24420575670452
919184 512 0 24420575949093
919696 512 0 24420576227733
920208 512 0 24420576506374
920720 512 0 24420576785014
921232 512 0 24420577063654
921744 512 0 24420577342295
922256 512 0 24420577620935
922768 512 0 24420577899576
923280 512 0 24420578178216
923792 512 0 24420578456857
924304 512 0 24420578735497
924816 512 0 24420579014137
925328 512 0 24420579292778
925840 512 0 24420579571418
926352 512 0 24420579850059
926864 512 0 24420580128699
927376 512 0 24420580407340
927888 512 0 24420580685980
928400 512 0 24420580964620
928912 512 0 24420581243261
929424 512 0 24420581521901
929936 512 0 24420581800542
930448 512 0 24420582079182
930960 512 0 24420582357823
931472 512 0 24420582636463
931984 512 0 24420582915104
932496 512 0 24420583193744
933008 512 0 24420583472384
933520 512 0 24420583751024
934032 512 0 24420584029664
934544 512 0 24420584308305
935056 512 0 24420584586945
935568 512 0 24420584865586
936080 512 0 24420585144226
936592 512 0 24420585422866
937104 512 0 24420585701507
937616 512 0 24420585980147
938128 512 0 24420586258788
938640 512 0 24420586537428
939152 512 0 24420586816069
939664 512 0 24420587094709
940176 512 0 24420587373349
940688 512 0 24420587651990
941200 512 0 24420587930630
941712 512 0 24420588209271
942224 512 0 24420588487911
942736 512 0 24420588766552
943248 512 0 24420589045192
943760 512 0 24420589323832
944272 512 0 24420589602473
944784 512 0 24420589881113
945296 512 0 24420590159754
945808 512 0 24420590438394
946320 512 0 24420590717035
946832 512 0 24420590995675
947344 512 0 24420591274315
947856 512 0 24420591552956
948368 512 0 24420591831596
948880 512 0 24420592110237
949392 512 0 24420592388877
949904 512 0 24420592667518
950416 512 0 24420592946158
950928 512 0 24420593224799
951440 512 0 24420593503439
951952 512 0 24420593782080
952464 512 0 24420594060720
952976 512 0 24420594339361
953488 512 0 24420594618001
954000 512 0 24420594896641
954512 512 0 24420595175282
955024 512 0 24420595453922
955536 512 0 24420595732563
956048 512 0 24420596011203
956560 512 0 24420596289844
957072 512 0 24420596568484
957584 512 0 24420596847124
958096 512 0 24420597125765
958608 512 0 24420597404405
959120 512 0 24420597683046
959632 512 0 24420597961686
960144 512 0 24420598240327
960656 512 0 24420598518967
961168 512 0 24420598797607
961680 512 0 24420599076248
962192 512 0 24420599354888
962704 512 0 24420599633529
963216 512 0 24420599912169
963728 512 0 24420600190810
964240 512 0 24420600469450
964752 512 0 24420600748090
965264 512 0 24420601026731
965776 512 0 24420601305371
966288 512 0 24420601584012
966800 512 0 24420601862652
967312 512 0 24420602141293
967824 512 0 24420602419933
968336 512 0 24420602698574
968848 512 0 24420602977214
969360 512 0 24420603255855
969872 512 0 24420603534495
970384 512 0 24420603813135
970896 512 0 24420604091776
971408 512 0 24420604370416
971920 512 0 24420604649057
972432 512 0 24420604927697
972944 512 0 24420605206338
973456 512 0 24420605484978
973968 512 0 24420605763618
974480 512 0 24420606042259
974992 512 0 24420606320899
975504 512 0 24420606599540
976016 512 0 24420606878180
976528 512 0 24420607156821
977040 512 0 24420607435461
977552 512 0 24420607714101
978064 512 0 24420607992742
978576 512 0 24420608271382
979088 512 0 24420608550023
979600 512 0 24420608828663
980112 512 0 24420609107304
980624 512 0 24420609385944
981136 512 0 24420609664584
981648 512 0 24420609943225
982160 512 0 24420610221865
982672 512 0 24420610500505
983184 512 0 24420610779145
983696 512 0 24420611057786
984208 512 0 24420611336426
984720 512 0 24420611615067
985232 512 0 24420611893707
985744 512 0 24420612172347
986256 512 0 24420612450988
986768 512 0 24420612729628
987280 512 0 24420613008269
987792 512 0 24420613286909
988304 512 0 24420613565550
988816 512 0 24420613844190
989328 512 0 24420614122830
989840 512 0 24420614401471
990352 512 0 24420614680111
990864 512 0 24420614958752
991376 512 0 24420615237392
991888 512 0 24420615516033
992400 512 0 24420615794673
992912 512 0 24420616073313
993424 512 0 24420616351954
993936 512 0 24420616630594
994448 512 0 24420616909235
994960 512 0 24420617187875
995472 512 0 24420617466516
995984 512 0 24420617745156
996496 512 0 24420618023796
997008 512 0 24420618302437
997520 512 0 24420618581077
998032 512 0 24420618859718
998544 512 0 24420619138358
999056 512 0 24420619416999
999568 512 0 24420619695639
1000080 512 0 24420619974280
1000592 512 0 24420620252920
1001104 512 0 24420620531561
1001616 512 0 24420620810201
1002128 512 0 24420621088841
1002640 512 0 24420621367482
1003152 512 0 24420621646122
1003664 512 0 24420621924763
1004176 512 0 24420622203403
1004688 512 0 24420622482044
1005200 512 0 24420622760684
1005712 512 0 24420623039324
1006224 512 0 24420623317965
1006736 512 0 24420623596605
1007248 512 0 24420623875246
1007760 512 0 24420624153886
1008272 512 0 24420624432527
1008784 512 0 24420624711167
1009296 512 0 24420624989808
1009808 512 0 24420625268448
1010320 512 0 24420625547088
1010832 512 0 24420625825729
1011344 512 0 24420626104369
1011856 512 0 24420626383010
1012368 512 0 24420626661650
1012880 512 0 24420626940291
1013392 512 0 24420627218931
1013904 512 0 24420627497571
1014416 512 0 24420627776212
1014928 512 0 24420628054852
1015440 512 0 24420628333493
1015952 512 0 24420628612133
1016464 512 0 24420628890774
1016976 512 0 24420629169414
1017488 512 0 24420629448055
1018000 512 0 24420629726695
1018512 512 0 24420630005336
1019024 512 0 24420630283976
1019536 512 0 24420630562616
1020048 512 0 24420630841257
1020560 512 0 24420631119897
1021072 512 0 24420631398538
1021584 512 0 24420631677178
1022096 512 0 24420631955819
1022608 512 0 24420632234459
1023120 512 0 24420632513099
1023632 512 0 24420632791740
1024144 512 0 24420633070380
1024656 512 0 24420633349021
1025168 512 0 24420633627661
1025680 512 0 24420633906302
1026192 512 0 24420634184942
1026704 512 0 24420634463582
1027216 512 0 24420634742223
1027728 512 0 24420635020863
1028240 512 0 24420635299504
1028752 512 0 24420635578144
1029264 512 0 24420635856785
1029776 512 0 24420636135425
1030288 512 0 24420636414065
1030800 512 0 24420636692706
1031312 512 0 24420636971346
1031824 512 0 24420637249986
1032336 512 0 24420637528626
1032848 512 0 24420637807267
1033360 512 0 24420638085907
1033872 512 0 24420638364548
1034384 512 0 24420638643188
1034896 512 0 24420638921828
1035408 512 0 24420639200469
1035920 512 0 24420639479109
1036432 512 0 24420639757750
1036944 512 0 24420640036390
1037456 512 0 24420640315031
1037968 512 0 24420640593671
1038480 512 0 24420640872311
1038992 512 0 24420641150952
1039504 512 0 24420641429592
1040016 512 0 24420641708233
1040528 512 0 24420641986873
1041040 512 0 24420642265514
1041552 512 0 24420642544154
1042064 512 0 24420642822794
1042576 512 0 24420643101435
1043088 512 0 24420643380075
1043600 512 0 24420643658716
1044112 512 0 24420643937356
1044624 512 0 24420644215997
1045136 512 0 24420644494637
1045648 512 0 24420644773277
1046160 512 0 24420645051918
1046672 512 0 24420645330558
1047184 512 0 24420645609199
1047696 512 0 24420645887839
1048208 512 0 24420646166480
1048720 512 0 24420646445120
1049232 512 0 24420646723761
1049744 512 0 24420647002401
1050256 512 0 24420647281042
1050768 512 0 24420647559682
1051280 512 0 24420647838322
1051792 512 0 24420648116963
1052304 512 0 24420648395603
1052816 512 0 24420648674244
1053328 512 0 24420648952884
1053840 512 0 24420649231525
1054352 512 0 24420649510165
1054864 512 0 24420649788805
1055376 512 0 24420650067446
1055888 512 0 24420650346086
1056400 512 0 24420650624727
1056912 512 0 24420650903367
1057424 512 0 24420651182008
1057936 512 0 24420651460648
1058448 512 0 24420651739288
1058960 512 0 24420652017929
1059472 512 0 24420652296569
1059984 512 0 24420652575210
1060496 512 0 24420652853850
1061008 512 0 24420653132491
1061520 512 0 24420653411131
1062032 512 0 24420653689771
1062544 512 0 24420653968412
1063056 512 0 24420654247052
1063568 512 0 24420654525693
1064080 512 0 24420654804333
1064592 512 0 24420655082974
1065104 512 0 24420655361614
1065616 512 0 24420655640255
1066128 512 0 24420655918895
1066640 512 0 24420656197536
1067152 512 0 24420656476176
1067664 512 0 24420656754817
1068176 512 0 24420657033457
1068688 512 0 24420657312097
1069200 512 0 24420657590738
1069712 512 0 24420657869378
1070224 512 0 24420658148019
1070736 512 0 24420658426659
1071248 512 0 24420658705300
1071760 512 0 24420658983940
1072272 512 0 24420659262580
1072784 512 0 24420659541221
1073296 512 0 24420659819861
1073808 512 0 24420660098502
1074320 512 0 24420660377142
1074832 512 0 24420660655783
1075344 512 0 24420660934423
1075856 512 0 24420661213063
1076368 512 0 24420661491704
1076880 512 0 24420661770344
1077392 512 0 24420662048985
1077904 512 0 24420662327625
1078416 512 0 24420662606266
1078928 512 0 24420662884906
1079440 512 0 24420663163546
1079952 512 0 24420663442187
1080464 512 0 24420663720827
1080976 512 0 24420663999468
1081488 512 0 24420664278108
1082000 512 0 24420664556749
1082512 512 0 24420664835389
1083024 512 0 24420665114030
1083536 512 0 24420665392670
1084048 512 0 24420665671311
1084560 512 0 24420665949951
1085072 512 0 24420666228591
1085584 512 0 24420666507232
1086096 512 0 24420666785872
1086608 512 0 24420667064513
1087120 512 0 24420667343153
1087632 512 0 24420667621794
1088144 512 0 24420667900434
1088656 512 0 24420668179074
1089168 512 0 24420668457715
1089680 512 0 24420668736355
1090192 512 0 24420669014996
1090704 512 0 24420669293636
1091216 512 0 24420669572277
1091728 512 0 24420669850917
1092240 512 0 24420670129557
1092752 512 0 24420670408198
1093264 512 0 24420670686838
1093776 512 0 24420670965479
1094288 512 0 24420671244119
1094800 512 0 24420671522760
1095312 512 0 24420671801400
1095824 512 0 24420672080040
1096336 512 0 24420672358681
1096848 512 0 24420672637321
1097360 512 0 24420672915962
1097872 512 0 24420673194602
1098384 512 0 24420673473243
1098896 512 0 24420673751883
1099408 512 0 24420674030524
1099920 512 0 24420674309164
1100432 512 0 24420674587805
1100944 512 0 24420674866445
1101456 512 0 24420675145085
1101968 512 0 24420675423726
1102480 512 0 24420675702366
1102992 512 0 24420675981007
1103504 512 0 24420676259647
1104016 512 0 24420676538288
1104528 512 0 24420676816928
1105040 512 0 24420677095568
1105552 512 0 24420677374209
1106064 512 0 24420677652849
1106576 512 0 24420677931490
1107088 512 0 24420678210130
1107600 512 0 24420678488771
1108112 512 0 24420678767411
1108624 512 0 24420679046051
1109136 512 0 24420679324692
1109648 512 0 24420679603332
1110160 512 0 24420679881973
1110672 512 0 24420680160613
1111184 512 0 24420680439254
1111696 512 0 24420680717894
1112208 512 0 24420680996534
1112720 512 0 24420681275175
1113232 512 0 24420681553815
1113744 512 0 24420681832455
1114256 512 0 24420682111095
1114768 512 0 24420682389736
1115280 512 0 24420682668376
1115792 512 0 24420682947017
1116304 512 0 24420683225657
1116816 512 0 24420683504297
1117328 512 0 24420683782938
1117840 512 0 24420684061578
1118352 512 0 24420684340219
1118864 512 0 24420684618859
1119376 512 0 24420684897500
1119888 512 0 24420685176140
1120400 512 0 24420685454780
1120912 512 0 24420685733421
1121424 512 0 24420686012061
1121936 512 0 24420686290702
1122448 512 0 24420686569342
1122960 512 0 24420686847983
1123472 512 0 24420687126623
1123984 512 0 24420687405263
1124496 512 0 24420687683904
1125008 512 0 24420687962544
1125520 512 0 24420688241185
1126032 512 0 24420688519825
1126544 512 0 24420688798466
1127056 512 0 24420689077106
1127568 512 0 24420689355746
1128080 512 0 24420689634387
1128592 512 0 24420689913027
1129104 512 0 24420690191668
1129616 512 0 24420690470308
1130128 512 0 24420690748949
1130640 512 0 24420691027589
1131152 512 0 24420691306230
1131664 512 0 24420691584870
1132176 512 0 24420691863511
1132688 512 0 24420692142151
1133200 512 0 24420692420792
1133712 512 0 24420692699432
1134224 512 0 24420692978072
1134736 512 0 24420693256713
1135248 512 0 24420693535353
1135760 512 0 24420693813994
1136272 512 0 24420694092634
1136784 512 0 24420694371275
1137296 512 0 24420694649915
1137808 512 0 24420694928555
1138320 512 0 24420695207196
1138832 512 0 24420695485836
1139344 512 0 24420695764477
1139856 512 0 24420696043117
1140368 512 0 24420696321758
1140880 512 0 24420696600398
1141392 512 0 24420696879038
1141904 512 0 24420697157679
1142416 512 0 24420697436319
1142928 512 0 24420697714960
1143440 512 0 24420697993600
1143952 512 0 24420698272241
1144464 512 0 24420698550881
1144976 512 0 24420698829521
1145488 512 0 24420699108162
1146000 512 0 24420699386802
1146512 512 0 24420699665442
1147024 512 0 24420699944082
1147536 512 0 24420700222723
1148048 512 0 24420700501363
1148560 512 0 24420700780004
1149072 512 0 24420701058644
1149584 512 0 24420701337284
1150096 512 0 24420701615925
1150608 512 0 24420701894565
1151120 512 0 24420702173206
1151632 512 0 24420702451846
1152144 512 0 24420702730487
1152656 512 0 24420703009127
1153168 512 0 24420703287767
1153680 512 0 24420703566408
1154192 512 0 24420703845048
1154704 512 0 24420704123689
1155216 512 0 24420704402329
1155728 512 0 24420704680970
1156240 512 0 24420704959610
1156752 512 0 24420705238250
1157264 512 0 24420705516891
1157776 512 0 24420705795531
1158288 512 0 24420706074172
1158800 512 0 24420706352812
1159312 512 0 24420706631453
1159824 512 0 24420706910093
1160336 512 0 24420707188733
1160848 512 0 24420707467374
1161360 512 0 24420707746014
1161872 512 0 24420708024655
1162384 512 0 24420708303295
1162896 512 0 24420708581936
1163408 512 0 24420708860576
1163920 512 0 24420709139217
1164432 512 0 24420709417857
1164944 512 0 24420709696498
1165456 512 0 24420709975138
1165968 512 0 24420710253778
1166480 512 0 24420710532419
1166992 512 0 24420710811059
1167504 512 0 24420711089700
1168016 512 0 24420711368340
1168528 512 0 24420711646981
1169040 512 0 24420711925621
1169552 512 0 24420712204261
1170064 512 0 24420712482902
1170576 512 0 24420712761542
1171088 512 0 24420713040183
1171600 512 0 24420713318823
1172112 512 0 24420713597464
1172624 512 0 24420713876104
1173136 512 0 24420714154744
1173648 512 0 24420714433385
1174160 512 0 24420714712025
1174672 512 0 24420714990666
1175184 512 0 24420715269306
1175696 512 0 24420715547947
1176208 512 0 24420715826587
1176720 512 0 24420716105227
1177232 512 0 24420716383868
1177744 512 0 24420716662508
1178256 512 0 24420716941149
1178768 512 0 24420717219789
1179280 512 0 24420717498430
1179792 512 0 24420717777070
1180304 512 0 24420718055711
1180816 512 0 24420718334351
1181328 512 0 24420718612992
1181840 512 0 24420718891632
1182352 512 0 24420719170272
1182864 512 0 24420719448913
1183376 512 0 24420719727553
1183888 512 0 24420720006194
1184400 512 0 24420720284834
1184912 512 0 24420720563475
1185424 512 0 24420720842115
1185936 512 0 24420721120755
1186448 512 0 24420721399396
1186960 512 0 24420721678036
1187472 512 0 24420721956677
1187984 512 0 24420722235317
1188496 512 0 24420722513958
1189008 512 0 24420722792598
1189520 512 0 24420723071239
1190032 512 0 24420723349879
1190544 512 0 24420723628519
1191056 512 0 24420723907160
1191568 512 0 24420724185800
1192080 512 0 24420724464441
1192592 512 0 24420724743081
1193104 512 0 24420725021722
1193616 512 0 24420725300362
1194128 512 0 24420725579002
1194640 512 0 24420725857643
1195152 512 0 24420726136283
1195664 512 0 24420726414923
1196176 512 0 24420726693563
1196688 512 0 24420726972204
1197200 512 0 24420727250844
1197712 512 0 24420727529485
1198224 512 0 24420727808125
1198736 512 0 24420728086765
1199248 512 0 24420728365406
1199760 512 0 24420728644046
1200272 512 0 24420728922687
1200784 512 0 24420729201327
1201296 512 0 24420729479968
1201808 512 0 24420729758608
1202320 512 0 24420730037248
1202832 512 0 24420730315889
1203344 512 0 24420730594529
1203856 512 0 24420730873170
1204368 512 0 24420731151810
1204880 512 0 24420731430451
1205392 512 0 24420731709091
1205904 512 0 24420731987731
1206416 512 0 24420732266372
1206928 512 0 24420732545012
1207440 512 0 24420732823653
1207952 512 0 24420733102293
1208464 512 0 24420733380934
1208976 512 0 24420733659574
1209488 512 0 24420733938214
1210000 512 0 24420734216855
1210512 512 0 24420734495495
1211024 512 0 24420734774136
1211536 512 0 24420735052776
1212048 512 0 24420735331417
1212560 512 0 24420735610057
1213072 512 0 24420735888698
1213584 512 0 24420736167338
1214096 512 0 24420736445979
1214608 512 0 24420736724619
1215120 512 0 24420737003259
1215632 512 0 24420737281900
1216144 512 0 24420737560540
1216656 512 0 24420737839181
1217168 512 0 24420738117821
1217680 512 0 24420738396462
1218192 512 0 24420738675102
1218704 512 0 24420738953742
1219216 512 0 24420739232383
1219728 512 0 24420739511023
1220240 512 0 24420739789664
1220752 512 0 24420740068304
1221264 512 0 24420740346945
1221776 512 0 24420740625585
1222288 512 0 24420740904225
1222800 512 0 24420741182866
1223312 512 0 24420741461506
1223824 512 0 24420741740147
1224336 512 0 24420742018787
1224848 512 0 24420742297428
1225360 512 0 24420742576068
1225872 512 0 24420742854708
1226384 512 0 24420743133349
1226896 512 0 24420743411989
1227408 512 0 24420743690630
1227920 512 0 24420743969270
1228432 512 0 24420744247910
1228944 512 0 24420744526550
1229456 512 0 24420744805191
1229968 512 0 24420745083831
1230480 512 0 24420745362472
1230992 512 0 24420745641112
1231504 512 0 24420745919752
1232016 512 0 24420746198393
1232528 512 0 24420746477033
1233040 512 0 24420746755674
1233552 512 0 24420747034314
1234064 512 0 24420747312954
1234576 512 0 24420747591595
1235088 512 0 24420747870235
1235600 512 0 24420748148876
1236112 512 0 24420748427516
1236624 512 0 24420748706157
1237136 512 0 24420748984797
1237648 512 0 24420749263437
1238160 512 0 24420749542078
1238672 512 0 24420749820718
1239184 512 0 24420750099359
1239696 512 0 24420750377999
1240208 512 0 24420750656640
1240720 512 0 24420750935280
1241232 512 0 24420751213920
1241744 512 0 24420751492561
1242256 512 0 24420751771201
1242768 512 0 24420752049842
1243280 512 0 24420752328482
1243792 512 0 24420752607123
1244304 512 0 24420752885763
1244816 512 0 24420753164404
1245328 512 0 24420753443044
1245840 512 0 24420753721685
1246352 512 0 24420754000325
1246864 512 0 24420754278966
1247376 512 0 24420754557606
1247888 512 0 24420754836246
1248400 512 0 24420755114887
1248912 512 0 24420755393527
1249424 512 0 24420755672168
1249936 512 0 24420755950808
1250448 512 0 24420756229449
1250960 512 0 24420756508089
1251472 512 0 24420756786729
1251984 512 0 24420757065370
1252496 512 0 24420757344010
1253008 512 0 24420757622651
1253520 512 0 24420757901291
1254032 512 0 24420758179932
1254544 512 0 24420758458572
1255056 512 0 24420758737212
1255568 512 0 24420759015853
1256080 512 0 24420759294493
1256592 512 0 24420759573134
1257104 512 0 24420759851774
1257616 512 0 24420760130415
1258128 512 0 24420760409055
1258640 512 0 24420760687695
1259152 512 0 24420760966336
1259664 512 0 24420761244976
1260176 512 0 24420761523617
1260688 512 0 24420761802257
1261200 512 0 24420762080898
1261712 512 0 24420762359538
1262224 512 0 24420762638179
1262736 512 0 24420762916819
1263248 512 0 24420763195460
1263760 512 0 24420763474100
1264272 512 0 24420763752740
1264784 512 0 24420764031381
1265296 512 0 24420764310021
1265808 512 0 24420764588662
1266320 512 0 24420764867302
1266832 512 0 24420765145943
1267344 512 0 24420765424583
1267856 512 0 24420765703223
1268368 512 0 24420765981864
1268880 512 0 24420766260504
1269392 512 0 24420766539145
1269904 512 0 24420766817785
1270416 512 0 24420767096426
1270928 512 0 24420767375066
1271440 512 0 24420767653706
1271952 512 0 24420767932347
1272464 512 0 24420768210987
1272976 512 0 24420768489628
1273488 512 0 24420768768268
1274000 512 0 24420769046909
1274512 512 0 24420769325549
1275024 512 0 24420769604189
1275536 512 0 24420769882830
1276048 512 0 24420770161470
1276560 512 0 24420770440111
1277072 512 0 24420770718751
1277584 512 0 24420770997391
1278096 512 0 24420771276031
1278608 512 0 24420771554672
1279120 512 0 24420771833312
1279632 512 0 24420772111953
1280144 512 0 24420772390593
1280656 512 0 24420772669233
1281168 512 0 24420772947874
1281680 512 0 24420773226514
1282192 512 0 24420773505155
1282704 512 0 24420773783795
1283216 512 0 24420774062436
1283728 512 0 24420774341076
1284240 512 0 24420774619716
1284752 512 0 24420774898357
1285264 512 0 24420775176997
1285776 512 0 24420775455638
1286288 512 0 24420775734278
1286800 512 0 24420776012918
1287312 512 0 24420776291559
1287824 512 0 24420776570199
1288336 512 0 24420776848840
1288848 512 0 24420777127480
1289360 512 0 24420777406121
1289872 512 0 24420777684761
1290384 512 0 24420777963401
1290896 512 0 24420778242042
1291408 512 0 24420778520682
1291920 512 0 24420778799323
1292432 512 0 24420779077963
1292944 512 0 24420779356604
1293456 512 0 24420779635244
1293968 512 0 24420779913885
1294480 512 0 24420780192525
1294992 512 0 24420780471166
1295504 512 0 24420780749806
1296016 512 0 24420781028447
1296528 512 0 24420781307087
1297040 512 0 24420781585727
1297552 512 0 24420781864368
1298064 512 0 24420782143008
1298576 512 0 24420782421649
1299088 512 0 24420782700289
1299600 512 0 24420782978930
1300112 512 0 24420783257570
1300624 512 0 24420783536210
1301136 512 0 24420783814851
1301648 512 0 24420784093491
1302160 512 0 24420784372132
1302672 512 0 24420784650772
1303184 512 0 24420784929413
1303696 512 0 24420785208053
1304208 512 0 24420785486693
1304720 512 0 24420785765334
1305232 512 0 24420786043974
1305744 512 0 24420786322615
1306256 512 0 24420786601255
1306768 512 0 24420786879896
1307280 512 0 24420787158536
1307792 512 0 24420787437176
1308304 512 0 24420787715817
1308816 512 0 24420787994457
1309328 512 0 24420788273098
1309840 512 0 24420788551738
1310352 512 0 24420788830379
1310864 512 0 24420789109019
1311376 512 0 24420789387660
1311888 512 0 24420789666300
1312400 512 0 24420789944941
1312912 512 0 24420790223581
1313424 512 0 24420790502221
1313936 512 0 24420790780862
1314448 512 0 24420791059502
1314960 512 0 24420791338143
1315472 512 0 24420791616783
1315984 512 0 24420791895424
1316496 512 0 24420792174064
1317008 512 0 24420792452704
1317520 512 0 24420792731345
1318032 512 0 24420793009985
1318544 512 0 24420793288626
1319056 512 0 24420793567266
1319568 512 0 24420793845907
1320080 512 0 24420794124547
1320592 512 0 24420794403187
1321104 512 0 24420794681828
1321616 512 0 24420794960468
1322128 512 0 24420795239109
1322640 512 0 24420795517749
1323152 512 0 24420795796390
1323664 512 0 24420796075030
1324176 512 0 24420796353670
1324688 512 0 24420796632311
1325200 512 0 24420796910951
1325712 512 0 24420797189592
1326224 512 0 24420797468232
1326736 512 0 24420797746872
1327248 512 0 24420798025512
1327760 512 0 24420798304153
1328272 512 0 24420798582793
1328784 512 0 24420798861434
1329296 512 0 24420799140074
1329808 512 0 24420799418714
1330320 512 0 24420799697355
1330832 512 0 24420799975995
1331344 512 0 24420800254636
1331856 512 0 24420800533276
1332368 512 0 24420800811917
1332880 512 0 24420801090557
1333392 512 0 24420801369197
1333904 512 0 24420801647838
1334416 512 0 24420801926478
1334928 512 0 24420802205119
1335440 512 0 24420802483759
1335952 512 0 24420802762399
1336464 512 0 24420803041040
1336976 512 0 24420803319680
1337488 512 0 24420803598321
1338000 512 0 24420803876961
1338512 512 0 24420804155602
1339024 512 0 24420804434242
1339536 512 0 24420804712882
1340048 512 0 24420804991523
1340560 512 0 24420805270163
1341072 512 0 24420805548804
1341584 512 0 24420805827444
1342096 512 0 24420806106085
1342608 512 0 24420806384725
1343120 512 0 24420806663366
1343632 512 0 24420806942006
1344144 512 0 24420807220647
1344656 512 0 24420807499287
1345168 512 0 24420807777928
1345680 512 0 24420808056568
1346192 512 0 24420808335208
1346704 512 0 24420808613849
1347216 512 0 24420808892489
1347728 512 0 24420809171130
1348240 512 0 24420809449770
1348752 512 0 24420809728411
1349264 512 0 24420810007051
1349776 512 0 24420810285691
1350288 512 0 24420810564332
1350800 512 0 24420810842972
1351312 512 0 24420811121613
1351824 512 0 24420811400253
1352336 512 0 24420811678894
1352848 512 0 24420811957534
1353360 512 0 24420812236174
1353872 512 0 24420812514815
1354384 512 0 24420812793455
1354896 512 0 24420813072096
1355408 512 0 24420813350736
1355920 512 0 24420813629377
1356432 512 0 24420813908017
1356944 512 0 24420814186657
1357456 512 0 24420814465298
1357968 512 0 24420814743938
1358480 512 0 24420815022579
1358992 512 0 24420815301219
1359504 512 0 24420815579860
1360016 512 0 24420815858500
1360528 512 0 24420816137141
1361040 512 0 24420816415781
1361552 512 0 24420816694422
1362064 512 0 24420816973062
1362576 512 0 24420817251702
1363088 512 0 24420817530343
1363600 512 0 24420817808983
1364112 512 0 24420818087624
1364624 512 0 24420818366264
1365136 512 0 24420818644905
1365648 512 0 24420818923545
1366160 512 0 24420819202185
1366672 512 0 24420819480826
1367184 512 0 24420819759466
1367696 512 0 24420820038107
1368208 512 0 24420820316747
1368720 512 0 24420820595388
1369232 512 0 24420820874028
1369744 512 0 24420821152668
1370256 512 0 24420821431309
1370768 512 0 24420821709949
1371280 512 0 24420821988590
1371792 512 0 24420822267230
1372304 512 0 24420822545871
1372816 512 0 24420822824511
1373328 512 0 24420823103151
1373840 512 0 24420823381792
1374352 512 0 24420823660432
1374864 512 0 24420823939073
1375376 512 0 24420824217713
1375888 512 0 24420824496354
1376400 512 0 24420824774994
1376912 512 0 24420825053635
1377424 512 0 24420825332275
1377936 512 0 24420825610916
1378448 512 0 24420825889556
1378960 512 0 24420826168196
1379472 512 0 24420826446837
1379984 512 0 24420826725477
1380496 512 0 24420827004118
1381008 512 0 24420827282758
1381520 512 0 24420827561399
1382032 512 0 24420827840039
1382544 512 0 24420828118679
1383056 512 0 24420828397320
1383568 512 0 24420828675960
1384080 512 0 24420828954601
1384592 512 0 24420829233241
1385104 512 0 24420829511882
1385616 512 0 24420829790522
1386128 512 0 24420830069162
1386640 512 0 24420830347803
1387152 512 0 24420830626443
1387664 512 0 24420830905084
1388176 512 0 24420831183724
1388688 512 0 24420831462365
1389200 512 0 24420831741005
1389712 512 0 24420832019646
1390224 512 0 24420832298286
1390736 512 0 24420832576926
1391248 512 0 24420832855567
1391760 512 0 24420833134207
1392272 512 0 24420833412847
1392784 512 0 24420833691487
1393296 512 0 24420833970128
1393808 512 0 24420834248768
1394320 512 0 24420834527409
1394832 512 0 24420834806049
1395344 512 0 24420835084689
1395856 512 0 24420835363330
1396368 512 0 24420835641970
1396880 512 0 24420835920611
1397392 512 0 24420836199251
1397904 512 0 24420836477892
1398416 512 0 24420836756532
1398928 512 0 24420837035172
1399440 512 0 24420837313813
1399952 512 0 24420837592453
1400464 512 0 24420837871094
1400976 512 0 24420838149734
1401488 512 0 24420838428375
1402000 512 0 24420838707015
1402512 512 0 24420838985655
1403024 512 0 24420839264296
1403536 512 0 24420839542936
1404048 512 0 24420839821577
1404560 512 0 24420840100217
1405072 512 0 24420840378858
1405584 512 0 24420840657498
1406096 512 0 24420840936138
1406608 512 0 24420841214779
1407120 512 0 24420841493419
1407632 512 0 24420841772060
1408144 512 0 24420842050700
1408656 512 0 24420842329341
1409168 512 0 24420842607981
1409680 512 0 24420842886622
1410192 512 0 24420843165262
1410704 512 0 24420843443903
1411216 512 0 24420843722543
1411728 512 0 24420844001183
1412240 512 0 24420844279824
1412752 512 0 24420844558464
1413264 512 0 24420844837105
1413776 512 0 24420845115745
1414288 512 0 24420845394386
1414800 512 0 24420845673026
1415312 512 0 24420845951666
1415824 512 0 24420846230307
1416336 512 0 24420846508947
1416848 512 0 24420846787588
1417360 512 0 24420847066228
1417872 512 0 24420847344869
1418384 512 0 24420847623509
1418896 512 0 24420847902149
1419408 512 0 24420848180790
1419920 512 0 24420848459430
1420432 512 0 24420848738071
1420944 512 0 24420849016711
1421456 512 0 24420849295352
1421968 512 0 24420849573992
1422480 512 0 24420849852632
1422992 512 0 24420850131273
1423504 512 0 24420850409913
1424016 512 0 24420850688554
1424528 512 0 24420850967194
1425040 512 0 24420851245834
1425552 512 0 24420851524474
1426064 512 0 24420851803115
1426576 512 0 24420852081755
1427088 512 0 24420852360396
1427600 512 0 24420852639036
1428112 512 0 24420852917676
1428624 512 0 24420853196317
1429136 512 0 24420853474957
1429648 512 0 24420853753598
1430160 512 0 24420854032238
1430672 512 0 24420854310878
1431184 512 0 24420854589519
1431696 512 0 24420854868159
1432208 512 0 24420855146800
1432720 512 0 24420855425440
1433232 512 0 24420855704081
1433744 512 0 24420855982721
1434256 512 0 24420856261361
1434768 512 0 24420856540002
1435280 512 0 24420856818642
1435792 512 0 24420857097283
1436304 512 0 24420857375923
1436816 512 0 24420857654564
1437328 512 0 24420857933204
1437840 512 0 24420858211844
1438352 512 0 24420858490485
1438864 512 0 24420858769125
1439376 512 0 24420859047766
1439888 512 0 24420859326406
1440400 512 0 24420859605047
1440912 512 0 24420859883687
1441424 512 0 24420860162328
1441936 512 0 24420860440968
1442448 512 0 24420860719609
1442960 512 0 24420860998249
1443472 512 0 24420861276890
1443984 512 0 24420861555530
1444496 512 0 24420861834170
1445008 512 0 24420862112811
1445520 512 0 24420862391451
1446032 512 0 24420862670092
1446544 512 0 24420862948732
1447056 512 0 24420863227373
1447568 512 0 24420863506013
1448080 512 0 24420863784653
1448592 512 0 24420864063294
1449104 512 0 24420864341934
1449616 512 0 24420864620575
1450128 512 0 24420864899215
1450640 512 0 24420865177856
1451152 512 0 24420865456496
1451664 512 0 24420865735136
1452176 512 0 24420866013777
1452688 512 0 24420866292417
1453200 512 0 24420866571058
1453712 512 0 24420866849698
1454224 512 0 24420867128339
1454736 512 0 24420867406979
1455248 512 0 24420867685619
1455760 512 0 24420867964260
1456272 512 0 24420868242900
1456784 512 0 24420868521541
1457296 512 0 24420868800181
1457808 512 0 24420869078821
1458320 512 0 24420869357461
1458832 512 0 24420869636102
1459344 512 0 24420869914742
1459856 512 0 24420870193382
1460368 512 0 24420870472023
1460880 512 0 24420870750663
1461392 512 0 24420871029304
1461904 512 0 24420871307944
1462416 512 0 24420871586585
1462928 512 0 24420871865225
1463440 512 0 24420872143865
1463952 512 0 24420872422506
1464464 512 0 24420872701146
1464976 512 0 24420872979787
1465488 512 0 24420873258427
1466000 512 0 24420873537068
1466512 512 0 24420873815708
1467024 512 0 24420874094348
1467536 512 0 24420874372989
1468048 512 0 24420874651629
1468560 512 0 24420874930270
1469072 512 0 24420875208910
1469584 512 0 24420875487551
1470096 512 0 24420875766191
1470608 512 0 24420876044831
1471120 512 0 24420876323472
1471632 512 0 24420876602112
1472144 512 0 24420876880753
1472656 512 0 24420877159393
1473168 512 0 24420877438034
1473680 512 0 24420877716674
1474192 512 0 24420877995314
1474704 512 0 24420878273954
1475216 512 0 24420878552595
1475728 512 0 24420878831235
1476240 512 0 24420879109875
1476752 512 0 24420879388516
1477264 512 0 24420879667156
1477776 512 0 24420879945797
1478288 512 0 24420880224437
1478800 512 0 24420880503078
1479312 512 0 24420880781718
1479824 512 0 24420881060358
1480336 512 0 24420881338999
1480848 512 0 24420881617639
1481360 512 0 24420881896280
1481872 512 0 24420882174920
1482384 512 0 24420882453560
1482896 512 0 24420882732201
1483408 512 0 24420883010841
1483920 512 0 24420883289482
1484432 512 0 24420883568122
1484944 512 0 24420883846763
1485456 512 0 24420884125403
1485968 512 0 24420884404043
1486480 512 0 24420884682684
1486992 512 0 24420884961324
1487504 512 0 24420885239965
1488016 512 0 24420885518605
1488528 512 0 24420885797246
1489040 512 0 24420886075886
1489552 512 0 24420886354526
1490064 512 0 24420886633167
1490576 512 0 24420886911808
1491088 512 0 24420887190448
1491600 512 0 24420887469089
1492112 512 0 24420887747729
1492624 512 0 24420888026369
1493136 512 0 24420888305010
1493648 512 0 24420888583650
1494160 512 0 24420888862291
1494672 512 0 24420889140931
1495184 512 0 24420889419572
1495696 512 0 24420889698212
1496208 512 0 24420889976852
1496720 512 0 24420890255493
1497232 512 0 24420890534133
1497744 512 0 24420890812774
1498256 512 0 24420891091414
1498768 512 0 24420891370055
1499280 512 0 24420891648695
1499792 512 0 24420891927335
1500304 512 0 24420892205976
1500816 512 0 24420892484616
1501328 512 0 24420892763257
1501840 512 0 24420893041897
1502352 512 0 24420893320538
1502864 512 0 24420893599178
1503376 512 0 24420893877818
1503888 512 0 24420894156459
1504400 512 0 24420894435099
1504912 512 0 24420894713740
1505424 512 0 24420894992380
1505936 512 0 24420895271021
1506448 512 0 24420895549661
1506960 512 0 24420895828301
1507472 512 0 24420896106941
1507984 512 0 24420896385582
1508496 512 0 24420896664222
1509008 512 0 24420896942862
1509520 512 0 24420897221503
1510032 512 0 24420897500143
1510544 512 0 24420897778784
1511056 512 0 24420898057424
1511568 512 0 24420898336065
1512080 512 0 24420898614705
1512592 512 0 24420898893345
1513104 512 0 24420899171986
1513616 512 0 24420899450626
1514128 512 0 24420899729267
1514640 512 0 24420900007907
1515152 512 0 24420900286547
1515664 512 0 24420900565188
1516176 512 0 24420900843828
1516688 512 0 24420901122469
1517200 512 0 24420901401109
1517712 512 0 24420901679750
1518224 512 0 24420901958390
1518736 512 0 24420902237030
1519248 512 0 24420902515671
1519760 512 0 24420902794311
1520272 512 0 24420903072952
1520784 512 0 24420903351592
1521296 512 0 24420903630233
1521808 512 0 24420903908873
1522320 512 0 24420904187513
1522832 512 0 24420904466154
1523344 512 0 24420904744794
1523856 512 0 24420905023434
1524368 512 0 24420905302075
1524880 512 0 24420905580715
1525392 512 0 24420905859355
1525904 512 0 24420906137996
1526416 512 0 24420906416636
1526928 512 0 24420906695277
1527440 512 0 24420906973917
1527952 512 0 24420907252557
1528464 512 0 24420907531198
1528976 512 0 24420907809838
1529488 512 0 24420908088479
1530000 512 0 24420908367119
1530512 512 0 24420908645760
1531024 512 0 24420908924400
1531536 512 0 24420909203040
1532048 512 0 24420909481681
1532560 512 0 24420909760321
1533072 512 0 24420910038962
1533584 512 0 24420910317602
1534096 512 0 24420910596243
1534608 512 0 24420910874883
1535120 512 0 24420911153523
1535632 512 0 24420911432164
1536144 512 0 24420911710804
1536656 512 0 24420911989445
1537168 512 0 24420912268085
1537680 512 0 24420912546725
1538192 512 0 24420912825366
1538704 512 0 24420913104006
1539216 512 0 24420913382647
1539728 512 0 24420913661288
1540240 512 0 24420913939928
1540752 512 0 24420914218569
1541264 512 0 24420914497209
1541776 512 0 24420914775849
1542288 512 0 24420915054490
1542800 512 0 24420915333130
1543312 512 0 24420915611771
1543824 512 0 24420915890411
1544336 512 0 24420916169052
1544848 512 0 24420916447692
1545360 512 0 24420916726332
1545872 512 0 24420917004973
1546384 512 0 24420917283613
1546896 512 0 24420917562254
1547408 512 0 24420917840894
1547920 512 0 24420918119534
1548432 512 0 24420918398175
1548944 512 0 24420918676815
1549456 512 0 24420918955456
1549968 512 0 24420919234096
1550480 512 0 24420919512737
1550992 512 0 24420919791377
1551504 512 0 24420920070017
1552016 512 0 24420920348658
1552528 512 0 24420920627298
1553040 512 0 24420920905939
1553552 512 0 24420921184579
1554064 512 0 24420921463220
1554576 512 0 24420921741860
1555088 512 0 24420922020500
1555600 512 0 24420922299141
1556112 512 0 24420922577781
1556624 512 0 24420922856421
1557136 512 0 24420923135062
1557648 512 0 24420923413702
1558160 512 0 24420923692342
1558672 512 0 24420923970983
1559184 512 0 24420924249623
1559696 512 0 24420924528264
1560208 512 0 24420924806904
1560720 512 0 24420925085544
1561232 512 0 24420925364185
1561744 512 0 24420925642825
1562256 512 0 24420925921466
1562768 512 0 24420926200106
1563280 512 0 24420926478747
1563792 512 0 24420926757387
1564304 512 0 24420927036027
1564816 512 0 24420927314668
1565328 512 0 24420927593308
1565840 512 0 24420927871949
1566352 512 0 24420928150589
1566864 512 0 24420928429230
1567376 512 0 24420928707870
1567888 512 0 24420928986510
1568400 512 0 24420929265151
1568912 512 0 24420929543791
1569424 512 0 24420929822432
1569936 512 0 24420930101072
1570448 512 0 24420930379712
1570960 512 0 24420930658353
1571472 512 0 24420930936993
1571984 512 0 24420931215634
1572496 512 0 24420931494274
1573008 512 0 24420931772914
1573520 512 0 24420932051554
1574032 512 0 24420932330195
1574544 512 0 24420932608835
1575056 512 0 24420932887476
1575568 512 0 24420933166116
1576080 512 0 24420933444757
1576592 512 0 24420933723397
1577104 512 0 24420934002037
1577616 512 0 24420934280678
1578128 512 0 24420934559318
1578640 512 0 24420934837959
1579152 512 0 24420935116599
1579664 512 0 24420935395239
1580176 512 0 24420935673880
1580688 512 0 24420935952520
1581200 512 0 24420936231161
1581712 512 0 24420936509801
1582224 512 0 24420936788442
1582736 512 0 24420937067082
1583248 512 0 24420937345722
1583760 512 0 24420937624363
1584272 512 0 24420937903003
1584784 512 0 24420938181644
1585296 512 0 24420938460284
1585808 512 0 24420938738925
1586320 512 0 24420939017565
1586832 512 0 24420939296205
1587344 512 0 24420939574846
1587856 512 0 24420939853486
1588368 512 0 24420940132127
1588880 512 0 24420940410767
1589392 512 0 24420940689407
1589904 512 0 24420940968047
1590416 512 0 24420941246688
1590928 512 0 24420941525328
1591440 512 0 24420941803969
1591952 512 0 24420942082609
1592464 512 0 24420942361250
1592976 512 0 24420942639890
1593488 512 0 24420942918530
1594000 512 0 24420943197171
1594512 512 0 24420943475811
1595024 512 0 24420943754452
1595536 512 0 24420944033092
1596048 512 0 24420944311732
1596560 512 0 24420944590373
1597072 512 0 24420944869013
1597584 512 0 24420945147654
1598096 512 0 24420945426294
1598608 512 0 24420945704935
1599120 512 0 24420945983575
1599632 512 0 24420946262215
1600144 512 0 24420946540856
1600656 512 0 24420946819496
1601168 512 0 24420947098137
1601680 512 0 24420947376777
1602192 512 0 24420947655417
1602704 512 0 24420947934058
1603216 512 0 24420948212698
1603728 512 0 24420948491339
1604240 512 0 24420948769979
1604752 512 0 24420949048620
1605264 512 0 24420949327261
1605776 512 0 24420949605901
1606288 512 0 24420949884541
1606800 512 0 24420950163182
1607312 512 0 24420950441822
1607824 512 0 24420950720463
1608336 512 0 24420950999103
1608848 512 0 24420951277744
1609360 512 0 24420951556384
1609872 512 0 24420951835024
1610384 512 0 24420952113665
1610896 512 0 24420952392305
1611408 512 0 24420952670946
1611920 512 0 24420952949586
1612432 512 0 24420953228227
1612944 512 0 24420953506867
1613456 512 0 24420953785507
1613968 512 0 24420954064148
1614480 512 0 24420954342788
1614992 512 0 24420954621429
1615504 512 0 24420954900069
1616016 512 0 24420955178709
1616528 512 0 24420955457350
1617040 512 0 24420955735990
1617552 512 0 24420956014631
1618064 512 0 24420956293271
1618576 512 0 24420956571912
1619088 512 0 24420956850552
1619600 512 0 24420957129192
1620112 512 0 24420957407833
1620624 512 0 24420957686473
1621136 512 0 24420957965114
1621648 512 0 24420958243754
1622160 512 0 24420958522394
1622672 512 0 24420958801034
1623184 512 0 24420959079675
1623696 512 0 24420959358315
1624208 512 0 24420959636956
1624720 512 0 24420959915596
1625232 512 0 24420960194237
1625744 512 0 24420960472877
1626256 512 0 24420960751517
1626768 512 0 24420961030158
1627280 512 0 24420961308798
1627792 512 0 24420961587439
1628304 512 0 24420961866079
1628816 512 0 24420962144719
1629328 512 0 24420962423360
1629840 512 0 24420962702000
1630352 512 0 24420962980641
1630864 512 0 24420963259281
1631376 512 0 24420963537922
1631888 512 0 24420963816562
1632400 512 0 24420964095202
1632912 512 0 24420964373843
1633424 512 0 24420964652483
1633936 512 0 24420964931124
1634448 512 0 24420965209764
1634960 512 0 24420965488404
1635472 512 0 24420965767045
1635984 512 0 24420966045685
1636496 512 0 24420966324326
1637008 512 0 24420966602966
1637520 512 0 24420966881607
1638032 512 0 24420967160247
1638544 512 0 24420967438887
1639056 512 0 24420967717527
1639568 512 0 24420967996168
1640080 512 0 24420968274808
1640592 512 0 24420968553449
1641104 512 0 24420968832089
1641616 512 0 24420969110729
1642128 512 0 24420969389370
1642640 512 0 24420969668010
1643152 512 0 24420969946651
1643664 512 0 24420970225291
1644176 512 0 24420970503932
1644688 512 0 24420970782572
1645200 512 0 24420971061212
1645712 512 0 24420971339853
1646224 512 0 24420971618493
1646736 512 0 24420971897134
1647248 512 0 24420972175774
1647760 512 0 24420972454414
1648272 512 0 24420972733055
1648784 512 0 24420973011695
1649296 512 0 24420973290336
1649808 512 0 24420973568976
1650320 512 0 24420973847617
1650832 512 0 24420974126257
1651344 512 0 24420974404897
1651856 512 0 24420974683538
1652368 512 0 24420974962178
1652880 512 0 24420975240819
1653392 512 0 24420975519459
1653904 512 0 24420975798100
1654416 512 0 24420976076740
1654928 512 0 24420976355380
1655440 512 0 24420976634020
1655952 512 0 24420976912661
1656464 512 0 24420977191301
1656976 512 0 24420977469942
1657488 512 0 24420977748582
1658000 512 0 24420978027222
1658512 512 0 24420978305863
1659024 512 0 24420978584503
1659536 512 0 24420978863144
1660048 512 0 24420979141784
1660560 512 0 24420979420425
1661072 512 0 24420979699065
1661584 512 0 24420979977705
1662096 512 0 24420980256346
1662608 512 0 24420980534986
1663120 512 0 24420980813627
1663632 512 0 24420981092267
1664144 512 0 24420981370907
1664656 512 0 24420981649548
1665168 512 0 24420981928188
1665680 512 0 24420982206829
1666192 512 0 24420982485469
1666704 512 0 24420982764110
1667216 512 0 24420983042750
1667728 512 0 24420983321390
1668240 512 0 24420983600031
1668752 512 0 24420983878671
1669264 512 0 24420984157312
1669776 512 0 24420984435952
1670288 512 0 24420984714592
1670800 512 0 24420984993232
1671312 512 0 24420985271873
1671824 512 0 24420985550513
1672336 512 0 24420985829154
1672848 512 0 24420986107794
1673360 512 0 24420986386435
1673872 512 0 24420986665075
1674384 512 0 24420986943715
1674896 512 0 24420987222356
1675408 512 0 24420987500996
1675920 512 0 24420987779637
1676432 512 0 24420988058277
1676944 512 0 24420988336917
1677456 512 0 24420988615558
1677968 512 0 24420988894198
1678480 512 0 24420989172839
1678992 512 0 24420989451479
1679504 512 0 24420989730120
1680016 512 0 24420990008760
1680528 512 0 24420990287400
1681040 512 0 24420990566041
1681552 512 0 24420990844681
1682064 512 0 24420991123322
1682576 512 0 24420991401962
1683088 512 0 24420991680602
1683600 512 0 24420991959243
1684112 512 0 24420992237883
1684624 512 0 24420992516524
1685136 512 0 24420992795164
1685648 512 0 24420993073805
1686160 512 0 24420993352445
1686672 512 0 24420993631085
1687184 512 0 24420993909725
1687696 512 0 24420994188366
1688208 512 0 24420994467006
1688720 512 0 24420994745647
1689232 512 0 24420995024287
1689744 512 0 24420995302928
1690256 512 0 24420995581568
1690768 512 0 24420995860208
1691280 512 0 24420996138849
1691792 512 0 24420996417489
1692304 512 0 24420996696130
1692816 512 0 24420996974770
1693328 512 0 24420997253410
1693840 512 0 24420997532051
1694352 512 0 24420997810691
1694864 512 0 24420998089332
1695376 512 0 24420998367972
1695888 512 0 24420998646613
1696400 512 0 24420998925253
1696912 512 0 24420999203893
1697424 512 0 24420999482534
1697936 512 0 24420999761174
1698448 512 0 24421000039815
1698960 512 0 24421000318455
1699472 512 0 24421000597095
1699984 512 0 24421000875736
1700496 512 0 24421001154376
1701008 512 0 24421001433017
1701520 512 0 24421001711657
1702032 512 0 24421001990297
1702544 512 0 24421002268938
1703056 512 0 24421002547578
1703568 512 0 24421002826218
1704080 512 0 24421003104859
1704592 512 0 24421003383499
1705104 512 0 24421003662140
1705616 512 0 24421003940780
1706128 512 0 24421004219421
1706640 512 0 24421004498061
1707152 512 0 24421004776701
1707664 512 0 24421005055342
1708176 512 0 24421005333982
1708688 512 0 24421005612623
1709200 512 0 24421005891263
1709712 512 0 24421006169903
1710224 512 0 24421006448544
1710736 512 0 24421006727184
1711248 512 0 24421007005825
1711760 512 0 24421007284465
1712272 512 0 24421007563105
1712784 512 0 24421007841746
1713296 512 0 24421008120386
1713808 512 0 24421008399027
1714320 512 0 24421008677667
1714832 512 0 24421008956308
1715344 512 0 24421009234948
1715856 512 0 24421009513588
1716368 512 0 24421009792229
1716880 512 0 24421010070869
1717392 512 0 24421010349510
1717904 512 0 24421010628150
1718416 512 0 24421010906790
1718928 512 0 24421011185431
1719440 512 0 24421011464071
1719952 512 0 24421011742711
1720464 512 0 24421012021352
1720976 512 0 24421012299992
1721488 512 0 24421012578633
1722000 512 0 24421012857273
1722512 512 0 24421013135913
1723024 512 0 24421013414554
1723536 512 0 24421013693194
1724048 512 0 24421013971835
1724560 512 0 24421014250475
1725072 512 0 24421014529116
1725584 512 0 24421014807756
1726096 512 0 24421015086396
1726608 512 0 24421015365037
1727120 512 0 24421015643677
1727632 512 0 24421015922318
1728144 512 0 24421016200958
1728656 512 0 24421016479598
1729168 512 0 24421016758239
1729680 512 0 24421017036879
1730192 512 0 24421017315520
1730704 512 0 24421017594160
1731216 512 0 24421017872800
1731728 512 0 24421018151441
1732240 512 0 24421018430081
1732752 512 0 24421018708722
1733264 512 0 24421018987362
1733776 512 0 24421019266003
1734288 512 0 24421019544643
1734800 512 0 24421019823283
1735312 512 0 24421020101924
1735824 512 0 24421020380564
1736336 512 0 24421020659204
1736848 512 0 24421020937845
1737360 512 0 24421021216485
1737872 512 0 24421021495126
1738384 512 0 24421021773766
1738896 512 0 24421022052406
1739408 512 0 24421022331047
1739920 512 0 24421022609687
1740432 512 0 24421022888328
1740944 512 0 24421023166968
1741456 512 0 24421023445609
1741968 512 0 24421023724249
1742480 512 0 24421024002889
1742992 512 0 24421024281530
1743504 512 0 24421024560170
1744016 512 0 24421024838811
1744528 512 0 24421025117451
1745040 512 0 24421025396091
1745552 512 0 24421025674732
1746064 512 0 24421025953372
1746576 512 0 24421026232013
1747088 512 0 24421026510653
1747600 512 0 24421026789293
1748112 512 0 24421027067934
1748624 512 0 24421027346574
1749136 512 0 24421027625215
1749648 512 0 24421027903855
1750160 512 0 24421028182496
1750672 512 0 24421028461136
1751184 512 0 24421028739776
1751696 512 0 24421029018417
