9840 512 0 24501927719738
10352 512 0 24501927998377
10864 512 0 24501928277017
11376 512 0 24501928555656
11888 512 0 24501928834295
12400 512 0 24501929112935
12912 512 0 24501929391574
13424 512 0 24501929670214
13936 512 0 24501929948853
14448 512 0 24501930227493
14960 512 0 24501930506132
15472 512 0 24501930784772
15984 512 0 24501931063411
16496 512 0 24501931342050
17008 512 0 24501931620690
17520 512 0 24501931899329
18032 512 0 24501932177969
18544 512 0 24501932456608
19056 512 0 24501932735248
19568 512 0 24501933013887
20080 512 0 24501933292526
20592 512 0 24501933571166
21104 512 0 24501933849805
21616 512 0 24501934128445
22128 512 0 24501934407084
22640 512 0 24501934685724
23152 512 0 24501934964363
23664 512 0 24501935243003
24176 512 0 24501935521642
24688 512 0 24501935800281
25200 512 0 24501936078932
25712 512 0 24501936357571
26224 512 0 24501936636211
26736 512 0 24501936914851
27248 512 0 24501937193491
27760 512 0 24501937472130
28272 512 0 24501937750770
28784 512 0 24501938029410
29296 512 0 24501938308049
29808 512 0 24501938586689
30320 512 0 24501938865329
30832 512 0 24501939143969
31344 512 0 24501939422608
31856 512 0 24501939701248
32368 512 0 24501939979888
32880 512 0 24501940258527
33392 512 0 24501940537186
33904 512 0 24501940815826
34416 512 0 24501941094467
34928 512 0 24501941373107
35440 512 0 24501941651747
35952 512 0 24501941930387
36464 512 0 24501942209027
36976 512 0 24501942487668
37488 512 0 24501942766308
38000 512 0 24501943044948
38512 512 0 24501943323588
39024 512 0 24501943602228
39536 512 0 24501943880869
40048 512 0 24501944159509
40560 512 0 24501944438149
41072 512 0 24501944716789
41584 512 0 24501944995434
42096 512 0 24501945274074
42608 512 0 24501945552714
43120 512 0 24501945831354
43632 512 0 24501946109995
44144 512 0 24501946388635
44656 512 0 24501946667275
45168 512 0 24501946945916
45680 512 0 24501947224556
46192 512 0 24501947503196
46704 512 0 24501947781836
47216 512 0 24501948060477
47728 512 0 24501948339117
48240 512 0 24501948617757
48752 512 0 24501948896398
49264 512 0 24501949175038
49776 512 0 24501949453680
50288 512 0 24501949732321
50800 512 0 24501950010961
51312 512 0 24501950289601
51824 512 0 24501950568242
52336 512 0 24501950846882
52848 512 0 24501951125522
53360 512 0 24501951404163
53872 512 0 24501951682803
54384 512 0 24501951961443
54896 512 0 24501952240084
55408 512 0 24501952518724
55920 512 0 24501952797364
56432 512 0 24501953076005
56944 512 0 24501953354645
57456 512 0 24501953633285
57968 512 0 24501953911930
58480 512 0 24501954190570
58992 512 0 24501954469211
59504 512 0 24501954747851
60016 512 0 24501955026491
60528 512 0 24501955305132
61040 512 0 24501955583772
61552 512 0 24501955862413
62064 512 0 24501956141053
62576 512 0 24501956419693
63088 512 0 24501956698334
63600 512 0 24501956976974
64112 512 0 24501957255615
64624 512 0 24501957534255
65136 512 0 24501957812896
65648 512 0 24501958091536
66160 512 0 24501958370178
66672 512 0 24501958648819
67184 512 0 24501958927459
67696 512 0 24501959206100
68208 512 0 24501959484740
68720 512 0 24501959763381
69232 512 0 24501960042021
69744 512 0 24501960320662
70256 512 0 24501960599302
70768 512 0 24501960877943
71280 512 0 24501961156583
71792 512 0 24501961435223
72304 512 0 24501961713864
72816 512 0 24501961992504
73328 512 0 24501962271145
73840 512 0 24501962549785
74352 512 0 24501962828427
74864 512 0 24501963107067
75376 512 0 24501963385708
75888 512 0 24501963664348
76400 512 0 24501963942988
76912 512 0 24501964221629
77424 512 0 24501964500269
77936 512 0 24501964778910
78448 512 0 24501965057550
78960 512 0 24501965336191
79472 512 0 24501965614831
79984 512 0 24501965893472
80496 512 0 24501966172112
81008 512 0 24501966450753
81520 512 0 24501966729393
82032 512 0 24501967008034
82544 512 0 24501967286675
83056 512 0 24501967565315
83568 512 0 24501967843956
84080 512 0 24501968122596
84592 512 0 24501968401237
85104 512 0 24501968679877
85616 512 0 24501968958518
86128 512 0 24501969237158
86640 512 0 24501969515799
87152 512 0 24501969794439
87664 512 0 24501970073079
88176 512 0 24501970351720
88688 512 0 24501970630360
89200 512 0 24501970909001
89712 512 0 24501971187641
90224 512 0 24501971466282
90736 512 0 24501971744924
91248 512 0 24501972023565
91760 512 0 24501972302205
92272 512 0 24501972580846
92784 512 0 24501972859486
93296 512 0 24501973138127
93808 512 0 24501973416767
94320 512 0 24501973695408
94832 512 0 24501973974048
95344 512 0 24501974252689
95856 512 0 24501974531329
96368 512 0 24501974809970
96880 512 0 24501975088610
97392 512 0 24501975367251
97904 512 0 24501975645891
98416 512 0 24501975924532
98928 512 0 24501976203172
99440 512 0 24501976481813
99952 512 0 24501976760453
100464 512 0 24501977039094
100976 512 0 24501977317734
101488 512 0 24501977596375
102000 512 0 24501977875015
102512 512 0 24501978153656
103024 512 0 24501978432296
103536 512 0 24501978710937
104048 512 0 24501978989577
104560 512 0 24501979268218
105072 512 0 24501979546858
105584 512 0 24501979825499
106096 512 0 24501980104139
106608 512 0 24501980382780
107120 512 0 24501980661420
107632 512 0 24501980940061
108144 512 0 24501981218701
108656 512 0 24501981497342
109168 512 0 24501981775982
109680 512 0 24501982054623
110192 512 0 24501982333263
110704 512 0 24501982611904
111216 512 0 24501982890544
111728 512 0 24501983169185
112240 512 0 24501983447825
112752 512 0 24501983726466
113264 512 0 24501984005106
113776 512 0 24501984283747
114288 512 0 24501984562387
114800 512 0 24501984841028
115312 512 0 24501985119668
115824 512 0 24501985398309
116336 512 0 24501985676949
116848 512 0 24501985955590
117360 512 0 24501986234230
117872 512 0 24501986512871
118384 512 0 24501986791511
118896 512 0 24501987070152
119408 512 0 24501987348792
119920 512 0 24501987627433
120432 512 0 24501987906073
120944 512 0 24501988184714
121456 512 0 24501988463354
121968 512 0 24501988741995
122480 512 0 24501989020635
122992 512 0 24501989299276
123504 512 0 24501989577916
124016 512 0 24501989856557
124528 512 0 24501990135197
125040 512 0 24501990413838
125552 512 0 24501990692478
126064 512 0 24501990971119
126576 512 0 24501991249759
127088 512 0 24501991528400
127600 512 0 24501991807040
128112 512 0 24501992085681
128624 512 0 24501992364321
129136 512 0 24501992642962
129648 512 0 24501992921602
130160 512 0 24501993200243
130672 512 0 24501993478883
131184 512 0 24501993757524
131696 512 0 24501994036164
132208 512 0 24501994314805
132720 512 0 24501994593445
133232 512 0 24501994872086
133744 512 0 24501995150726
134256 512 0 24501995429367
134768 512 0 24501995708007
135280 512 0 24501995986648
135792 512 0 24501996265288
136304 512 0 24501996543929
136816 512 0 24501996822569
137328 512 0 24501997101210
137840 512 0 24501997379850
138352 512 0 24501997658491
138864 512 0 24501997937131
139376 512 0 24501998215772
139888 512 0 24501998494412
140400 512 0 24501998773053
140912 512 0 24501999051693
141424 512 0 24501999330334
141936 512 0 24501999608974
142448 512 0 24501999887615
142960 512 0 24502000166255
143472 512 0 24502000444896
143984 512 0 24502000723536
144496 512 0 24502001002177
145008 512 0 24502001280817
145520 512 0 24502001559458
146032 512 0 24502001838098
146544 512 0 24502002116739
147056 512 0 24502002395379
147568 512 0 24502002674020
148080 512 0 24502002952660
148592 512 0 24502003231301
149104 512 0 24502003509941
149616 512 0 24502003788582
150128 512 0 24502004067222
150640 512 0 24502004345863
151152 512 0 24502004624503
151664 512 0 24502004903144
152176 512 0 24502005181784
152688 512 0 24502005460425
153200 512 0 24502005739065
153712 512 0 24502006017706
154224 512 0 24502006296346
154736 512 0 24502006574987
155248 512 0 24502006853627
155760 512 0 24502007132268
156272 512 0 24502007410908
156784 512 0 24502007689549
157296 512 0 24502007968189
157808 512 0 24502008246830
158320 512 0 24502008525470
158832 512 0 24502008804111
159344 512 0 24502009082751
159856 512 0 24502009361392
160368 512 0 24502009640032
160880 512 0 24502009918673
161392 512 0 24502010197313
161904 512 0 24502010475954
162416 512 0 24502010754594
162928 512 0 24502011033235
163440 512 0 24502011311875
163952 512 0 24502011590516
164464 512 0 24502011869156
164976 512 0 24502012147797
165488 512 0 24502012426437
166000 512 0 24502012705078
166512 512 0 24502012983718
167024 512 0 24502013262359
167536 512 0 24502013540999
168048 512 0 24502013819640
168560 512 0 24502014098280
169072 512 0 24502014376921
169584 512 0 24502014655561
170096 512 0 24502014934202
170608 512 0 24502015212842
171120 512 0 24502015491483
171632 512 0 24502015770123
172144 512 0 24502016048764
172656 512 0 24502016327404
173168 512 0 24502016606045
173680 512 0 24502016884685
174192 512 0 24502017163326
174704 512 0 24502017441966
175216 512 0 24502017720607
175728 512 0 24502017999247
176240 512 0 24502018277888
176752 512 0 24502018556528
177264 512 0 24502018835169
177776 512 0 24502019113809
178288 512 0 24502019392450
178800 512 0 24502019671090
179312 512 0 24502019949731
179824 512 0 24502020228371
180336 512 0 24502020507012
180848 512 0 24502020785652
181360 512 0 24502021064293
181872 512 0 24502021342933
182384 512 0 24502021621574
182896 512 0 24502021900214
183408 512 0 24502022178855
183920 512 0 24502022457495
184432 512 0 24502022736136
184944 512 0 24502023014776
185456 512 0 24502023293417
185968 512 0 24502023572057
186480 512 0 24502023850698
186992 512 0 24502024129338
187504 512 0 24502024407979
188016 512 0 24502024686619
188528 512 0 24502024965260
189040 512 0 24502025243901
189552 512 0 24502025522542
190064 512 0 24502025801182
190576 512 0 24502026079823
191088 512 0 24502026358463
191600 512 0 24502026637104
192112 512 0 24502026915744
192624 512 0 24502027194385
193136 512 0 24502027473025
193648 512 0 24502027751666
194160 512 0 24502028030306
194672 512 0 24502028308947
195184 512 0 24502028587587
195696 512 0 24502028866228
196208 512 0 24502029144868
196720 512 0 24502029423509
197232 512 0 24502029702149
197744 512 0 24502029980790
198256 512 0 24502030259430
198768 512 0 24502030538071
199280 512 0 24502030816711
199792 512 0 24502031095352
200304 512 0 24502031373992
200816 512 0 24502031652633
201328 512 0 24502031931273
201840 512 0 24502032209914
202352 512 0 24502032488554
202864 512 0 24502032767195
203376 512 0 24502033045835
203888 512 0 24502033324476
204400 512 0 24502033603116
204912 512 0 24502033881757
205424 512 0 24502034160397
205936 512 0 24502034439038
206448 512 0 24502034717678
206960 512 0 24502034996319
207472 512 0 24502035274959
207984 512 0 24502035553600
208496 512 0 24502035832240
209008 512 0 24502036110881
209520 512 0 24502036389521
210032 512 0 24502036668162
210544 512 0 24502036946802
211056 512 0 24502037225443
211568 512 0 24502037504083
212080 512 0 24502037782724
212592 512 0 24502038061364
213104 512 0 24502038340005
213616 512 0 24502038618645
214128 512 0 24502038897286
214640 512 0 24502039175926
215152 512 0 24502039454567
215664 512 0 24502039733207
216176 512 0 24502040011848
216688 512 0 24502040290488
217200 512 0 24502040569129
217712 512 0 24502040847769
218224 512 0 24502041126410
218736 512 0 24502041405050
219248 512 0 24502041683691
219760 512 0 24502041962331
220272 512 0 24502042240972
220784 512 0 24502042519612
221296 512 0 24502042798253
221808 512 0 24502043076894
222320 512 0 24502043355535
222832 512 0 24502043634175
223344 512 0 24502043912816
223856 512 0 24502044191456
224368 512 0 24502044470097
224880 512 0 24502044748737
225392 512 0 24502045027378
225904 512 0 24502045306018
226416 512 0 24502045584659
226928 512 0 24502045863299
227440 512 0 24502046141940
227952 512 0 24502046420580
228464 512 0 24502046699221
228976 512 0 24502046977861
229488 512 0 24502047256502
230000 512 0 24502047535142
230512 512 0 24502047813783
231024 512 0 24502048092423
231536 512 0 24502048371064
232048 512 0 24502048649704
232560 512 0 24502048928345
233072 512 0 24502049206985
233584 512 0 24502049485626
234096 512 0 24502049764266
234608 512 0 24502050042907
235120 512 0 24502050321547
235632 512 0 24502050600188
236144 512 0 24502050878828
236656 512 0 24502051157469
237168 512 0 24502051436109
237680 512 0 24502051714750
238192 512 0 24502051993390
238704 512 0 24502052272031
239216 512 0 24502052550671
239728 512 0 24502052829312
240240 512 0 24502053107952
240752 512 0 24502053386593
241264 512 0 24502053665233
241776 512 0 24502053943874
242288 512 0 24502054222514
242800 512 0 24502054501155
243312 512 0 24502054779795
243824 512 0 24502055058436
244336 512 0 24502055337076
244848 512 0 24502055615717
245360 512 0 24502055894357
245872 512 0 24502056172998
246384 512 0 24502056451638
246896 512 0 24502056730279
247408 512 0 24502057008919
247920 512 0 24502057287560
248432 512 0 24502057566200
248944 512 0 24502057844841
249456 512 0 24502058123481
249968 512 0 24502058402122
250480 512 0 24502058680762
250992 512 0 24502058959403
251504 512 0 24502059238043
252016 512 0 24502059516684
252528 512 0 24502059795324
253040 512 0 24502060073965
253552 512 0 24502060352605
254064 512 0 24502060631246
254576 512 0 24502060909886
255088 512 0 24502061188527
255600 512 0 24502061467167
256112 512 0 24502061745808
256624 512 0 24502062024448
257136 512 0 24502062303089
257648 512 0 24502062581729
258160 512 0 24502062860370
258672 512 0 24502063139010
259184 512 0 24502063417651
259696 512 0 24502063696291
260208 512 0 24502063974932
260720 512 0 24502064253572
261232 512 0 24502064532213
261744 512 0 24502064810853
262256 512 0 24502065089494
262768 512 0 24502065368135
263280 512 0 24502065646776
263792 512 0 24502065925416
264304 512 0 24502066204057
264816 512 0 24502066482697
265328 512 0 24502066761338
265840 512 0 24502067039978
266352 512 0 24502067318619
266864 512 0 24502067597259
267376 512 0 24502067875900
267888 512 0 24502068154540
268400 512 0 24502068433181
268912 512 0 24502068711821
269424 512 0 24502068990462
269936 512 0 24502069269102
270448 512 0 24502069547743
270960 512 0 24502069826383
271472 512 0 24502070105024
271984 512 0 24502070383664
272496 512 0 24502070662305
273008 512 0 24502070940945
273520 512 0 24502071219586
274032 512 0 24502071498226
274544 512 0 24502071776867
275056 512 0 24502072055507
275568 512 0 24502072334148
276080 512 0 24502072612788
276592 512 0 24502072891429
277104 512 0 24502073170069
277616 512 0 24502073448710
278128 512 0 24502073727350
278640 512 0 24502074005991
279152 512 0 24502074284631
279664 512 0 24502074563272
280176 512 0 24502074841912
280688 512 0 24502075120553
281200 512 0 24502075399193
281712 512 0 24502075677834
282224 512 0 24502075956474
282736 512 0 24502076235115
283248 512 0 24502076513755
283760 512 0 24502076792396
284272 512 0 24502077071036
284784 512 0 24502077349677
285296 512 0 24502077628317
285808 512 0 24502077906958
286320 512 0 24502078185598
286832 512 0 24502078464239
287344 512 0 24502078742879
287856 512 0 24502079021520
288368 512 0 24502079300160
288880 512 0 24502079578801
289392 512 0 24502079857441
289904 512 0 24502080136082
290416 512 0 24502080414722
290928 512 0 24502080693363
291440 512 0 24502080972003
291952 512 0 24502081250644
292464 512 0 24502081529284
292976 512 0 24502081807925
293488 512 0 24502082086565
294000 512 0 24502082365206
294512 512 0 24502082643846
295024 512 0 24502082922487
295536 512 0 24502083201128
296048 512 0 24502083479769
296560 512 0 24502083758409
297072 512 0 24502084037050
297584 512 0 24502084315690
298096 512 0 24502084594331
298608 512 0 24502084872971
299120 512 0 24502085151612
299632 512 0 24502085430252
300144 512 0 24502085708893
300656 512 0 24502085987533
301168 512 0 24502086266174
301680 512 0 24502086544815
302192 512 0 24502086823455
302704 512 0 24502087102096
303216 512 0 24502087380736
303728 512 0 24502087659376
304240 512 0 24502087938017
304752 512 0 24502088216657
305264 512 0 24502088495298
305776 512 0 24502088773938
306288 512 0 24502089052579
306800 512 0 24502089331219
307312 512 0 24502089609860
307824 512 0 24502089888500
308336 512 0 24502090167141
308848 512 0 24502090445781
309360 512 0 24502090724422
309872 512 0 24502091003062
310384 512 0 24502091281703
310896 512 0 24502091560344
311408 512 0 24502091838984
311920 512 0 24502092117624
312432 512 0 24502092396265
312944 512 0 24502092674905
313456 512 0 24502092953546
313968 512 0 24502093232186
314480 512 0 24502093510827
314992 512 0 24502093789467
315504 512 0 24502094068108
316016 512 0 24502094346748
316528 512 0 24502094625389
317040 512 0 24502094904029
317552 512 0 24502095182670
318064 512 0 24502095461310
318576 512 0 24502095739951
319088 512 0 24502096018591
319600 512 0 24502096297232
320112 512 0 24502096575873
320624 512 0 24502096854514
321136 512 0 24502097133154
321648 512 0 24502097411795
322160 512 0 24502097690435
322672 512 0 24502097969076
323184 512 0 24502098247716
323696 512 0 24502098526357
324208 512 0 24502098804998
324720 512 0 24502099083638
325232 512 0 24502099362279
325744 512 0 24502099640919
326256 512 0 24502099919560
326768 512 0 24502100198200
327280 512 0 24502100476841
327792 512 0 24502100755481
328304 512 0 24502101034121
328816 512 0 24502101312762
329328 512 0 24502101591402
329840 512 0 24502101870043
330352 512 0 24502102148683
330864 512 0 24502102427324
331376 512 0 24502102705964
331888 512 0 24502102984605
332400 512 0 24502103263245
332912 512 0 24502103541886
333424 512 0 24502103820527
333936 512 0 24502104099167
334448 512 0 24502104377808
334960 512 0 24502104656448
335472 512 0 24502104935089
335984 512 0 24502105213729
336496 512 0 24502105492369
337008 512 0 24502105771010
337520 512 0 24502106049650
338032 512 0 24502106328291
338544 512 0 24502106606931
339056 512 0 24502106885572
339568 512 0 24502107164212
340080 512 0 24502107442853
340592 512 0 24502107721493
341104 512 0 24502108000134
341616 512 0 24502108278774
342128 512 0 24502108557415
342640 512 0 24502108836056
343152 512 0 24502109114696
343664 512 0 24502109393337
344176 512 0 24502109671977
344688 512 0 24502109950618
345200 512 0 24502110229259
345712 512 0 24502110507899
346224 512 0 24502110786540
346736 512 0 24502111065180
347248 512 0 24502111343821
347760 512 0 24502111622462
348272 512 0 24502111901102
348784 512 0 24502112179743
349296 512 0 24502112458383
349808 512 0 24502112737024
350320 512 0 24502113015664
350832 512 0 24502113294305
351344 512 0 24502113572945
351856 512 0 24502113851586
352368 512 0 24502114130226
352880 512 0 24502114408866
353392 512 0 24502114687507
353904 512 0 24502114966147
354416 512 0 24502115244788
354928 512 0 24502115523428
355440 512 0 24502115802069
355952 512 0 24502116080709
356464 512 0 24502116359350
356976 512 0 24502116637991
357488 512 0 24502116916631
358000 512 0 24502117195272
358512 512 0 24502117473912
359024 512 0 24502117752553
359536 512 0 24502118031193
360048 512 0 24502118309834
360560 512 0 24502118588474
361072 512 0 24502118867114
361584 512 0 24502119145755
362096 512 0 24502119424395
362608 512 0 24502119703036
363120 512 0 24502119981676
363632 512 0 24502120260317
364144 512 0 24502120538957
364656 512 0 24502120817598
365168 512 0 24502121096238
365680 512 0 24502121374879
366192 512 0 24502121653520
366704 512 0 24502121932160
367216 512 0 24502122210801
367728 512 0 24502122489441
368240 512 0 24502122768082
368752 512 0 24502123046722
369264 512 0 24502123325362
369776 512 0 24502123604003
370288 512 0 24502123882643
370800 512 0 24502124161284
371312 512 0 24502124439924
371824 512 0 24502124718565
372336 512 0 24502124997205
372848 512 0 24502125275846
373360 512 0 24502125554486
373872 512 0 24502125833127
374384 512 0 24502126111767
374896 512 0 24502126390408
375408 512 0 24502126669049
375920 512 0 24502126947689
376432 512 0 24502127226330
376944 512 0 24502127504970
377456 512 0 24502127783611
377968 512 0 24502128062252
378480 512 0 24502128340892
378992 512 0 24502128619533
379504 512 0 24502128898173
380016 512 0 24502129176814
380528 512 0 24502129455455
381040 512 0 24502129734095
381552 512 0 24502130012736
382064 512 0 24502130291376
382576 512 0 24502130570017
383088 512 0 24502130848657
383600 512 0 24502131127298
384112 512 0 24502131405938
384624 512 0 24502131684579
385136 512 0 24502131963219
385648 512 0 24502132241859
386160 512 0 24502132520500
386672 512 0 24502132799140
387184 512 0 24502133077781
387696 512 0 24502133356421
388208 512 0 24502133635062
388720 512 0 24502133913702
389232 512 0 24502134192343
389744 512 0 24502134470984
390256 512 0 24502134749624
390768 512 0 24502135028265
391280 512 0 24502135306905
391792 512 0 24502135585546
392304 512 0 24502135864186
392816 512 0 24502136142827
393328 512 0 24502136421467
393840 512 0 24502136700106
394352 512 0 24502136978747
394864 512 0 24502137257387
395376 512 0 24502137536028
395888 512 0 24502137814668
396400 512 0 24502138093309
396912 512 0 24502138371949
397424 512 0 24502138650590
397936 512 0 24502138929230
398448 512 0 24502139207871
398960 512 0 24502139486511
399472 512 0 24502139765152
399984 512 0 24502140043792
400496 512 0 24502140322433
401008 512 0 24502140601073
401520 512 0 24502140879714
402032 512 0 24502141158354
402544 512 0 24502141436995
403056 512 0 24502141715635
403568 512 0 24502141994276
404080 512 0 24502142272916
404592 512 0 24502142551557
405104 512 0 24502142830197
405616 512 0 24502143108838
406128 512 0 24502143387478
406640 512 0 24502143666119
407152 512 0 24502143944759
407664 512 0 24502144223400
408176 512 0 24502144502040
408688 512 0 24502144780681
409200 512 0 24502145059321
409712 512 0 24502145337962
410224 512 0 24502145616602
410736 512 0 24502145895243
411248 512 0 24502146173883
411760 512 0 24502146452524
412272 512 0 24502146731164
412784 512 0 24502147009805
413296 512 0 24502147288445
413808 512 0 24502147567086
414320 512 0 24502147845726
414832 512 0 24502148124367
415344 512 0 24502148403007
415856 512 0 24502148681648
416368 512 0 24502148960288
416880 512 0 24502149238929
417392 512 0 24502149517569
417904 512 0 24502149796210
418416 512 0 24502150074850
418928 512 0 24502150353491
419440 512 0 24502150632131
419952 512 0 24502150910772
420464 512 0 24502151189412
420976 512 0 24502151468053
421488 512 0 24502151746693
422000 512 0 24502152025334
422512 512 0 24502152303974
423024 512 0 24502152582615
423536 512 0 24502152861255
424048 512 0 24502153139896
424560 512 0 24502153418536
425072 512 0 24502153697177
425584 512 0 24502153975817
426096 512 0 24502154254458
426608 512 0 24502154533098
427120 512 0 24502154811739
427632 512 0 24502155090379
428144 512 0 24502155369020
428656 512 0 24502155647660
429168 512 0 24502155926301
429680 512 0 24502156204941
430192 512 0 24502156483582
430704 512 0 24502156762222
431216 512 0 24502157040863
431728 512 0 24502157319503
432240 512 0 24502157598144
432752 512 0 24502157876784
433264 512 0 24502158155425
433776 512 0 24502158434065
434288 512 0 24502158712706
434800 512 0 24502158991345
435312 512 0 24502159269986
435824 512 0 24502159548626
436336 512 0 24502159827267
436848 512 0 24502160105907
437360 512 0 24502160384548
437872 512 0 24502160663188
438384 512 0 24502160941829
438896 512 0 24502161220469
439408 512 0 24502161499110
439920 512 0 24502161777750
440432 512 0 24502162056391
440944 512 0 24502162335031
441456 512 0 24502162613672
441968 512 0 24502162892312
442480 512 0 24502163170953
442992 512 0 24502163449593
443504 512 0 24502163728234
444016 512 0 24502164006874
444528 512 0 24502164285515
445040 512 0 24502164564155
445552 512 0 24502164842796
446064 512 0 24502165121436
446576 512 0 24502165400077
447088 512 0 24502165678717
447600 512 0 24502165957358
448112 512 0 24502166235998
448624 512 0 24502166514639
449136 512 0 24502166793279
449648 512 0 24502167071920
450160 512 0 24502167350560
450672 512 0 24502167629201
451184 512 0 24502167907842
451696 512 0 24502168186483
452208 512 0 24502168465123
452720 512 0 24502168743764
453232 512 0 24502169022404
453744 512 0 24502169301045
454256 512 0 24502169579685
454768 512 0 24502169858326
455280 512 0 24502170136966
455792 512 0 24502170415607
456304 512 0 24502170694247
456816 512 0 24502170972888
457328 512 0 24502171251528
457840 512 0 24502171530169
458352 512 0 24502171808809
458864 512 0 24502172087450
459376 512 0 24502172366090
459888 512 0 24502172644731
460400 512 0 24502172923371
460912 512 0 24502173202012
461424 512 0 24502173480652
461936 512 0 24502173759293
462448 512 0 24502174037933
462960 512 0 24502174316574
463472 512 0 24502174595214
463984 512 0 24502174873855
464496 512 0 24502175152495
465008 512 0 24502175431136
465520 512 0 24502175709776
466032 512 0 24502175988417
466544 512 0 24502176267057
467056 512 0 24502176545698
467568 512 0 24502176824338
468080 512 0 24502177102979
468592 512 0 24502177381619
469104 512 0 24502177660260
469616 512 0 24502177938900
470128 512 0 24502178217541
470640 512 0 24502178496181
471152 512 0 24502178774822
471664 512 0 24502179053462
472176 512 0 24502179332103
472688 512 0 24502179610743
473200 512 0 24502179889384
473712 512 0 24502180168024
474224 512 0 24502180446665
474736 512 0 24502180725305
475248 512 0 24502181003946
475760 512 0 24502181282586
476272 512 0 24502181561227
476784 512 0 24502181839867
477296 512 0 24502182118508
477808 512 0 24502182397148
478320 512 0 24502182675789
478832 512 0 24502182954429
479344 512 0 24502183233070
479856 512 0 24502183511710
480368 512 0 24502183790351
480880 512 0 24502184068991
481392 512 0 24502184347632
481904 512 0 24502184626272
482416 512 0 24502184904913
482928 512 0 24502185183553
483440 512 0 24502185462194
483952 512 0 24502185740835
484464 512 0 24502186019476
484976 512 0 24502186298116
485488 512 0 24502186576757
486000 512 0 24502186855397
486512 512 0 24502187134038
487024 512 0 24502187412678
487536 512 0 24502187691319
488048 512 0 24502187969959
488560 512 0 24502188248600
489072 512 0 24502188527240
489584 512 0 24502188805881
490096 512 0 24502189084521
490608 512 0 24502189363162
491120 512 0 24502189641802
491632 512 0 24502189920443
492144 512 0 24502190199083
492656 512 0 24502190477724
493168 512 0 24502190756364
493680 512 0 24502191035005
494192 512 0 24502191313645
494704 512 0 24502191592286
495216 512 0 24502191870926
495728 512 0 24502192149567
496240 512 0 24502192428207
496752 512 0 24502192706848
497264 512 0 24502192985488
497776 512 0 24502193264129
498288 512 0 24502193542769
498800 512 0 24502193821410
499312 512 0 24502194100050
499824 512 0 24502194378691
500336 512 0 24502194657331
500848 512 0 24502194935972
501360 512 0 24502195214612
501872 512 0 24502195493253
502384 512 0 24502195771893
502896 512 0 24502196050534
503408 512 0 24502196329174
503920 512 0 24502196607815
504432 512 0 24502196886455
504944 512 0 24502197165096
505456 512 0 24502197443736
505968 512 0 24502197722377
506480 512 0 24502198001017
506992 512 0 24502198279658
507504 512 0 24502198558298
508016 512 0 24502198836939
508528 512 0 24502199115579
509040 512 0 24502199394220
509552 512 0 24502199672860
510064 512 0 24502199951501
510576 512 0 24502200230141
511088 512 0 24502200508782
511600 512 0 24502200787422
512112 512 0 24502201066063
512624 512 0 24502201344703
513136 512 0 24502201623344
513648 512 0 24502201901984
514160 512 0 24502202180625
514672 512 0 24502202459265
515184 512 0 24502202737906
515696 512 0 24502203016546
516208 512 0 24502203295187
516720 512 0 24502203573827
517232 512 0 24502203852468
517744 512 0 24502204131108
518256 512 0 24502204409749
518768 512 0 24502204688389
519280 512 0 24502204967030
519792 512 0 24502205245670
520304 512 0 24502205524311
520816 512 0 24502205802951
521328 512 0 24502206081592
521840 512 0 24502206360232
522352 512 0 24502206638873
522864 512 0 24502206917513
523376 512 0 24502207196154
523888 512 0 24502207474794
524400 512 0 24502207753435
524912 512 0 24502208032075
525424 512 0 24502208310716
525936 512 0 24502208589356
526448 512 0 24502208867997
526960 512 0 24502209146637
527472 512 0 24502209425278
527984 512 0 24502209703918
528496 512 0 24502209982559
529008 512 0 24502210261199
529520 512 0 24502210539840
530032 512 0 24502210818480
530544 512 0 24502211097121
531056 512 0 24502211375761
531568 512 0 24502211654402
532080 512 0 24502211933042
532592 512 0 24502212211683
533104 512 0 24502212490323
533616 512 0 24502212768964
534128 512 0 24502213047604
534640 512 0 24502213326245
535152 512 0 24502213604885
535664 512 0 24502213883526
536176 512 0 24502214162166
536688 512 0 24502214440807
537200 512 0 24502214719447
537712 512 0 24502214998088
538224 512 0 24502215276728
538736 512 0 24502215555369
539248 512 0 24502215834009
539760 512 0 24502216112650
540272 512 0 24502216391290
540784 512 0 24502216669931
541296 512 0 24502216948571
541808 512 0 24502217227212
542320 512 0 24502217505852
542832 512 0 24502217784493
543344 512 0 24502218063133
543856 512 0 24502218341774
544368 512 0 24502218620414
544880 512 0 24502218899055
545392 512 0 24502219177695
545904 512 0 24502219456336
546416 512 0 24502219734976
546928 512 0 24502220013617
547440 512 0 24502220292257
547952 512 0 24502220570898
548464 512 0 24502220849538
548976 512 0 24502221128179
549488 512 0 24502221406819
550000 512 0 24502221685460
550512 512 0 24502221964100
551024 512 0 24502222242741
551536 512 0 24502222521381
552048 512 0 24502222800022
552560 512 0 24502223078662
553072 512 0 24502223357303
553584 512 0 24502223635943
554096 512 0 24502223914584
554608 512 0 24502224193224
555120 512 0 24502224471865
555632 512 0 24502224750505
556144 512 0 24502225029146
556656 512 0 24502225307786
557168 512 0 24502225586427
557680 512 0 24502225865067
558192 512 0 24502226143708
558704 512 0 24502226422348
559216 512 0 24502226700989
559728 512 0 24502226979629
560240 512 0 24502227258270
560752 512 0 24502227536910
561264 512 0 24502227815551
561776 512 0 24502228094191
562288 512 0 24502228372832
562800 512 0 24502228651472
563312 512 0 24502228930113
563824 512 0 24502229208753
564336 512 0 24502229487394
564848 512 0 24502229766034
565360 512 0 24502230044675
565872 512 0 24502230323315
566384 512 0 24502230601956
566896 512 0 24502230880596
567408 512 0 24502231159237
567920 512 0 24502231437877
568432 512 0 24502231716518
568944 512 0 24502231995158
569456 512 0 24502232273799
569968 512 0 24502232552439
570480 512 0 24502232831080
570992 512 0 24502233109720
571504 512 0 24502233388361
572016 512 0 24502233667001
572528 512 0 24502233945642
573040 512 0 24502234224282
573552 512 0 24502234502923
574064 512 0 24502234781563
574576 512 0 24502235060204
575088 512 0 24502235338844
575600 512 0 24502235617485
576112 512 0 24502235896125
576624 512 0 24502236174766
577136 512 0 24502236453406
577648 512 0 24502236732047
578160 512 0 24502237010687
578672 512 0 24502237289328
579184 512 0 24502237567968
579696 512 0 24502237846609
580208 512 0 24502238125249
580720 512 0 24502238403890
581232 512 0 24502238682530
581744 512 0 24502238961171
582256 512 0 24502239239812
582768 512 0 24502239518453
583280 512 0 24502239797093
583792 512 0 24502240075734
584304 512 0 24502240354374
584816 512 0 24502240633015
585328 512 0 24502240911655
585840 512 0 24502241190296
586352 512 0 24502241468936
586864 512 0 24502241747577
587376 512 0 24502242026217
587888 512 0 24502242304858
588400 512 0 24502242583498
588912 512 0 24502242862139
589424 512 0 24502243140779
589936 512 0 24502243419420
590448 512 0 24502243698060
590960 512 0 24502243976701
591472 512 0 24502244255341
591984 512 0 24502244533982
592496 512 0 24502244812622
593008 512 0 24502245091263
593520 512 0 24502245369903
594032 512 0 24502245648544
594544 512 0 24502245927184
595056 512 0 24502246205825
595568 512 0 24502246484465
596080 512 0 24502246763106
596592 512 0 24502247041746
597104 512 0 24502247320387
597616 512 0 24502247599027
598128 512 0 24502247877668
598640 512 0 24502248156308
599152 512 0 24502248434949
599664 512 0 24502248713589
600176 512 0 24502248992230
600688 512 0 24502249270870
601200 512 0 24502249549511
601712 512 0 24502249828151
602224 512 0 24502250106792
602736 512 0 24502250385432
603248 512 0 24502250664073
603760 512 0 24502250942713
604272 512 0 24502251221354
604784 512 0 24502251499994
605296 512 0 24502251778635
605808 512 0 24502252057275
606320 512 0 24502252335916
606832 512 0 24502252614556
607344 512 0 24502252893197
607856 512 0 24502253171837
608368 512 0 24502253450478
608880 512 0 24502253729118
609392 512 0 24502254007759
609904 512 0 24502254286399
610416 512 0 24502254565040
610928 512 0 24502254843680
611440 512 0 24502255122321
611952 512 0 24502255400961
612464 512 0 24502255679602
612976 512 0 24502255958242
613488 512 0 24502256236883
614000 512 0 24502256515523
614512 512 0 24502256794164
615024 512 0 24502257072804
615536 512 0 24502257351445
616048 512 0 24502257630085
616560 512 0 24502257908726
617072 512 0 24502258187366
617584 512 0 24502258466007
618096 512 0 24502258744647
618608 512 0 24502259023288
619120 512 0 24502259301928
619632 512 0 24502259580569
620144 512 0 24502259859209
620656 512 0 24502260137850
621168 512 0 24502260416490
621680 512 0 24502260695131
622192 512 0 24502260973771
622704 512 0 24502261252412
623216 512 0 24502261531052
623728 512 0 24502261809693
624240 512 0 24502262088333
624752 512 0 24502262366974
625264 512 0 24502262645614
625776 512 0 24502262924255
626288 512 0 24502263202895
626800 512 0 24502263481536
627312 512 0 24502263760176
627824 512 0 24502264038817
628336 512 0 24502264317457
628848 512 0 24502264596098
629360 512 0 24502264874738
629872 512 0 24502265153379
630384 512 0 24502265432019
630896 512 0 24502265710660
631408 512 0 24502265989300
631920 512 0 24502266267941
632432 512 0 24502266546581
632944 512 0 24502266825222
633456 512 0 24502267103862
633968 512 0 24502267382503
634480 512 0 24502267661143
634992 512 0 24502267939784
635504 512 0 24502268218424
636016 512 0 24502268497065
636528 512 0 24502268775705
637040 512 0 24502269054346
637552 512 0 24502269332986
638064 512 0 24502269611627
638576 512 0 24502269890267
639088 512 0 24502270168908
639600 512 0 24502270447549
640112 512 0 24502270726190
640624 512 0 24502271004830
641136 512 0 24502271283471
641648 512 0 24502271562111
642160 512 0 24502271840752
642672 512 0 24502272119392
643184 512 0 24502272398033
643696 512 0 24502272676673
644208 512 0 24502272955314
644720 512 0 24502273233954
645232 512 0 24502273512595
645744 512 0 24502273791235
646256 512 0 24502274069876
646768 512 0 24502274348516
647280 512 0 24502274627157
647792 512 0 24502274905797
648304 512 0 24502275184438
648816 512 0 24502275463078
649328 512 0 24502275741719
649840 512 0 24502276020359
650352 512 0 24502276299000
650864 512 0 24502276577640
651376 512 0 24502276856281
651888 512 0 24502277134921
652400 512 0 24502277413562
652912 512 0 24502277692202
653424 512 0 24502277970843
653936 512 0 24502278249483
654448 512 0 24502278528124
654960 512 0 24502278806764
655472 512 0 24502279085405
655984 512 0 24502279364046
656496 512 0 24502279642687
657008 512 0 24502279921327
657520 512 0 24502280199968
658032 512 0 24502280478608
658544 512 0 24502280757249
659056 512 0 24502281035889
659568 512 0 24502281314530
660080 512 0 24502281593170
660592 512 0 24502281871811
661104 512 0 24502282150452
661616 512 0 24502282429092
662128 512 0 24502282707733
662640 512 0 24502282986373
663152 512 0 24502283265014
663664 512 0 24502283543654
664176 512 0 24502283822293
664688 512 0 24502284100934
665200 512 0 24502284379574
665712 512 0 24502284658215
666224 512 0 24502284936855
666736 512 0 24502285215496
667248 512 0 24502285494136
667760 512 0 24502285772777
668272 512 0 24502286051417
668784 512 0 24502286330058
669296 512 0 24502286608698
669808 512 0 24502286887339
670320 512 0 24502287165979
670832 512 0 24502287444620
671344 512 0 24502287723260
671856 512 0 24502288001901
672368 512 0 24502288280541
672880 512 0 24502288559182
673392 512 0 24502288837822
673904 512 0 24502289116463
674416 512 0 24502289395103
674928 512 0 24502289673744
675440 512 0 24502289952384
675952 512 0 24502290231025
676464 512 0 24502290509665
676976 512 0 24502290788306
677488 512 0 24502291066946
678000 512 0 24502291345587
678512 512 0 24502291624227
679024 512 0 24502291902868
679536 512 0 24502292181508
680048 512 0 24502292460149
680560 512 0 24502292738790
681072 512 0 24502293017431
681584 512 0 24502293296071
682096 512 0 24502293574712
682608 512 0 24502293853352
683120 512 0 24502294131993
683632 512 0 24502294410633
684144 512 0 24502294689274
684656 512 0 24502294967914
685168 512 0 24502295246555
685680 512 0 24502295525195
686192 512 0 24502295803836
686704 512 0 24502296082476
687216 512 0 24502296361117
687728 512 0 24502296639757
688240 512 0 24502296918398
688752 512 0 24502297197039
689264 512 0 24502297475680
689776 512 0 24502297754320
690288 512 0 24502298032961
690800 512 0 24502298311601
691312 512 0 24502298590242
691824 512 0 24502298868883
692336 512 0 24502299147523
692848 512 0 24502299426164
693360 512 0 24502299704804
693872 512 0 24502299983445
694384 512 0 24502300262085
694896 512 0 24502300540726
695408 512 0 24502300819366
695920 512 0 24502301098007
696432 512 0 24502301376647
696944 512 0 24502301655286
697456 512 0 24502301933927
697968 512 0 24502302212567
698480 512 0 24502302491208
698992 512 0 24502302769848
699504 512 0 24502303048489
700016 512 0 24502303327129
700528 512 0 24502303605770
701040 512 0 24502303884410
701552 512 0 24502304163051
702064 512 0 24502304441691
702576 512 0 24502304720332
703088 512 0 24502304998972
703600 512 0 24502305277613
704112 512 0 24502305556253
704624 512 0 24502305834894
705136 512 0 24502306113535
705648 512 0 24502306392176
706160 512 0 24502306670816
706672 512 0 24502306949457
707184 512 0 24502307228097
707696 512 0 24502307506738
708208 512 0 24502307785378
708720 512 0 24502308064019
709232 512 0 24502308342659
709744 512 0 24502308621300
710256 512 0 24502308899941
710768 512 0 24502309178581
711280 512 0 24502309457222
711792 512 0 24502309735862
712304 512 0 24502310014503
712816 512 0 24502310293143
713328 512 0 24502310571783
713840 512 0 24502310850424
714352 512 0 24502311129064
714864 512 0 24502311407705
715376 512 0 24502311686345
715888 512 0 24502311964986
716400 512 0 24502312243626
716912 512 0 24502312522267
717424 512 0 24502312800907
717936 512 0 24502313079548
718448 512 0 24502313358188
718960 512 0 24502313636829
719472 512 0 24502313915469
719984 512 0 24502314194110
720496 512 0 24502314472751
721008 512 0 24502314751391
721520 512 0 24502315030031
722032 512 0 24502315308672
722544 512 0 24502315587312
723056 512 0 24502315865953
723568 512 0 24502316144593
724080 512 0 24502316423234
724592 512 0 24502316701874
725104 512 0 24502316980515
725616 512 0 24502317259155
726128 512 0 24502317537796
726640 512 0 24502317816436
727152 512 0 24502318095077
727664 512 0 24502318373717
728176 512 0 24502318652358
728688 512 0 24502318930998
729200 512 0 24502319209639
729712 512 0 24502319488279
730224 512 0 24502319766920
730736 512 0 24502320045560
731248 512 0 24502320324201
731760 512 0 24502320602841
732272 512 0 24502320881482
732784 512 0 24502321160122
733296 512 0 24502321438763
733808 512 0 24502321717403
734320 512 0 24502321996044
734832 512 0 24502322274684
735344 512 0 24502322553325
735856 512 0 24502322831965
736368 512 0 24502323110606
736880 512 0 24502323389246
737392 512 0 24502323667887
737904 512 0 24502323946527
738416 512 0 24502324225168
738928 512 0 24502324503808
739440 512 0 24502324782449
739952 512 0 24502325061089
740464 512 0 24502325339730
740976 512 0 24502325618370
741488 512 0 24502325897011
742000 512 0 24502326175651
742512 512 0 24502326454292
743024 512 0 24502326732932
743536 512 0 24502327011573
744048 512 0 24502327290213
744560 512 0 24502327568854
745072 512 0 24502327847494
745584 512 0 24502328126135
746096 512 0 24502328404775
746608 512 0 24502328683416
747120 512 0 24502328962056
747632 512 0 24502329240697
748144 512 0 24502329519337
748656 512 0 24502329797978
749168 512 0 24502330076618
749680 512 0 24502330355259
750192 512 0 24502330633899
750704 512 0 24502330912540
751216 512 0 24502331191180
751728 512 0 24502331469821
752240 512 0 24502331748461
752752 512 0 24502332027102
753264 512 0 24502332305742
753776 512 0 24502332584383
754288 512 0 24502332863024
754800 512 0 24502333141665
755312 512 0 24502333420305
755824 512 0 24502333698946
756336 512 0 24502333977586
756848 512 0 24502334256227
757360 512 0 24502334534867
757872 512 0 24502334813508
758384 512 0 24502335092148
758896 512 0 24502335370789
759408 512 0 24502335649429
759920 512 0 24502335928070
760432 512 0 24502336206711
760944 512 0 24502336485351
761456 512 0 24502336763992
761968 512 0 24502337042632
762480 512 0 24502337321272
762992 512 0 24502337599913
763504 512 0 24502337878553
764016 512 0 24502338157194
764528 512 0 24502338435834
765040 512 0 24502338714475
765552 512 0 24502338993115
766064 512 0 24502339271756
766576 512 0 24502339550396
767088 512 0 24502339829037
767600 512 0 24502340107677
768112 512 0 24502340386318
768624 512 0 24502340664958
769136 512 0 24502340943599
769648 512 0 24502341222240
770160 512 0 24502341500880
770672 512 0 24502341779520
771184 512 0 24502342058161
771696 512 0 24502342336801
772208 512 0 24502342615442
772720 512 0 24502342894082
773232 512 0 24502343172723
773744 512 0 24502343451363
774256 512 0 24502343730004
774768 512 0 24502344008644
775280 512 0 24502344287285
775792 512 0 24502344565925
776304 512 0 24502344844566
776816 512 0 24502345123206
777328 512 0 24502345401847
777840 512 0 24502345680487
778352 512 0 24502345959128
778864 512 0 24502346237768
779376 512 0 24502346516409
779888 512 0 24502346795049
780400 512 0 24502347073690
780912 512 0 24502347352330
781424 512 0 24502347630971
781936 512 0 24502347909611
782448 512 0 24502348188252
782960 512 0 24502348466892
783472 512 0 24502348745533
783984 512 0 24502349024173
784496 512 0 24502349302814
785008 512 0 24502349581454
785520 512 0 24502349860095
786032 512 0 24502350138735
786544 512 0 24502350417376
787056 512 0 24502350696017
787568 512 0 24502350974658
788080 512 0 24502351253298
788592 512 0 24502351531939
789104 512 0 24502351810579
789616 512 0 24502352089220
790128 512 0 24502352367860
790640 512 0 24502352646501
791152 512 0 24502352925141
791664 512 0 24502353203782
792176 512 0 24502353482423
792688 512 0 24502353761063
793200 512 0 24502354039704
793712 512 0 24502354318344
794224 512 0 24502354596985
794736 512 0 24502354875625
795248 512 0 24502355154264
795760 512 0 24502355432905
796272 512 0 24502355711545
796784 512 0 24502355990186
797296 512 0 24502356268826
797808 512 0 24502356547467
798320 512 0 24502356826107
798832 512 0 24502357104748
799344 512 0 24502357383388
799856 512 0 24502357662029
800368 512 0 24502357940669
800880 512 0 24502358219310
801392 512 0 24502358497950
801904 512 0 24502358776591
802416 512 0 24502359055231
802928 512 0 24502359333872
803440 512 0 24502359612514
803952 512 0 24502359891155
804464 512 0 24502360169795
804976 512 0 24502360448436
805488 512 0 24502360727077
806000 512 0 24502361005717
806512 512 0 24502361284358
807024 512 0 24502361562998
807536 512 0 24502361841639
808048 512 0 24502362120279
808560 512 0 24502362398920
809072 512 0 24502362677560
809584 512 0 24502362956201
810096 512 0 24502363234841
810608 512 0 24502363513482
811120 512 0 24502363792122
811632 512 0 24502364070762
812144 512 0 24502364349403
812656 512 0 24502364628043
813168 512 0 24502364906684
813680 512 0 24502365185324
814192 512 0 24502365463965
814704 512 0 24502365742606
815216 512 0 24502366021246
815728 512 0 24502366299887
816240 512 0 24502366578527
816752 512 0 24502366857168
817264 512 0 24502367135808
817776 512 0 24502367414449
818288 512 0 24502367693089
818800 512 0 24502367971730
819312 512 0 24502368250370
819824 512 0 24502368529011
820336 512 0 24502368807652
820848 512 0 24502369086293
821360 512 0 24502369364933
821872 512 0 24502369643574
822384 512 0 24502369922214
822896 512 0 24502370200855
823408 512 0 24502370479495
823920 512 0 24502370758136
824432 512 0 24502371036776
824944 512 0 24502371315417
825456 512 0 24502371594057
825968 512 0 24502371872698
826480 512 0 24502372151338
826992 512 0 24502372429979
827504 512 0 24502372708619
828016 512 0 24502372987259
828528 512 0 24502373265900
829040 512 0 24502373544540
829552 512 0 24502373823181
830064 512 0 24502374101822
830576 512 0 24502374380462
831088 512 0 24502374659103
831600 512 0 24502374937743
832112 512 0 24502375216384
832624 512 0 24502375495024
833136 512 0 24502375773665
833648 512 0 24502376052305
834160 512 0 24502376330946
834672 512 0 24502376609586
835184 512 0 24502376888227
835696 512 0 24502377166867
836208 512 0 24502377445507
836720 512 0 24502377724148
837232 512 0 24502378002788
837744 512 0 24502378281429
838256 512 0 24502378560069
838768 512 0 24502378838710
839280 512 0 24502379117351
839792 512 0 24502379395991
840304 512 0 24502379674632
840816 512 0 24502379953272
841328 512 0 24502380231913
841840 512 0 24502380510553
842352 512 0 24502380789194
842864 512 0 24502381067834
843376 512 0 24502381346475
843888 512 0 24502381625115
844400 512 0 24502381903756
844912 512 0 24502382182397
845424 512 0 24502382461038
845936 512 0 24502382739678
846448 512 0 24502383018319
846960 512 0 24502383296959
847472 512 0 24502383575600
847984 512 0 24502383854240
848496 512 0 24502384132881
849008 512 0 24502384411521
849520 512 0 24502384690162
850032 512 0 24502384968802
850544 512 0 24502385247443
851056 512 0 24502385526083
851568 512 0 24502385804724
852080 512 0 24502386083364
852592 512 0 24502386362004
853104 512 0 24502386640645
853616 512 0 24502386919285
854128 512 0 24502387197926
854640 512 0 24502387476567
855152 512 0 24502387755207
855664 512 0 24502388033848
856176 512 0 24502388312488
856688 512 0 24502388591129
857200 512 0 24502388869769
857712 512 0 24502389148410
858224 512 0 24502389427050
858736 512 0 24502389705691
859248 512 0 24502389984331
859760 512 0 24502390262972
860272 512 0 24502390541612
860784 512 0 24502390820254
861296 512 0 24502391098894
861808 512 0 24502391377535
862320 512 0 24502391656175
862832 512 0 24502391934816
863344 512 0 24502392213456
863856 512 0 24502392492097
864368 512 0 24502392770737
864880 512 0 24502393049378
865392 512 0 24502393328018
865904 512 0 24502393606659
866416 512 0 24502393885299
866928 512 0 24502394163940
867440 512 0 24502394442580
867952 512 0 24502394721221
868464 512 0 24502394999861
868976 512 0 24502395278501
869488 512 0 24502395557142
870000 512 0 24502395835783
870512 512 0 24502396114423
871024 512 0 24502396393064
871536 512 0 24502396671704
872048 512 0 24502396950345
872560 512 0 24502397228985
873072 512 0 24502397507626
873584 512 0 24502397786266
874096 512 0 24502398064907
874608 512 0 24502398343547
875120 512 0 24502398622188
875632 512 0 24502398900828
876144 512 0 24502399179469
876656 512 0 24502399458109
877168 512 0 24502399736751
877680 512 0 24502400015391
878192 512 0 24502400294032
878704 512 0 24502400572672
879216 512 0 24502400851313
879728 512 0 24502401129953
880240 512 0 24502401408594
880752 512 0 24502401687234
881264 512 0 24502401965875
881776 512 0 24502402244515
882288 512 0 24502402523156
882800 512 0 24502402801796
883312 512 0 24502403080437
883824 512 0 24502403359077
884336 512 0 24502403637718
884848 512 0 24502403916358
885360 512 0 24502404194999
885872 512 0 24502404473639
886384 512 0 24502404752280
886896 512 0 24502405030920
887408 512 0 24502405309561
887920 512 0 24502405588201
888432 512 0 24502405866842
888944 512 0 24502406145482
889456 512 0 24502406424123
889968 512 0 24502406702763
890480 512 0 24502406981404
890992 512 0 24502407260044
891504 512 0 24502407538685
892016 512 0 24502407817325
892528 512 0 24502408095966
893040 512 0 24502408374606
893552 512 0 24502408653248
894064 512 0 24502408931888
894576 512 0 24502409210529
895088 512 0 24502409489169
895600 512 0 24502409767810
896112 512 0 24502410046450
896624 512 0 24502410325091
897136 512 0 24502410603731
897648 512 0 24502410882372
898160 512 0 24502411161012
898672 512 0 24502411439653
899184 512 0 24502411718293
899696 512 0 24502411996934
900208 512 0 24502412275574
900720 512 0 24502412554215
901232 512 0 24502412832855
901744 512 0 24502413111497
902256 512 0 24502413390137
902768 512 0 24502413668778
903280 512 0 24502413947418
903792 512 0 24502414226059
904304 512 0 24502414504699
904816 512 0 24502414783340
905328 512 0 24502415061980
905840 512 0 24502415340621
906352 512 0 24502415619261
906864 512 0 24502415897902
907376 512 0 24502416176542
907888 512 0 24502416455183
908400 512 0 24502416733824
908912 512 0 24502417012464
909424 512 0 24502417291105
909936 512 0 24502417569745
910448 512 0 24502417848385
910960 512 0 24502418127026
911472 512 0 24502418405666
911984 512 0 24502418684307
912496 512 0 24502418962947
913008 512 0 24502419241588
913520 512 0 24502419520228
914032 512 0 24502419798869
914544 512 0 24502420077509
915056 512 0 24502420356150
915568 512 0 24502420634790
916080 512 0 24502420913431
916592 512 0 24502421192071
917104 512 0 24502421470712
917616 512 0 24502421749353
918128 512 0 24502422027993
918640 512 0 24502422306633
919152 512 0 24502422585274
919664 512 0 24502422863914
920176 512 0 24502423142555
920688 512 0 24502423421195
921200 512 0 24502423699836
921712 512 0 24502423978476
922224 512 0 24502424257117
922736 512 0 24502424535757
923248 512 0 24502424814398
923760 512 0 24502425093038
924272 512 0 24502425371679
924784 512 0 24502425650319
925296 512 0 24502425928960
925808 512 0 24502426207600
926320 512 0 24502426486242
926832 512 0 24502426764882
927344 512 0 24502427043523
927856 512 0 24502427322163
928368 512 0 24502427600804
928880 512 0 24502427879444
929392 512 0 24502428158085
929904 512 0 24502428436725
930416 512 0 24502428715366
930928 512 0 24502428994006
931440 512 0 24502429272647
931952 512 0 24502429551287
932464 512 0 24502429829928
932976 512 0 24502430108568
933488 512 0 24502430387209
934000 512 0 24502430665850
934512 512 0 24502430944491
935024 512 0 24502431223131
935536 512 0 24502431501772
936048 512 0 24502431780412
936560 512 0 24502432059053
937072 512 0 24502432337693
937584 512 0 24502432616334
938096 512 0 24502432894974
938608 512 0 24502433173615
939120 512 0 24502433452255
939632 512 0 24502433730896
940144 512 0 24502434009537
940656 512 0 24502434288177
941168 512 0 24502434566818
941680 512 0 24502434845458
942192 512 0 24502435124099
942704 512 0 24502435402739
943216 512 0 24502435681379
943728 512 0 24502435960020
944240 512 0 24502436238660
944752 512 0 24502436517301
945264 512 0 24502436795941
945776 512 0 24502437074582
946288 512 0 24502437353222
946800 512 0 24502437631863
947312 512 0 24502437910503
947824 512 0 24502438189144
948336 512 0 24502438467784
948848 512 0 24502438746425
949360 512 0 24502439025065
949872 512 0 24502439303706
950384 512 0 24502439582347
950896 512 0 24502439860987
951408 512 0 24502440139627
951920 512 0 24502440418268
952432 512 0 24502440696908
952944 512 0 24502440975549
953456 512 0 24502441254189
953968 512 0 24502441532830
954480 512 0 24502441811470
954992 512 0 24502442090111
955504 512 0 24502442368751
956016 512 0 24502442647392
956528 512 0 24502442926032
957040 512 0 24502443204673
957552 512 0 24502443483313
958064 512 0 24502443761954
958576 512 0 24502444040594
959088 512 0 24502444319235
959600 512 0 24502444597875
960112 512 0 24502444876516
960624 512 0 24502445155156
961136 512 0 24502445433797
961648 512 0 24502445712437
962160 512 0 24502445991078
962672 512 0 24502446269718
963184 512 0 24502446548359
963696 512 0 24502446826999
964208 512 0 24502447105640
964720 512 0 24502447384280
965232 512 0 24502447662921
965744 512 0 24502447941561
966256 512 0 24502448220202
966768 512 0 24502448498842
967280 512 0 24502448777485
967792 512 0 24502449056125
968304 512 0 24502449334766
968816 512 0 24502449613406
969328 512 0 24502449892047
969840 512 0 24502450170687
970352 512 0 24502450449328
970864 512 0 24502450727968
971376 512 0 24502451006609
971888 512 0 24502451285249
972400 512 0 24502451563890
972912 512 0 24502451842531
973424 512 0 24502452121171
973936 512 0 24502452399812
974448 512 0 24502452678452
974960 512 0 24502452957093
975472 512 0 24502453235733
975984 512 0 24502453514373
976496 512 0 24502453793014
977008 512 0 24502454071654
977520 512 0 24502454350295
978032 512 0 24502454628935
978544 512 0 24502454907576
979056 512 0 24502455186216
979568 512 0 24502455464857
980080 512 0 24502455743497
980592 512 0 24502456022138
981104 512 0 24502456300778
981616 512 0 24502456579419
982128 512 0 24502456858060
982640 512 0 24502457136700
983152 512 0 24502457415341
983664 512 0 24502457693981
984176 512 0 24502457972621
984688 512 0 24502458251262
985200 512 0 24502458529902
985712 512 0 24502458808543
986224 512 0 24502459087183
986736 512 0 24502459365824
987248 512 0 24502459644464
987760 512 0 24502459923105
988272 512 0 24502460201745
988784 512 0 24502460480386
989296 512 0 24502460759026
989808 512 0 24502461037667
990320 512 0 24502461316307
990832 512 0 24502461594948
991344 512 0 24502461873588
991856 512 0 24502462152230
992368 512 0 24502462430870
992880 512 0 24502462709511
993392 512 0 24502462988151
993904 512 0 24502463266792
994416 512 0 24502463545432
994928 512 0 24502463824073
995440 512 0 24502464102713
995952 512 0 24502464381354
996464 512 0 24502464659994
996976 512 0 24502464938635
997488 512 0 24502465217275
998000 512 0 24502465495916
998512 512 0 24502465774557
999024 512 0 24502466053197
999536 512 0 24502466331838
1000048 512 0 24502466610478
1000560 512 0 24502466889118
1001072 512 0 24502467167759
1001584 512 0 24502467446399
1002096 512 0 24502467725040
1002608 512 0 24502468003680
1003120 512 0 24502468282321
1003632 512 0 24502468560961
1004144 512 0 24502468839602
1004656 512 0 24502469118242
1005168 512 0 24502469396883
1005680 512 0 24502469675523
1006192 512 0 24502469954164
1006704 512 0 24502470232804
1007216 512 0 24502470511445
1007728 512 0 24502470790085
1008240 512 0 24502471068727
1008752 512 0 24502471347367
1009264 512 0 24502471626008
1009776 512 0 24502471904648
1010288 512 0 24502472183289
1010800 512 0 24502472461929
1011312 512 0 24502472740570
1011824 512 0 24502473019210
1012336 512 0 24502473297851
1012848 512 0 24502473576491
1013360 512 0 24502473855132
1013872 512 0 24502474133772
1014384 512 0 24502474412413
1014896 512 0 24502474691054
1015408 512 0 24502474969694
1015920 512 0 24502475248335
1016432 512 0 24502475526975
1016944 512 0 24502475805615
1017456 512 0 24502476084256
1017968 512 0 24502476362896
1018480 512 0 24502476641537
1018992 512 0 24502476920177
1019504 512 0 24502477198818
1020016 512 0 24502477477458
1020528 512 0 24502477756099
1021040 512 0 24502478034739
1021552 512 0 24502478313380
1022064 512 0 24502478592020
1022576 512 0 24502478870661
1023088 512 0 24502479149301
1023600 512 0 24502479427942
1024112 512 0 24502479706583
1024624 512 0 24502479985225
1025136 512 0 24502480263865
1025648 512 0 24502480542506
1026160 512 0 24502480821146
1026672 512 0 24502481099787
1027184 512 0 24502481378427
1027696 512 0 24502481657068
1028208 512 0 24502481935709
1028720 512 0 24502482214349
1029232 512 0 24502482492990
1029744 512 0 24502482771630
1030256 512 0 24502483050271
1030768 512 0 24502483328911
1031280 512 0 24502483607552
1031792 512 0 24502483886192
1032304 512 0 24502484164833
1032816 512 0 24502484443473
1033328 512 0 24502484722113
1033840 512 0 24502485000754
1034352 512 0 24502485279394
1034864 512 0 24502485558035
1035376 512 0 24502485836675
1035888 512 0 24502486115316
1036400 512 0 24502486393956
1036912 512 0 24502486672597
1037424 512 0 24502486951237
1037936 512 0 24502487229878
1038448 512 0 24502487508519
1038960 512 0 24502487787159
1039472 512 0 24502488065800
1039984 512 0 24502488344440
1040496 512 0 24502488623081
1041008 512 0 24502488901723
1041520 512 0 24502489180363
1042032 512 0 24502489459004
1042544 512 0 24502489737644
1043056 512 0 24502490016285
1043568 512 0 24502490294926
1044080 512 0 24502490573566
1044592 512 0 24502490852207
1045104 512 0 24502491130847
1045616 512 0 24502491409488
1046128 512 0 24502491688128
1046640 512 0 24502491966769
1047152 512 0 24502492245409
1047664 512 0 24502492524050
1048176 512 0 24502492802690
1048688 512 0 24502493081331
1049200 512 0 24502493359972
1049712 512 0 24502493638612
1050224 512 0 24502493917253
1050736 512 0 24502494195894
1051248 512 0 24502494474534
1051760 512 0 24502494753175
1052272 512 0 24502495031815
1052784 512 0 24502495310456
1053296 512 0 24502495589096
1053808 512 0 24502495867737
1054320 512 0 24502496146377
1054832 512 0 24502496425018
1055344 512 0 24502496703658
1055856 512 0 24502496982299
1056368 512 0 24502497260940
1056880 512 0 24502497539580
1057392 512 0 24502497818221
1057904 512 0 24502498096861
1058416 512 0 24502498375502
1058928 512 0 24502498654143
1059440 512 0 24502498932783
1059952 512 0 24502499211424
1060464 512 0 24502499490064
1060976 512 0 24502499768705
1061488 512 0 24502500047345
1062000 512 0 24502500325986
1062512 512 0 24502500604626
1063024 512 0 24502500883267
1063536 512 0 24502501161907
1064048 512 0 24502501440548
1064560 512 0 24502501719189
1065072 512 0 24502501997829
1065584 512 0 24502502276470
1066096 512 0 24502502555110
1066608 512 0 24502502833751
1067120 512 0 24502503112392
1067632 512 0 24502503391032
1068144 512 0 24502503669673
1068656 512 0 24502503948313
1069168 512 0 24502504226954
1069680 512 0 24502504505594
1070192 512 0 24502504784235
1070704 512 0 24502505062875
1071216 512 0 24502505341516
1071728 512 0 24502505620156
1072240 512 0 24502505898797
1072752 512 0 24502506177438
1073264 512 0 24502506456078
1073776 512 0 24502506734718
1074288 512 0 24502507013358
1074800 512 0 24502507291999
1075312 512 0 24502507570640
1075824 512 0 24502507849280
1076336 512 0 24502508127921
1076848 512 0 24502508406561
1077360 512 0 24502508685202
1077872 512 0 24502508963842
1078384 512 0 24502509242483
1078896 512 0 24502509521123
1079408 512 0 24502509799764
1079920 512 0 24502510078404
1080432 512 0 24502510357045
1080944 512 0 24502510635685
1081456 512 0 24502510914326
1081968 512 0 24502511192967
1082480 512 0 24502511471607
1082992 512 0 24502511750248
1083504 512 0 24502512028889
1084016 512 0 24502512307529
1084528 512 0 24502512586170
1085040 512 0 24502512864810
1085552 512 0 24502513143451
1086064 512 0 24502513422091
1086576 512 0 24502513700732
1087088 512 0 24502513979372
1087600 512 0 24502514258013
1088112 512 0 24502514536653
1088624 512 0 24502514815294
1089136 512 0 24502515093935
1089648 512 0 24502515372575
1090160 512 0 24502515651217
1090672 512 0 24502515929858
1091184 512 0 24502516208498
1091696 512 0 24502516487139
1092208 512 0 24502516765779
1092720 512 0 24502517044420
1093232 512 0 24502517323060
1093744 512 0 24502517601701
1094256 512 0 24502517880341
1094768 512 0 24502518158982
1095280 512 0 24502518437622
1095792 512 0 24502518716263
1096304 512 0 24502518994904
1096816 512 0 24502519273544
1097328 512 0 24502519552185
1097840 512 0 24502519830825
1098352 512 0 24502520109465
1098864 512 0 24502520388105
1099376 512 0 24502520666746
1099888 512 0 24502520945387
1100400 512 0 24502521224027
1100912 512 0 24502521502668
1101424 512 0 24502521781308
1101936 512 0 24502522059949
1102448 512 0 24502522338589
1102960 512 0 24502522617230
1103472 512 0 24502522895870
1103984 512 0 24502523174511
1104496 512 0 24502523453151
1105008 512 0 24502523731792
1105520 512 0 24502524010433
1106032 512 0 24502524289073
1106544 512 0 24502524567715
1107056 512 0 24502524846356
1107568 512 0 24502525124996
1108080 512 0 24502525403637
1108592 512 0 24502525682277
1109104 512 0 24502525960918
1109616 512 0 24502526239558
1110128 512 0 24502526518199
1110640 512 0 24502526796839
1111152 512 0 24502527075480
1111664 512 0 24502527354120
1112176 512 0 24502527632761
1112688 512 0 24502527911402
1113200 512 0 24502528190042
1113712 512 0 24502528468683
1114224 512 0 24502528747323
1114736 512 0 24502529025963
1115248 512 0 24502529304603
1115760 512 0 24502529583244
1116272 512 0 24502529861885
1116784 512 0 24502530140525
1117296 512 0 24502530419166
1117808 512 0 24502530697806
1118320 512 0 24502530976447
1118832 512 0 24502531255087
1119344 512 0 24502531533728
1119856 512 0 24502531812368
1120368 512 0 24502532091009
1120880 512 0 24502532369650
1121392 512 0 24502532648290
1121904 512 0 24502532926931
1122416 512 0 24502533205571
1122928 512 0 24502533484213
1123440 512 0 24502533762854
1123952 512 0 24502534041494
1124464 512 0 24502534320135
1124976 512 0 24502534598775
1125488 512 0 24502534877416
1126000 512 0 24502535156056
1126512 512 0 24502535434697
1127024 512 0 24502535713337
1127536 512 0 24502535991978
1128048 512 0 24502536270619
1128560 512 0 24502536549259
1129072 512 0 24502536827900
1129584 512 0 24502537106540
1130096 512 0 24502537385181
1130608 512 0 24502537663821
1131120 512 0 24502537942462
1131632 512 0 24502538221103
1132144 512 0 24502538499743
1132656 512 0 24502538778384
1133168 512 0 24502539057024
1133680 512 0 24502539335665
1134192 512 0 24502539614305
1134704 512 0 24502539892946
1135216 512 0 24502540171586
1135728 512 0 24502540450227
1136240 512 0 24502540728868
1136752 512 0 24502541007508
1137264 512 0 24502541286149
1137776 512 0 24502541564789
1138288 512 0 24502541843430
1138800 512 0 24502542122070
1139312 512 0 24502542400711
1139824 512 0 24502542679352
1140336 512 0 24502542957992
1140848 512 0 24502543236633
1141360 512 0 24502543515273
1141872 512 0 24502543793914
1142384 512 0 24502544072554
1142896 512 0 24502544351195
1143408 512 0 24502544629835
1143920 512 0 24502544908476
1144432 512 0 24502545187117
1144944 512 0 24502545465757
1145456 512 0 24502545744398
1145968 512 0 24502546023038
1146480 512 0 24502546301679
1146992 512 0 24502546580319
1147504 512 0 24502546858959
1148016 512 0 24502547137600
1148528 512 0 24502547416240
1149040 512 0 24502547694881
1149552 512 0 24502547973521
1150064 512 0 24502548252162
1150576 512 0 24502548530802
1151088 512 0 24502548809443
1151600 512 0 24502549088083
1152112 512 0 24502549366724
1152624 512 0 24502549645364
1153136 512 0 24502549924005
1153648 512 0 24502550202646
1154160 512 0 24502550481286
1154672 512 0 24502550759927
1155184 512 0 24502551038567
1155696 512 0 24502551317209
1156208 512 0 24502551595850
1156720 512 0 24502551874490
1157232 512 0 24502552153131
1157744 512 0 24502552431771
1158256 512 0 24502552710412
1158768 512 0 24502552989052
1159280 512 0 24502553267693
1159792 512 0 24502553546333
1160304 512 0 24502553824974
1160816 512 0 24502554103615
1161328 512 0 24502554382255
1161840 512 0 24502554660896
1162352 512 0 24502554939536
1162864 512 0 24502555218177
1163376 512 0 24502555496817
1163888 512 0 24502555775458
1164400 512 0 24502556054099
1164912 512 0 24502556332739
1165424 512 0 24502556611380
1165936 512 0 24502556890020
1166448 512 0 24502557168661
1166960 512 0 24502557447301
1167472 512 0 24502557725942
1167984 512 0 24502558004582
1168496 512 0 24502558283223
1169008 512 0 24502558561864
1169520 512 0 24502558840504
1170032 512 0 24502559119145
1170544 512 0 24502559397785
1171056 512 0 24502559676426
1171568 512 0 24502559955066
1172080 512 0 24502560233706
1172592 512 0 24502560512347
1173104 512 0 24502560790987
1173616 512 0 24502561069628
1174128 512 0 24502561348268
1174640 512 0 24502561626909
1175152 512 0 24502561905549
1175664 512 0 24502562184190
1176176 512 0 24502562462830
1176688 512 0 24502562741471
1177200 512 0 24502563020112
1177712 512 0 24502563298752
1178224 512 0 24502563577393
1178736 512 0 24502563856033
1179248 512 0 24502564134674
1179760 512 0 24502564413314
1180272 512 0 24502564691954
1180784 512 0 24502564970595
1181296 512 0 24502565249235
1181808 512 0 24502565527876
1182320 512 0 24502565806516
1182832 512 0 24502566085157
1183344 512 0 24502566363797
1183856 512 0 24502566642438
1184368 512 0 24502566921078
1184880 512 0 24502567199719
1185392 512 0 24502567478359
1185904 512 0 24502567757000
1186416 512 0 24502568035641
1186928 512 0 24502568314281
1187440 512 0 24502568592922
1187952 512 0 24502568871562
1188464 512 0 24502569150202
1188976 512 0 24502569428842
1189488 512 0 24502569707483
1190000 512 0 24502569986124
1190512 512 0 24502570264764
1191024 512 0 24502570543405
1191536 512 0 24502570822045
1192048 512 0 24502571100686
1192560 512 0 24502571379326
1193072 512 0 24502571657967
1193584 512 0 24502571936607
1194096 512 0 24502572215248
1194608 512 0 24502572493888
1195120 512 0 24502572772529
1195632 512 0 24502573051170
1196144 512 0 24502573329810
1196656 512 0 24502573608453
1197168 512 0 24502573887094
1197680 512 0 24502574165734
1198192 512 0 24502574444375
1198704 512 0 24502574723015
1199216 512 0 24502575001656
1199728 512 0 24502575280296
1200240 512 0 24502575558937
1200752 512 0 24502575837577
1201264 512 0 24502576116218
1201776 512 0 24502576394859
1202288 512 0 24502576673499
1202800 512 0 24502576952140
1203312 512 0 24502577230780
1203824 512 0 24502577509421
1204336 512 0 24502577788061
1204848 512 0 24502578066701
1205360 512 0 24502578345342
1205872 512 0 24502578623982
1206384 512 0 24502578902623
1206896 512 0 24502579181263
1207408 512 0 24502579459904
1207920 512 0 24502579738544
1208432 512 0 24502580017185
1208944 512 0 24502580295825
1209456 512 0 24502580574466
1209968 512 0 24502580853107
1210480 512 0 24502581131747
1210992 512 0 24502581410388
1211504 512 0 24502581689028
1212016 512 0 24502581967669
1212528 512 0 24502582246309
1213040 512 0 24502582524950
1213552 512 0 24502582803591
1214064 512 0 24502583082231
1214576 512 0 24502583360872
1215088 512 0 24502583639512
1215600 512 0 24502583918153
1216112 512 0 24502584196793
1216624 512 0 24502584475434
1217136 512 0 24502584754074
1217648 512 0 24502585032715
1218160 512 0 24502585311356
1218672 512 0 24502585589996
1219184 512 0 24502585868637
1219696 512 0 24502586147277
1220208 512 0 24502586425918
1220720 512 0 24502586704558
1221232 512 0 24502586983198
1221744 512 0 24502587261839
1222256 512 0 24502587540479
1222768 512 0 24502587819120
1223280 512 0 24502588097760
1223792 512 0 24502588376401
1224304 512 0 24502588655041
1224816 512 0 24502588933682
1225328 512 0 24502589212322
1225840 512 0 24502589490963
1226352 512 0 24502589769603
1226864 512 0 24502590048244
1227376 512 0 24502590326885
1227888 512 0 24502590605525
1228400 512 0 24502590884166
1228912 512 0 24502591162806
1229424 512 0 24502591441448
1229936 512 0 24502591720089
1230448 512 0 24502591998729
1230960 512 0 24502592277370
1231472 512 0 24502592556010
1231984 512 0 24502592834651
1232496 512 0 24502593113291
1233008 512 0 24502593391932
1233520 512 0 24502593670572
1234032 512 0 24502593949213
1234544 512 0 24502594227854
1235056 512 0 24502594506494
1235568 512 0 24502594785135
1236080 512 0 24502595063775
1236592 512 0 24502595342416
1237104 512 0 24502595621056
1237616 512 0 24502595899696
1238128 512 0 24502596178337
1238640 512 0 24502596456977
1239152 512 0 24502596735618
1239664 512 0 24502597014258
1240176 512 0 24502597292899
1240688 512 0 24502597571539
1241200 512 0 24502597850180
1241712 512 0 24502598128820
1242224 512 0 24502598407461
1242736 512 0 24502598686101
1243248 512 0 24502598964742
1243760 512 0 24502599243383
1244272 512 0 24502599522023
1244784 512 0 24502599800664
1245296 512 0 24502600079304
1245808 512 0 24502600357946
1246320 512 0 24502600636587
1246832 512 0 24502600915227
1247344 512 0 24502601193868
1247856 512 0 24502601472508
1248368 512 0 24502601751149
1248880 512 0 24502602029789
1249392 512 0 24502602308430
1249904 512 0 24502602587070
1250416 512 0 24502602865711
1250928 512 0 24502603144352
1251440 512 0 24502603422992
1251952 512 0 24502603701633
1252464 512 0 24502603980273
1252976 512 0 24502604258914
1253488 512 0 24502604537554
1254000 512 0 24502604816195
1254512 512 0 24502605094836
1255024 512 0 24502605373476
1255536 512 0 24502605652117
1256048 512 0 24502605930757
1256560 512 0 24502606209398
1257072 512 0 24502606488038
1257584 512 0 24502606766679
1258096 512 0 24502607045319
1258608 512 0 24502607323960
1259120 512 0 24502607602601
1259632 512 0 24502607881241
1260144 512 0 24502608159882
1260656 512 0 24502608438522
1261168 512 0 24502608717163
1261680 512 0 24502608995803
1262192 512 0 24502609274443
1262704 512 0 24502609553084
1263216 512 0 24502609831724
1263728 512 0 24502610110365
1264240 512 0 24502610389005
1264752 512 0 24502610667646
1265264 512 0 24502610946286
1265776 512 0 24502611224927
1266288 512 0 24502611503567
1266800 512 0 24502611782208
1267312 512 0 24502612060849
1267824 512 0 24502612339489
1268336 512 0 24502612618130
1268848 512 0 24502612896770
1269360 512 0 24502613175411
1269872 512 0 24502613454051
1270384 512 0 24502613732693
1270896 512 0 24502614011334
1271408 512 0 24502614289974
1271920 512 0 24502614568615
1272432 512 0 24502614847255
1272944 512 0 24502615125896
1273456 512 0 24502615404536
1273968 512 0 24502615683177
1274480 512 0 24502615961818
1274992 512 0 24502616240458
1275504 512 0 24502616519099
1276016 512 0 24502616797739
1276528 512 0 24502617076380
1277040 512 0 24502617355020
1277552 512 0 24502617633661
1278064 512 0 24502617912301
1278576 512 0 24502618190942
1279088 512 0 24502618469583
1279600 512 0 24502618748223
1280112 512 0 24502619026864
1280624 512 0 24502619305504
1281136 512 0 24502619584145
1281648 512 0 24502619862785
1282160 512 0 24502620141426
1282672 512 0 24502620420067
1283184 512 0 24502620698707
1283696 512 0 24502620977348
1284208 512 0 24502621255988
1284720 512 0 24502621534629
1285232 512 0 24502621813269
1285744 512 0 24502622091910
1286256 512 0 24502622370550
1286768 512 0 24502622649193
1287280 512 0 24502622927834
1287792 512 0 24502623206474
1288304 512 0 24502623485115
1288816 512 0 24502623763755
1289328 512 0 24502624042396
1289840 512 0 24502624321037
1290352 512 0 24502624599677
1290864 512 0 24502624878318
1291376 512 0 24502625156958
1291888 512 0 24502625435599
1292400 512 0 24502625714239
1292912 512 0 24502625992880
1293424 512 0 24502626271520
1293936 512 0 24502626550161
1294448 512 0 24502626828802
1294960 512 0 24502627107442
1295472 512 0 24502627386083
1295984 512 0 24502627664723
1296496 512 0 24502627943364
1297008 512 0 24502628222004
1297520 512 0 24502628500645
1298032 512 0 24502628779286
1298544 512 0 24502629057926
1299056 512 0 24502629336567
1299568 512 0 24502629615207
1300080 512 0 24502629893848
1300592 512 0 24502630172488
1301104 512 0 24502630451129
1301616 512 0 24502630729769
1302128 512 0 24502631008410
1302640 512 0 24502631287051
1303152 512 0 24502631565690
1303664 512 0 24502631844331
1304176 512 0 24502632122971
1304688 512 0 24502632401612
1305200 512 0 24502632680252
1305712 512 0 24502632958893
1306224 512 0 24502633237533
1306736 512 0 24502633516174
1307248 512 0 24502633794815
1307760 512 0 24502634073455
1308272 512 0 24502634352096
1308784 512 0 24502634630736
1309296 512 0 24502634909377
1309808 512 0 24502635188017
1310320 512 0 24502635466658
1310832 512 0 24502635745299
1311344 512 0 24502636023939
1311856 512 0 24502636302580
1312368 512 0 24502636581220
1312880 512 0 24502636859861
1313392 512 0 24502637138501
1313904 512 0 24502637417142
1314416 512 0 24502637695782
1314928 512 0 24502637974423
1315440 512 0 24502638253064
1315952 512 0 24502638531704
1316464 512 0 24502638810345
1316976 512 0 24502639088985
1317488 512 0 24502639367626
1318000 512 0 24502639646266
1318512 512 0 24502639924907
1319024 512 0 24502640203548
1319536 512 0 24502640482187
1320048 512 0 24502640760828
1320560 512 0 24502641039468
1321072 512 0 24502641318109
1321584 512 0 24502641596749
1322096 512 0 24502641875390
1322608 512 0 24502642154030
1323120 512 0 24502642432671
1323632 512 0 24502642711312
1324144 512 0 24502642989952
1324656 512 0 24502643268593
1325168 512 0 24502643547233
1325680 512 0 24502643825874
1326192 512 0 24502644104514
1326704 512 0 24502644383155
1327216 512 0 24502644661795
1327728 512 0 24502644940435
1328240 512 0 24502645219076
1328752 512 0 24502645497716
1329264 512 0 24502645776357
1329776 512 0 24502646054997
1330288 512 0 24502646333638
1330800 512 0 24502646612278
1331312 512 0 24502646890919
1331824 512 0 24502647169559
1332336 512 0 24502647448200
1332848 512 0 24502647726841
1333360 512 0 24502648005481
1333872 512 0 24502648284122
1334384 512 0 24502648562762
1334896 512 0 24502648841403
1335408 512 0 24502649120043
1335920 512 0 24502649398684
1336432 512 0 24502649677325
1336944 512 0 24502649955965
1337456 512 0 24502650234606
1337968 512 0 24502650513246
1338480 512 0 24502650791887
1338992 512 0 24502651070527
1339504 512 0 24502651349168
1340016 512 0 24502651627808
1340528 512 0 24502651906449
1341040 512 0 24502652185090
1341552 512 0 24502652463730
1342064 512 0 24502652742371
1342576 512 0 24502653021011
1343088 512 0 24502653299652
1343600 512 0 24502653578292
1344112 512 0 24502653856933
1344624 512 0 24502654135574
1345136 512 0 24502654414214
1345648 512 0 24502654692855
1346160 512 0 24502654971495
1346672 512 0 24502655250136
1347184 512 0 24502655528776
1347696 512 0 24502655807417
1348208 512 0 24502656086057
1348720 512 0 24502656364698
1349232 512 0 24502656643339
1349744 512 0 24502656921979
1350256 512 0 24502657200620
1350768 512 0 24502657479260
1351280 512 0 24502657757901
1351792 512 0 24502658036541
1352304 512 0 24502658315182
1352816 512 0 24502658593823
1353328 512 0 24502658872463
1353840 512 0 24502659151104
1354352 512 0 24502659429744
1354864 512 0 24502659708385
1355376 512 0 24502659987025
1355888 512 0 24502660265666
1356400 512 0 24502660544306
1356912 512 0 24502660822947
1357424 512 0 24502661101588
1357936 512 0 24502661380228
1358448 512 0 24502661658869
1358960 512 0 24502661937509
1359472 512 0 24502662216150
1359984 512 0 24502662494790
1360496 512 0 24502662773434
1361008 512 0 24502663052075
1361520 512 0 24502663330715
1362032 512 0 24502663609356
1362544 512 0 24502663887996
1363056 512 0 24502664166637
1363568 512 0 24502664445278
1364080 512 0 24502664723918
1364592 512 0 24502665002559
1365104 512 0 24502665281199
1365616 512 0 24502665559840
1366128 512 0 24502665838480
1366640 512 0 24502666117121
1367152 512 0 24502666395762
1367664 512 0 24502666674402
1368176 512 0 24502666953043
1368688 512 0 24502667231684
1369200 512 0 24502667510325
1369712 512 0 24502667788965
1370224 512 0 24502668067606
1370736 512 0 24502668346247
1371248 512 0 24502668624887
1371760 512 0 24502668903528
1372272 512 0 24502669182168
1372784 512 0 24502669460809
1373296 512 0 24502669739449
1373808 512 0 24502670018090
1374320 512 0 24502670296731
1374832 512 0 24502670575371
1375344 512 0 24502670854012
1375856 512 0 24502671132652
1376368 512 0 24502671411293
1376880 512 0 24502671689934
1377392 512 0 24502671968575
1377904 512 0 24502672247215
1378416 512 0 24502672525856
1378928 512 0 24502672804497
1379440 512 0 24502673083137
1379952 512 0 24502673361778
1380464 512 0 24502673640418
1380976 512 0 24502673919059
1381488 512 0 24502674197699
1382000 512 0 24502674476340
1382512 512 0 24502674754981
1383024 512 0 24502675033621
1383536 512 0 24502675312262
1384048 512 0 24502675590902
1384560 512 0 24502675869543
1385072 512 0 24502676148182
1385584 512 0 24502676426823
1386096 512 0 24502676705463
1386608 512 0 24502676984104
1387120 512 0 24502677262745
1387632 512 0 24502677541385
1388144 512 0 24502677820026
1388656 512 0 24502678098666
1389168 512 0 24502678377307
1389680 512 0 24502678655947
1390192 512 0 24502678934588
1390704 512 0 24502679213228
1391216 512 0 24502679491869
1391728 512 0 24502679770510
1392240 512 0 24502680049150
1392752 512 0 24502680327791
1393264 512 0 24502680606430
1393776 512 0 24502680885071
1394288 512 0 24502681163711
1394800 512 0 24502681442352
1395312 512 0 24502681720992
1395824 512 0 24502681999633
1396336 512 0 24502682278274
1396848 512 0 24502682556914
1397360 512 0 24502682835555
1397872 512 0 24502683114195
1398384 512 0 24502683392836
1398896 512 0 24502683671476
1399408 512 0 24502683950117
1399920 512 0 24502684228758
1400432 512 0 24502684507398
1400944 512 0 24502684786039
1401456 512 0 24502685064679
1401968 512 0 24502685343320
1402480 512 0 24502685621960
1402992 512 0 24502685900601
1403504 512 0 24502686179241
1404016 512 0 24502686457882
1404528 512 0 24502686736523
1405040 512 0 24502687015163
1405552 512 0 24502687293804
1406064 512 0 24502687572444
1406576 512 0 24502687851085
1407088 512 0 24502688129725
1407600 512 0 24502688408366
1408112 512 0 24502688687007
1408624 512 0 24502688965647
1409136 512 0 24502689244288
1409648 512 0 24502689522928
1410160 512 0 24502689801569
1410672 512 0 24502690080209
1411184 512 0 24502690358850
1411696 512 0 24502690637490
1412208 512 0 24502690916131
1412720 512 0 24502691194772
1413232 512 0 24502691473412
1413744 512 0 24502691752053
1414256 512 0 24502692030693
1414768 512 0 24502692309334
1415280 512 0 24502692587974
1415792 512 0 24502692866615
1416304 512 0 24502693145256
1416816 512 0 24502693423896
1417328 512 0 24502693702537
1417840 512 0 24502693981176
1418352 512 0 24502694259817
1418864 512 0 24502694538457
1419376 512 0 24502694817098
1419888 512 0 24502695095738
1420400 512 0 24502695374379
1420912 512 0 24502695653020
1421424 512 0 24502695931660
1421936 512 0 24502696210301
1422448 512 0 24502696488941
1422960 512 0 24502696767582
1423472 512 0 24502697046222
1423984 512 0 24502697324863
1424496 512 0 24502697603503
1425008 512 0 24502697882144
1425520 512 0 24502698160785
1426032 512 0 24502698439427
1426544 512 0 24502698718068
1427056 512 0 24502698996708
1427568 512 0 24502699275349
1428080 512 0 24502699553990
1428592 512 0 24502699832630
1429104 512 0 24502700111271
1429616 512 0 24502700389911
1430128 512 0 24502700668552
1430640 512 0 24502700947192
1431152 512 0 24502701225833
1431664 512 0 24502701504473
1432176 512 0 24502701783114
1432688 512 0 24502702061755
1433200 512 0 24502702340395
1433712 512 0 24502702619036
1434224 512 0 24502702897679
1434736 512 0 24502703176320
1435248 512 0 24502703454961
1435760 512 0 24502703733601
1436272 512 0 24502704012242
1436784 512 0 24502704290882
1437296 512 0 24502704569523
1437808 512 0 24502704848163
1438320 512 0 24502705126804
1438832 512 0 24502705405445
1439344 512 0 24502705684085
1439856 512 0 24502705962726
1440368 512 0 24502706241366
1440880 512 0 24502706520007
1441392 512 0 24502706798647
1441904 512 0 24502707077288
1442416 512 0 24502707355928
1442928 512 0 24502707634569
1443440 512 0 24502707913210
1443952 512 0 24502708191850
1444464 512 0 24502708470491
1444976 512 0 24502708749131
1445488 512 0 24502709027772
1446000 512 0 24502709306412
1446512 512 0 24502709585053
1447024 512 0 24502709863694
1447536 512 0 24502710142334
1448048 512 0 24502710420975
1448560 512 0 24502710699615
1449072 512 0 24502710978256
1449584 512 0 24502711256896
1450096 512 0 24502711535537
1450608 512 0 24502711814177
1451120 512 0 24502712092818
1451632 512 0 24502712371459
1452144 512 0 24502712650099
1452656 512 0 24502712928740
1453168 512 0 24502713207380
1453680 512 0 24502713486021
1454192 512 0 24502713764661
1454704 512 0 24502714043302
1455216 512 0 24502714321943
1455728 512 0 24502714600583
1456240 512 0 24502714879224
1456752 512 0 24502715157864
1457264 512 0 24502715436505
1457776 512 0 24502715715145
1458288 512 0 24502715993786
1458800 512 0 24502716272426
1459312 512 0 24502716551067
1459824 512 0 24502716829708
1460336 512 0 24502717108348
1460848 512 0 24502717386989
1461360 512 0 24502717665629
1461872 512 0 24502717944270
1462384 512 0 24502718222910
1462896 512 0 24502718501551
1463408 512 0 24502718780192
1463920 512 0 24502719058832
1464432 512 0 24502719337473
1464944 512 0 24502719616113
1465456 512 0 24502719894754
1465968 512 0 24502720173394
1466480 512 0 24502720452035
1466992 512 0 24502720730676
1467504 512 0 24502721009317
1468016 512 0 24502721287958
1468528 512 0 24502721566598
1469040 512 0 24502721845239
1469552 512 0 24502722123879
1470064 512 0 24502722402520
1470576 512 0 24502722681160
1471088 512 0 24502722959801
1471600 512 0 24502723238442
1472112 512 0 24502723517082
1472624 512 0 24502723795723
1473136 512 0 24502724074363
1473648 512 0 24502724353004
1474160 512 0 24502724631644
1474672 512 0 24502724910285
1475184 512 0 24502725188930
1475696 512 0 24502725467570
1476208 512 0 24502725746211
1476720 512 0 24502726024851
1477232 512 0 24502726303492
1477744 512 0 24502726582133
1478256 512 0 24502726860773
1478768 512 0 24502727139414
1479280 512 0 24502727418054
1479792 512 0 24502727696695
1480304 512 0 24502727975336
1480816 512 0 24502728253976
1481328 512 0 24502728532617
1481840 512 0 24502728811257
1482352 512 0 24502729089898
1482864 512 0 24502729368538
1483376 512 0 24502729647178
1483888 512 0 24502729925818
1484400 512 0 24502730204459
1484912 512 0 24502730483099
1485424 512 0 24502730761740
1485936 512 0 24502731040380
1486448 512 0 24502731319021
1486960 512 0 24502731597662
1487472 512 0 24502731876302
1487984 512 0 24502732154943
1488496 512 0 24502732433583
1489008 512 0 24502732712224
1489520 512 0 24502732990865
1490032 512 0 24502733269505
1490544 512 0 24502733548146
1491056 512 0 24502733826786
1491568 512 0 24502734105428
1492080 512 0 24502734384068
1492592 512 0 24502734662709
1493104 512 0 24502734941349
1493616 512 0 24502735219990
1494128 512 0 24502735498631
1494640 512 0 24502735777271
1495152 512 0 24502736055912
1495664 512 0 24502736334552
1496176 512 0 24502736613193
1496688 512 0 24502736891833
1497200 512 0 24502737170474
1497712 512 0 24502737449115
1498224 512 0 24502737727755
1498736 512 0 24502738006396
1499248 512 0 24502738285036
1499760 512 0 24502738563677
1500272 512 0 24502738842317
1500784 512 0 24502739120958
1501296 512 0 24502739399598
1501808 512 0 24502739678239
1502320 512 0 24502739956879
1502832 512 0 24502740235520
1503344 512 0 24502740514161
1503856 512 0 24502740792801
1504368 512 0 24502741071442
1504880 512 0 24502741350082
1505392 512 0 24502741628723
1505904 512 0 24502741907364
1506416 512 0 24502742186004
1506928 512 0 24502742464645
1507440 512 0 24502742743285
1507952 512 0 24502743021926
1508464 512 0 24502743300566
1508976 512 0 24502743579207
1509488 512 0 24502743857847
1510000 512 0 24502744136488
1510512 512 0 24502744415128
1511024 512 0 24502744693769
1511536 512 0 24502744972410
1512048 512 0 24502745251050
1512560 512 0 24502745529691
1513072 512 0 24502745808331
1513584 512 0 24502746086972
1514096 512 0 24502746365613
1514608 512 0 24502746644253
1515120 512 0 24502746922894
1515632 512 0 24502747201534
1516144 512 0 24502747480176
1516656 512 0 24502747758816
1517168 512 0 24502748037457
1517680 512 0 24502748316097
1518192 512 0 24502748594738
1518704 512 0 24502748873379
1519216 512 0 24502749152019
1519728 512 0 24502749430660
1520240 512 0 24502749709300
1520752 512 0 24502749987941
1521264 512 0 24502750266581
1521776 512 0 24502750545222
1522288 512 0 24502750823863
1522800 512 0 24502751102503
1523312 512 0 24502751381144
1523824 512 0 24502751659784
1524336 512 0 24502751938425
1524848 512 0 24502752217065
1525360 512 0 24502752495706
1525872 512 0 24502752774346
1526384 512 0 24502753052987
1526896 512 0 24502753331627
1527408 512 0 24502753610268
1527920 512 0 24502753888909
1528432 512 0 24502754167549
1528944 512 0 24502754446190
1529456 512 0 24502754724830
1529968 512 0 24502755003471
1530480 512 0 24502755282112
1530992 512 0 24502755560752
1531504 512 0 24502755839393
1532016 512 0 24502756118033
1532528 512 0 24502756396675
1533040 512 0 24502756675315
1533552 512 0 24502756953956
1534064 512 0 24502757232596
1534576 512 0 24502757511237
1535088 512 0 24502757789878
1535600 512 0 24502758068518
1536112 512 0 24502758347159
1536624 512 0 24502758625799
1537136 512 0 24502758904440
1537648 512 0 24502759183080
1538160 512 0 24502759461721
1538672 512 0 24502759740362
1539184 512 0 24502760019002
1539696 512 0 24502760297643
1540208 512 0 24502760576283
1540720 512 0 24502760854924
1541232 512 0 24502761133564
1541744 512 0 24502761412205
1542256 512 0 24502761690845
1542768 512 0 24502761969486
1543280 512 0 24502762248127
1543792 512 0 24502762526767
1544304 512 0 24502762805408
1544816 512 0 24502763084048
1545328 512 0 24502763362689
1545840 512 0 24502763641329
1546352 512 0 24502763919970
1546864 512 0 24502764198611
1547376 512 0 24502764477251
1547888 512 0 24502764755892
1548400 512 0 24502765034532
1548912 512 0 24502765313175
1549424 512 0 24502765591815
1549936 512 0 24502765870456
1550448 512 0 24502766149096
1550960 512 0 24502766427737
1551472 512 0 24502766706378
1551984 512 0 24502766985018
1552496 512 0 24502767263659
1553008 512 0 24502767542299
1553520 512 0 24502767820940
1554032 512 0 24502768099581
1554544 512 0 24502768378221
1555056 512 0 24502768656862
1555568 512 0 24502768935502
1556080 512 0 24502769214143
1556592 512 0 24502769492784
1557104 512 0 24502769771424
1557616 512 0 24502770050064
1558128 512 0 24502770328705
1558640 512 0 24502770607345
1559152 512 0 24502770885986
1559664 512 0 24502771164627
1560176 512 0 24502771443267
1560688 512 0 24502771721908
1561200 512 0 24502772000548
1561712 512 0 24502772279189
1562224 512 0 24502772557830
1562736 512 0 24502772836470
1563248 512 0 24502773115111
1563760 512 0 24502773393751
1564272 512 0 24502773672392
1564784 512 0 24502773951032
1565296 512 0 24502774229674
1565808 512 0 24502774508314
1566320 512 0 24502774786955
1566832 512 0 24502775065595
1567344 512 0 24502775344236
1567856 512 0 24502775622877
1568368 512 0 24502775901517
1568880 512 0 24502776180158
1569392 512 0 24502776458798
1569904 512 0 24502776737439
1570416 512 0 24502777016080
1570928 512 0 24502777294720
1571440 512 0 24502777573361
1571952 512 0 24502777852001
1572464 512 0 24502778130642
1572976 512 0 24502778409283
1573488 512 0 24502778687922
1574000 512 0 24502778966562
1574512 512 0 24502779245203
1575024 512 0 24502779523843
1575536 512 0 24502779802484
1576048 512 0 24502780081125
1576560 512 0 24502780359765
1577072 512 0 24502780638406
1577584 512 0 24502780917046
1578096 512 0 24502781195687
1578608 512 0 24502781474327
1579120 512 0 24502781752968
1579632 512 0 24502782031609
1580144 512 0 24502782310249
1580656 512 0 24502782588890
1581168 512 0 24502782867530
1581680 512 0 24502783146171
1582192 512 0 24502783424811
1582704 512 0 24502783703452
1583216 512 0 24502783982092
1583728 512 0 24502784260733
1584240 512 0 24502784539374
1584752 512 0 24502784818014
1585264 512 0 24502785096655
1585776 512 0 24502785375295
1586288 512 0 24502785653936
1586800 512 0 24502785932576
1587312 512 0 24502786211217
1587824 512 0 24502786489858
1588336 512 0 24502786768498
1588848 512 0 24502787047139
1589360 512 0 24502787325779
1589872 512 0 24502787604420
1590384 512 0 24502787883060
1590896 512 0 24502788161701
1591408 512 0 24502788440341
1591920 512 0 24502788718982
1592432 512 0 24502788997622
1592944 512 0 24502789276263
1593456 512 0 24502789554904
1593968 512 0 24502789833544
1594480 512 0 24502790112185
1594992 512 0 24502790390825
1595504 512 0 24502790669466
1596016 512 0 24502790948107
1596528 512 0 24502791226747
1597040 512 0 24502791505388
1597552 512 0 24502791784028
1598064 512 0 24502792062669
1598576 512 0 24502792341309
1599088 512 0 24502792619950
1599600 512 0 24502792898590
1600112 512 0 24502793177231
1600624 512 0 24502793455871
1601136 512 0 24502793734512
1601648 512 0 24502794013153
1602160 512 0 24502794291793
1602672 512 0 24502794570434
1603184 512 0 24502794849074
1603696 512 0 24502795127715
1604208 512 0 24502795406356
1604720 512 0 24502795684996
1605232 512 0 24502795963637
1605744 512 0 24502796242277
1606256 512 0 24502796520920
1606768 512 0 24502796799560
1607280 512 0 24502797078201
1607792 512 0 24502797356841
1608304 512 0 24502797635482
1608816 512 0 24502797914123
1609328 512 0 24502798192763
1609840 512 0 24502798471404
1610352 512 0 24502798750044
1610864 512 0 24502799028685
1611376 512 0 24502799307326
1611888 512 0 24502799585966
1612400 512 0 24502799864607
1612912 512 0 24502800143247
1613424 512 0 24502800421888
1613936 512 0 24502800700528
1614448 512 0 24502800979171
1614960 512 0 24502801257811
1615472 512 0 24502801536452
1615984 512 0 24502801815092
1616496 512 0 24502802093733
1617008 512 0 24502802372374
1617520 512 0 24502802651014
1618032 512 0 24502802929655
1618544 512 0 24502803208295
1619056 512 0 24502803486936
1619568 512 0 24502803765577
1620080 512 0 24502804044217
1620592 512 0 24502804322858
1621104 512 0 24502804601498
1621616 512 0 24502804880139
1622128 512 0 24502805158780
1622640 512 0 24502805437420
1623152 512 0 24502805716060
1623664 512 0 24502805994701
1624176 512 0 24502806273341
1624688 512 0 24502806551982
1625200 512 0 24502806830623
1625712 512 0 24502807109263
1626224 512 0 24502807387904
1626736 512 0 24502807666544
1627248 512 0 24502807945185
1627760 512 0 24502808223826
1628272 512 0 24502808502466
1628784 512 0 24502808781107
1629296 512 0 24502809059747
1629808 512 0 24502809338388
1630320 512 0 24502809617029
1630832 512 0 24502809895672
1631344 512 0 24502810174312
1631856 512 0 24502810452953
1632368 512 0 24502810731594
1632880 512 0 24502811010234
1633392 512 0 24502811288875
1633904 512 0 24502811567515
1634416 512 0 24502811846156
1634928 512 0 24502812124797
1635440 512 0 24502812403437
1635952 512 0 24502812682078
1636464 512 0 24502812960718
1636976 512 0 24502813239359
1637488 512 0 24502813518000
1638000 512 0 24502813796640
1638512 512 0 24502814075281
1639024 512 0 24502814353923
1639536 512 0 24502814632564
1640048 512 0 24502814911204
1640560 512 0 24502815189845
1641072 512 0 24502815468485
1641584 512 0 24502815747126
1642096 512 0 24502816025767
1642608 512 0 24502816304407
1643120 512 0 24502816583048
1643632 512 0 24502816861688
1644144 512 0 24502817140329
1644656 512 0 24502817418970
1645168 512 0 24502817697610
1645680 512 0 24502817976251
1646192 512 0 24502818254891
1646704 512 0 24502818533532
1647216 512 0 24502818812172
1647728 512 0 24502819090812
1648240 512 0 24502819369453
1648752 512 0 24502819648094
1649264 512 0 24502819926734
1649776 512 0 24502820205375
1650288 512 0 24502820484015
1650800 512 0 24502820762656
1651312 512 0 24502821041297
1651824 512 0 24502821319937
1652336 512 0 24502821598578
1652848 512 0 24502821877218
1653360 512 0 24502822155859
1653872 512 0 24502822434500
1654384 512 0 24502822713140
1654896 512 0 24502822991781
1655408 512 0 24502823270423
1655920 512 0 24502823549064
1656432 512 0 24502823827704
1656944 512 0 24502824106345
1657456 512 0 24502824384985
1657968 512 0 24502824663626
1658480 512 0 24502824942267
1658992 512 0 24502825220907
1659504 512 0 24502825499548
1660016 512 0 24502825778188
1660528 512 0 24502826056829
1661040 512 0 24502826335470
1661552 512 0 24502826614110
1662064 512 0 24502826892751
1662576 512 0 24502827171391
1663088 512 0 24502827450032
1663600 512 0 24502827728674
1664112 512 0 24502828007315
1664624 512 0 24502828285955
1665136 512 0 24502828564596
1665648 512 0 24502828843236
1666160 512 0 24502829121877
1666672 512 0 24502829400518
1667184 512 0 24502829679158
1667696 512 0 24502829957799
1668208 512 0 24502830236439
1668720 512 0 24502830515080
1669232 512 0 24502830793721
1669744 512 0 24502831072361
1670256 512 0 24502831351002
1670768 512 0 24502831629643
1671280 512 0 24502831908283
1671792 512 0 24502832186925
1672304 512 0 24502832465566
1672816 512 0 24502832744206
1673328 512 0 24502833022847
1673840 512 0 24502833301488
1674352 512 0 24502833580128
1674864 512 0 24502833858769
1675376 512 0 24502834137409
1675888 512 0 24502834416050
1676400 512 0 24502834694691
1676912 512 0 24502834973331
1677424 512 0 24502835251972
1677936 512 0 24502835530612
1678448 512 0 24502835809253
1678960 512 0 24502836087894
1679472 512 0 24502836366534
1679984 512 0 24502836645175
1680496 512 0 24502836923816
1681008 512 0 24502837202456
1681520 512 0 24502837481097
1682032 512 0 24502837759738
1682544 512 0 24502838038378
1683056 512 0 24502838317019
1683568 512 0 24502838595659
1684080 512 0 24502838874300
1684592 512 0 24502839152941
1685104 512 0 24502839431581
1685616 512 0 24502839710222
1686128 512 0 24502839988862
1686640 512 0 24502840267503
1687152 512 0 24502840546144
1687664 512 0 24502840824784
1688176 512 0 24502841103423
1688688 512 0 24502841382064
1689200 512 0 24502841660704
1689712 512 0 24502841939345
1690224 512 0 24502842217985
1690736 512 0 24502842496626
1691248 512 0 24502842775267
1691760 512 0 24502843053907
1692272 512 0 24502843332548
1692784 512 0 24502843611188
1693296 512 0 24502843889829
1693808 512 0 24502844168470
1694320 512 0 24502844447110
1694832 512 0 24502844725751
1695344 512 0 24502845004392
1695856 512 0 24502845283032
1696368 512 0 24502845561677
1696880 512 0 24502845840318
1697392 512 0 24502846118958
1697904 512 0 24502846397599
1698416 512 0 24502846676240
1698928 512 0 24502846954880
1699440 512 0 24502847233521
1699952 512 0 24502847512162
1700464 512 0 24502847790802
1700976 512 0 24502848069443
1701488 512 0 24502848348083
1702000 512 0 24502848626724
1702512 512 0 24502848905365
1703024 512 0 24502849184005
1703536 512 0 24502849462646
1704048 512 0 24502849741287
1704560 512 0 24502850019929
1705072 512 0 24502850298570
1705584 512 0 24502850577211
1706096 512 0 24502850855851
1706608 512 0 24502851134492
1707120 512 0 24502851413132
1707632 512 0 24502851691773
1708144 512 0 24502851970414
1708656 512 0 24502852249054
1709168 512 0 24502852527695
1709680 512 0 24502852806336
1710192 512 0 24502853084976
1710704 512 0 24502853363617
1711216 512 0 24502853642257
1711728 512 0 24502853920898
1712240 512 0 24502854199539
1712752 512 0 24502854478180
1713264 512 0 24502854756821
1713776 512 0 24502855035462
1714288 512 0 24502855314102
1714800 512 0 24502855592743
1715312 512 0 24502855871384
1715824 512 0 24502856150024
1716336 512 0 24502856428665
1716848 512 0 24502856707305
1717360 512 0 24502856985946
1717872 512 0 24502857264587
1718384 512 0 24502857543227
1718896 512 0 24502857821868
1719408 512 0 24502858100509
1719920 512 0 24502858379149
1720432 512 0 24502858657790
1720944 512 0 24502858936430
1721456 512 0 24502859215071
1721968 512 0 24502859493712
1722480 512 0 24502859772352
1722992 512 0 24502860050993
1723504 512 0 24502860329634
1724016 512 0 24502860608274
1724528 512 0 24502860886915
1725040 512 0 24502861165555
1725552 512 0 24502861444196
1726064 512 0 24502861722837
1726576 512 0 24502862001477
1727088 512 0 24502862280118
1727600 512 0 24502862558759
1728112 512 0 24502862837399
1728624 512 0 24502863116040
1729136 512 0 24502863394680
1729648 512 0 24502863673321
1730160 512 0 24502863951962
1730672 512 0 24502864230602
1731184 512 0 24502864509243
1731696 512 0 24502864787884
1732208 512 0 24502865066524
1732720 512 0 24502865345165
1733232 512 0 24502865623805
1733744 512 0 24502865902446
1734256 512 0 24502866181087
1734768 512 0 24502866459727
1735280 512 0 24502866738368
1735792 512 0 24502867017009
1736304 512 0 24502867295649
1736816 512 0 24502867574290
1737328 512 0 24502867852932
1737840 512 0 24502868131573
1738352 512 0 24502868410214
1738864 512 0 24502868688854
1739376 512 0 24502868967495
1739888 512 0 24502869246136
1740400 512 0 24502869524776
1740912 512 0 24502869803417
1741424 512 0 24502870082058
1741936 512 0 24502870360698
1742448 512 0 24502870639339
1742960 512 0 24502870917979
1743472 512 0 24502871196620
1743984 512 0 24502871475261
1744496 512 0 24502871753901
1745008 512 0 24502872032542
1745520 512 0 24502872311181
1746032 512 0 24502872589822
1746544 512 0 24502872868463
1747056 512 0 24502873147103
1747568 512 0 24502873425744
1748080 512 0 24502873704385
1748592 512 0 24502873983025
1749104 512 0 24502874261666
1749616 512 0 24502874540306
1750128 512 0 24502874818947
1750640 512 0 24502875097588
1751152 512 0 24502875376228
1751664 512 0 24502875654869
1752176 512 0 24502875933510
1752688 512 0 24502876212150
1753200 512 0 24502876490791
1753712 512 0 24502876769430
1754224 512 0 24502877048071
1754736 512 0 24502877326712
1755248 512 0 24502877605352
1755760 512 0 24502877883993
1756272 512 0 24502878162633
1756784 512 0 24502878441274
1757296 512 0 24502878719915
1757808 512 0 24502878998555
1758320 512 0 24502879277196
1758832 512 0 24502879555837
1759344 512 0 24502879834477
1759856 512 0 24502880113118
1760368 512 0 24502880391759
1760880 512 0 24502880670399
1761392 512 0 24502880949040
1761904 512 0 24502881227679
1762416 512 0 24502881506320
