128 512 0 24501918962761
640 512 0 24501919241400
1152 512 0 24501919520040
1664 512 0 24501919798679
2176 512 0 24501920077319
2688 512 0 24501920355958
3200 512 0 24501920634598
3712 512 0 24501920913237
4224 512 0 24501921191877
4736 512 0 24501921470516
5248 512 0 24501921749156
5760 512 0 24501922027795
6272 512 0 24501922306434
6784 512 0 24501922585074
7296 512 0 24501922863713
7808 512 0 24501923142353
8320 512 0 24501923420992
8832 512 0 24501923699632
9344 512 0 24501923978271
9856 512 0 24501924256911
10368 512 0 24501924535550
10880 512 0 24501924814190
11392 512 0 24501925092829
11904 512 0 24501925371469
12416 512 0 24501925650108
12928 512 0 24501925928748
13440 512 0 24501926207387
13952 512 0 24501926486027
14464 512 0 24501926764666
14976 512 0 24501927043305
15488 512 0 24501927321945
16000 512 0 24501927600584
16512 512 0 24501927879224
17024 512 0 24501928157863
17536 512 0 24501928436503
18048 512 0 24501928715142
18560 512 0 24501928993782
19072 512 0 24501929272421
19584 512 0 24501929551061
20096 512 0 24501929829700
20608 512 0 24501930108340
21120 512 0 24501930386979
21632 512 0 24501930665619
22144 512 0 24501930944258
22656 512 0 24501931222897
23168 512 0 24501931501537
23680 512 0 24501931780176
24192 512 0 24501932058816
24704 512 0 24501932337455
25216 512 0 24501932616095
25728 512 0 24501932894734
26240 512 0 24501933173374
26752 512 0 24501933452013
27264 512 0 24501933730653
27776 512 0 24501934009292
28288 512 0 24501934287932
28800 512 0 24501934566571
29312 512 0 24501934845211
29824 512 0 24501935123850
30336 512 0 24501935402490
30848 512 0 24501935681129
31360 512 0 24501935959768
31872 512 0 24501936238408
32384 512 0 24501936517046
32896 512 0 24501936795685
33408 512 0 24501937074325
33920 512 0 24501937352964
34432 512 0 24501937631603
34944 512 0 24501937910243
35456 512 0 24501938188882
35968 512 0 24501938467522
36480 512 0 24501938746161
36992 512 0 24501939024801
37504 512 0 24501939303440
38016 512 0 24501939582080
38528 512 0 24501939860719
39040 512 0 24501940139358
39552 512 0 24501940417998
40064 512 0 24501940696637
40576 512 0 24501940975277
41088 512 0 24501941253916
41600 512 0 24501941532556
42112 512 0 24501941811195
42624 512 0 24501942089835
43136 512 0 24501942368474
43648 512 0 24501942647113
44160 512 0 24501942925753
44672 512 0 24501943204392
45184 512 0 24501943483032
45696 512 0 24501943761671
46208 512 0 24501944040311
46720 512 0 24501944318950
47232 512 0 24501944597590
47744 512 0 24501944876229
48256 512 0 24501945154868
48768 512 0 24501945433509
49280 512 0 24501945712149
49792 512 0 24501945990788
50304 512 0 24501946269428
50816 512 0 24501946548067
51328 512 0 24501946826707
51840 512 0 24501947105346
52352 512 0 24501947383985
52864 512 0 24501947662625
53376 512 0 24501947941264
53888 512 0 24501948219904
54400 512 0 24501948498543
54912 512 0 24501948777183
55424 512 0 24501949055822
55936 512 0 24501949334462
56448 512 0 24501949613101
56960 512 0 24501949891741
57472 512 0 24501950170380
57984 512 0 24501950449020
58496 512 0 24501950727659
59008 512 0 24501951006298
59520 512 0 24501951284938
60032 512 0 24501951563577
60544 512 0 24501951842217
61056 512 0 24501952120856
61568 512 0 24501952399496
62080 512 0 24501952678135
62592 512 0 24501952956775
63104 512 0 24501953235414
63616 512 0 24501953514054
64128 512 0 24501953792693
64640 512 0 24501954071333
65152 512 0 24501954349971
65664 512 0 24501954628610
66176 512 0 24501954907250
66688 512 0 24501955185889
67200 512 0 24501955464529
67712 512 0 24501955743168
68224 512 0 24501956021808
68736 512 0 24501956300447
69248 512 0 24501956579086
69760 512 0 24501956857726
70272 512 0 24501957136365
70784 512 0 24501957415005
71296 512 0 24501957693644
71808 512 0 24501957972284
72320 512 0 24501958250923
72832 512 0 24501958529563
73344 512 0 24501958808202
73856 512 0 24501959086841
74368 512 0 24501959365481
74880 512 0 24501959644120
75392 512 0 24501959922760
75904 512 0 24501960201399
76416 512 0 24501960480039
76928 512 0 24501960758678
77440 512 0 24501961037318
77952 512 0 24501961315957
78464 512 0 24501961594597
78976 512 0 24501961873236
79488 512 0 24501962151875
80000 512 0 24501962430515
80512 512 0 24501962709154
81024 512 0 24501962987794
81536 512 0 24501963266434
82048 512 0 24501963545074
82560 512 0 24501963823713
83072 512 0 24501964102352
83584 512 0 24501964380992
84096 512 0 24501964659631
84608 512 0 24501964938271
85120 512 0 24501965216910
85632 512 0 24501965495550
86144 512 0 24501965774189
86656 512 0 24501966052829
87168 512 0 24501966331468
87680 512 0 24501966610108
88192 512 0 24501966888747
88704 512 0 24501967167387
89216 512 0 24501967446026
89728 512 0 24501967724665
90240 512 0 24501968003305
90752 512 0 24501968281944
91264 512 0 24501968560584
91776 512 0 24501968839223
92288 512 0 24501969117863
92800 512 0 24501969396502
93312 512 0 24501969675142
93824 512 0 24501969953781
94336 512 0 24501970232421
94848 512 0 24501970511060
95360 512 0 24501970789700
95872 512 0 24501971068339
96384 512 0 24501971346978
96896 512 0 24501971625618
97408 512 0 24501971904257
97920 512 0 24501972182924
98432 512 0 24501972461564
98944 512 0 24501972740204
99456 512 0 24501973018843
99968 512 0 24501973297483
100480 512 0 24501973576123
100992 512 0 24501973854763
101504 512 0 24501974133402
102016 512 0 24501974412042
102528 512 0 24501974690682
103040 512 0 24501974969321
103552 512 0 24501975247961
104064 512 0 24501975526601
104576 512 0 24501975805241
105088 512 0 24501976083880
105600 512 0 24501976362520
106112 512 0 24501976641160
106624 512 0 24501976919800
107136 512 0 24501977198439
107648 512 0 24501977477079
108160 512 0 24501977755719
108672 512 0 24501978034359
109184 512 0 24501978312998
109696 512 0 24501978591638
110208 512 0 24501978870278
110720 512 0 24501979148918
111232 512 0 24501979427557
111744 512 0 24501979706197
112256 512 0 24501979984837
112768 512 0 24501980263477
113280 512 0 24501980542116
113792 512 0 24501980820756
114304 512 0 24501981099429
114816 512 0 24501981378069
115328 512 0 24501981656709
115840 512 0 24501981935349
116352 512 0 24501982213989
116864 512 0 24501982492629
117376 512 0 24501982771269
117888 512 0 24501983049909
118400 512 0 24501983328550
118912 512 0 24501983607190
119424 512 0 24501983885830
119936 512 0 24501984164470
120448 512 0 24501984443110
120960 512 0 24501984721750
121472 512 0 24501985000390
121984 512 0 24501985279030
122496 512 0 24501985557670
123008 512 0 24501985836310
123520 512 0 24501986114951
124032 512 0 24501986393591
124544 512 0 24501986672231
125056 512 0 24501986950871
125568 512 0 24501987229511
126080 512 0 24501987508151
126592 512 0 24501987786791
127104 512 0 24501988065431
127616 512 0 24501988344071
128128 512 0 24501988622711
128640 512 0 24501988901351
129152 512 0 24501989179992
129664 512 0 24501989458632
130176 512 0 24501989737272
130688 512 0 24501990015927
131200 512 0 24501990294567
131712 512 0 24501990573207
132224 512 0 24501990851847
132736 512 0 24501991130488
133248 512 0 24501991409128
133760 512 0 24501991687768
134272 512 0 24501991966408
134784 512 0 24501992245048
135296 512 0 24501992523688
135808 512 0 24501992802329
136320 512 0 24501993080969
136832 512 0 24501993359609
137344 512 0 24501993638249
137856 512 0 24501993916889
138368 512 0 24501994195530
138880 512 0 24501994474170
139392 512 0 24501994752810
139904 512 0 24501995031450
140416 512 0 24501995310090
140928 512 0 24501995588731
141440 512 0 24501995867371
141952 512 0 24501996146011
142464 512 0 24501996424651
142976 512 0 24501996703291
143488 512 0 24501996981931
144000 512 0 24501997260572
144512 512 0 24501997539212
145024 512 0 24501997817852
145536 512 0 24501998096492
146048 512 0 24501998375132
146560 512 0 24501998653773
147072 512 0 24501998932425
147584 512 0 24501999211066
148096 512 0 24501999489706
148608 512 0 24501999768346
149120 512 0 24502000046986
149632 512 0 24502000325627
150144 512 0 24502000604267
150656 512 0 24502000882907
151168 512 0 24502001161547
151680 512 0 24502001440188
152192 512 0 24502001718828
152704 512 0 24502001997468
153216 512 0 24502002276108
153728 512 0 24502002554749
154240 512 0 24502002833389
154752 512 0 24502003112029
155264 512 0 24502003390669
155776 512 0 24502003669310
156288 512 0 24502003947950
156800 512 0 24502004226590
157312 512 0 24502004505231
157824 512 0 24502004783871
158336 512 0 24502005062511
158848 512 0 24502005341151
159360 512 0 24502005619792
159872 512 0 24502005898432
160384 512 0 24502006177072
160896 512 0 24502006455712
161408 512 0 24502006734353
161920 512 0 24502007012993
162432 512 0 24502007291633
162944 512 0 24502007570273
163456 512 0 24502007848923
163968 512 0 24502008127563
164480 512 0 24502008406204
164992 512 0 24502008684844
165504 512 0 24502008963484
166016 512 0 24502009242125
166528 512 0 24502009520765
167040 512 0 24502009799405
167552 512 0 24502010078046
168064 512 0 24502010356686
168576 512 0 24502010635326
169088 512 0 24502010913967
169600 512 0 24502011192607
170112 512 0 24502011471247
170624 512 0 24502011749888
171136 512 0 24502012028528
171648 512 0 24502012307168
172160 512 0 24502012585809
172672 512 0 24502012864449
173184 512 0 24502013143089
173696 512 0 24502013421730
174208 512 0 24502013700370
174720 512 0 24502013979010
175232 512 0 24502014257651
175744 512 0 24502014536291
176256 512 0 24502014814931
176768 512 0 24502015093572
177280 512 0 24502015372212
177792 512 0 24502015650852
178304 512 0 24502015929492
178816 512 0 24502016208133
179328 512 0 24502016486773
179840 512 0 24502016765420
180352 512 0 24502017044061
180864 512 0 24502017322701
181376 512 0 24502017601342
181888 512 0 24502017879982
182400 512 0 24502018158622
182912 512 0 24502018437263
183424 512 0 24502018715903
183936 512 0 24502018994543
184448 512 0 24502019273184
184960 512 0 24502019551824
185472 512 0 24502019830465
185984 512 0 24502020109105
186496 512 0 24502020387745
187008 512 0 24502020666386
187520 512 0 24502020945026
188032 512 0 24502021223666
188544 512 0 24502021502307
189056 512 0 24502021780947
189568 512 0 24502022059587
190080 512 0 24502022338228
190592 512 0 24502022616868
191104 512 0 24502022895509
191616 512 0 24502023174149
192128 512 0 24502023452789
192640 512 0 24502023731430
193152 512 0 24502024010070
193664 512 0 24502024288710
194176 512 0 24502024567351
194688 512 0 24502024845991
195200 512 0 24502025124632
195712 512 0 24502025403272
196224 512 0 24502025681918
196736 512 0 24502025960558
197248 512 0 24502026239198
197760 512 0 24502026517839
198272 512 0 24502026796479
198784 512 0 24502027075120
199296 512 0 24502027353760
199808 512 0 24502027632400
200320 512 0 24502027911041
200832 512 0 24502028189681
201344 512 0 24502028468322
201856 512 0 24502028746962
202368 512 0 24502029025602
202880 512 0 24502029304243
203392 512 0 24502029582883
203904 512 0 24502029861524
204416 512 0 24502030140164
204928 512 0 24502030418804
205440 512 0 24502030697445
205952 512 0 24502030976085
206464 512 0 24502031254726
206976 512 0 24502031533366
207488 512 0 24502031812006
208000 512 0 24502032090647
208512 512 0 24502032369287
209024 512 0 24502032647928
209536 512 0 24502032926568
210048 512 0 24502033205208
210560 512 0 24502033483849
211072 512 0 24502033762489
211584 512 0 24502034041130
212096 512 0 24502034319770
212608 512 0 24502034598414
213120 512 0 24502034877055
213632 512 0 24502035155695
214144 512 0 24502035434336
214656 512 0 24502035712976
215168 512 0 24502035991616
215680 512 0 24502036270257
216192 512 0 24502036548897
216704 512 0 24502036827538
217216 512 0 24502037106178
217728 512 0 24502037384819
218240 512 0 24502037663459
218752 512 0 24502037942099
219264 512 0 24502038220740
219776 512 0 24502038499380
220288 512 0 24502038778021
220800 512 0 24502039056661
221312 512 0 24502039335302
221824 512 0 24502039613942
222336 512 0 24502039892582
222848 512 0 24502040171223
223360 512 0 24502040449863
223872 512 0 24502040728504
224384 512 0 24502041007144
224896 512 0 24502041285785
225408 512 0 24502041564425
225920 512 0 24502041843065
226432 512 0 24502042121706
226944 512 0 24502042400346
227456 512 0 24502042678987
227968 512 0 24502042957627
228480 512 0 24502043236267
228992 512 0 24502043514911
229504 512 0 24502043793551
230016 512 0 24502044072192
230528 512 0 24502044350832
231040 512 0 24502044629473
231552 512 0 24502044908113
232064 512 0 24502045186754
232576 512 0 24502045465394
233088 512 0 24502045744034
233600 512 0 24502046022675
234112 512 0 24502046301315
234624 512 0 24502046579956
235136 512 0 24502046858596
235648 512 0 24502047137237
236160 512 0 24502047415877
236672 512 0 24502047694518
237184 512 0 24502047973158
237696 512 0 24502048251798
238208 512 0 24502048530439
238720 512 0 24502048809079
239232 512 0 24502049087720
239744 512 0 24502049366360
240256 512 0 24502049645001
240768 512 0 24502049923641
241280 512 0 24502050202282
241792 512 0 24502050480922
242304 512 0 24502050759562
242816 512 0 24502051038203
243328 512 0 24502051316843
243840 512 0 24502051595484
244352 512 0 24502051874124
244864 512 0 24502052152765
245376 512 0 24502052431407
245888 512 0 24502052710048
246400 512 0 24502052988688
246912 512 0 24502053267329
247424 512 0 24502053545969
247936 512 0 24502053824610
248448 512 0 24502054103250
248960 512 0 24502054381891
249472 512 0 24502054660531
249984 512 0 24502054939171
250496 512 0 24502055217812
251008 512 0 24502055496452
251520 512 0 24502055775093
252032 512 0 24502056053733
252544 512 0 24502056332374
253056 512 0 24502056611014
253568 512 0 24502056889655
254080 512 0 24502057168295
254592 512 0 24502057446936
255104 512 0 24502057725576
255616 512 0 24502058004216
256128 512 0 24502058282857
256640 512 0 24502058561497
257152 512 0 24502058840138
257664 512 0 24502059118778
258176 512 0 24502059397419
258688 512 0 24502059676059
259200 512 0 24502059954700
259712 512 0 24502060233340
260224 512 0 24502060511981
260736 512 0 24502060790621
261248 512 0 24502061069262
261760 512 0 24502061347905
262272 512 0 24502061626545
262784 512 0 24502061905185
263296 512 0 24502062183826
263808 512 0 24502062462466
264320 512 0 24502062741107
264832 512 0 24502063019747
265344 512 0 24502063298388
265856 512 0 24502063577028
266368 512 0 24502063855669
266880 512 0 24502064134309
267392 512 0 24502064412950
267904 512 0 24502064691590
268416 512 0 24502064970231
268928 512 0 24502065248871
269440 512 0 24502065527512
269952 512 0 24502065806152
270464 512 0 24502066084792
270976 512 0 24502066363433
271488 512 0 24502066642073
272000 512 0 24502066920714
272512 512 0 24502067199354
273024 512 0 24502067477995
273536 512 0 24502067756635
274048 512 0 24502068035276
274560 512 0 24502068313916
275072 512 0 24502068592557
275584 512 0 24502068871197
276096 512 0 24502069149838
276608 512 0 24502069428478
277120 512 0 24502069707119
277632 512 0 24502069985759
278144 512 0 24502070264401
278656 512 0 24502070543041
279168 512 0 24502070821682
279680 512 0 24502071100322
280192 512 0 24502071378963
280704 512 0 24502071657603
281216 512 0 24502071936243
281728 512 0 24502072214884
282240 512 0 24502072493524
282752 512 0 24502072772165
283264 512 0 24502073050805
283776 512 0 24502073329446
284288 512 0 24502073608086
284800 512 0 24502073886727
285312 512 0 24502074165367
285824 512 0 24502074444008
286336 512 0 24502074722648
286848 512 0 24502075001289
287360 512 0 24502075279929
287872 512 0 24502075558570
288384 512 0 24502075837210
288896 512 0 24502076115850
289408 512 0 24502076394491
289920 512 0 24502076673131
290432 512 0 24502076951772
290944 512 0 24502077230412
291456 512 0 24502077509053
291968 512 0 24502077787693
292480 512 0 24502078066334
292992 512 0 24502078344974
293504 512 0 24502078623615
294016 512 0 24502078902255
294528 512 0 24502079180897
295040 512 0 24502079459537
295552 512 0 24502079738178
296064 512 0 24502080016818
296576 512 0 24502080295459
297088 512 0 24502080574099
297600 512 0 24502080852740
298112 512 0 24502081131380
298624 512 0 24502081410021
299136 512 0 24502081688661
299648 512 0 24502081967301
300160 512 0 24502082245942
300672 512 0 24502082524582
301184 512 0 24502082803223
301696 512 0 24502083081863
302208 512 0 24502083360504
302720 512 0 24502083639144
303232 512 0 24502083917785
303744 512 0 24502084196425
304256 512 0 24502084475066
304768 512 0 24502084753706
305280 512 0 24502085032347
305792 512 0 24502085310987
306304 512 0 24502085589628
306816 512 0 24502085868268
307328 512 0 24502086146909
307840 512 0 24502086425549
308352 512 0 24502086704189
308864 512 0 24502086982830
309376 512 0 24502087261470
309888 512 0 24502087540111
310400 512 0 24502087818751
310912 512 0 24502088097393
311424 512 0 24502088376033
311936 512 0 24502088654674
312448 512 0 24502088933314
312960 512 0 24502089211955
313472 512 0 24502089490595
313984 512 0 24502089769236
314496 512 0 24502090047876
315008 512 0 24502090326517
315520 512 0 24502090605157
316032 512 0 24502090883798
316544 512 0 24502091162438
317056 512 0 24502091441079
317568 512 0 24502091719719
318080 512 0 24502091998359
318592 512 0 24502092277000
319104 512 0 24502092555640
319616 512 0 24502092834281
320128 512 0 24502093112921
320640 512 0 24502093391562
321152 512 0 24502093670202
321664 512 0 24502093948843
322176 512 0 24502094227483
322688 512 0 24502094506124
323200 512 0 24502094784764
323712 512 0 24502095063405
324224 512 0 24502095342045
324736 512 0 24502095620686
325248 512 0 24502095899326
325760 512 0 24502096177967
326272 512 0 24502096456607
326784 512 0 24502096735248
327296 512 0 24502097013888
327808 512 0 24502097292528
328320 512 0 24502097571169
328832 512 0 24502097849809
329344 512 0 24502098128450
329856 512 0 24502098407090
330368 512 0 24502098685731
330880 512 0 24502098964371
331392 512 0 24502099243012
331904 512 0 24502099521652
332416 512 0 24502099800293
332928 512 0 24502100078933
333440 512 0 24502100357574
333952 512 0 24502100636214
334464 512 0 24502100914854
334976 512 0 24502101193495
335488 512 0 24502101472135
336000 512 0 24502101750776
336512 512 0 24502102029416
337024 512 0 24502102308057
337536 512 0 24502102586697
338048 512 0 24502102865338
338560 512 0 24502103143978
339072 512 0 24502103422619
339584 512 0 24502103701259
340096 512 0 24502103979900
340608 512 0 24502104258540
341120 512 0 24502104537181
341632 512 0 24502104815821
342144 512 0 24502105094462
342656 512 0 24502105373102
343168 512 0 24502105651743
343680 512 0 24502105930384
344192 512 0 24502106209024
344704 512 0 24502106487665
345216 512 0 24502106766305
345728 512 0 24502107044946
346240 512 0 24502107323586
346752 512 0 24502107602227
347264 512 0 24502107880867
347776 512 0 24502108159508
348288 512 0 24502108438148
348800 512 0 24502108716789
349312 512 0 24502108995429
349824 512 0 24502109274070
350336 512 0 24502109552710
350848 512 0 24502109831351
351360 512 0 24502110109991
351872 512 0 24502110388632
352384 512 0 24502110667272
352896 512 0 24502110945912
353408 512 0 24502111224553
353920 512 0 24502111503193
354432 512 0 24502111781834
354944 512 0 24502112060474
355456 512 0 24502112339115
355968 512 0 24502112617755
356480 512 0 24502112896396
356992 512 0 24502113175036
357504 512 0 24502113453677
358016 512 0 24502113732317
358528 512 0 24502114010958
359040 512 0 24502114289598
359552 512 0 24502114568239
360064 512 0 24502114846880
360576 512 0 24502115125520
361088 512 0 24502115404161
361600 512 0 24502115682801
362112 512 0 24502115961442
362624 512 0 24502116240082
363136 512 0 24502116518723
363648 512 0 24502116797363
364160 512 0 24502117076004
364672 512 0 24502117354644
365184 512 0 24502117633285
365696 512 0 24502117911925
366208 512 0 24502118190566
366720 512 0 24502118469206
367232 512 0 24502118747847
367744 512 0 24502119026487
368256 512 0 24502119305128
368768 512 0 24502119583768
369280 512 0 24502119862409
369792 512 0 24502120141049
370304 512 0 24502120419690
370816 512 0 24502120698330
371328 512 0 24502120976971
371840 512 0 24502121255611
372352 512 0 24502121534251
372864 512 0 24502121812892
373376 512 0 24502122091532
373888 512 0 24502122370173
374400 512 0 24502122648813
374912 512 0 24502122927454
375424 512 0 24502123206094
375936 512 0 24502123484735
376448 512 0 24502123763377
376960 512 0 24502124042018
377472 512 0 24502124320658
377984 512 0 24502124599299
378496 512 0 24502124877939
379008 512 0 24502125156580
379520 512 0 24502125435220
380032 512 0 24502125713861
380544 512 0 24502125992501
381056 512 0 24502126271141
381568 512 0 24502126549782
382080 512 0 24502126828422
382592 512 0 24502127107063
383104 512 0 24502127385703
383616 512 0 24502127664344
384128 512 0 24502127942984
384640 512 0 24502128221625
385152 512 0 24502128500265
385664 512 0 24502128778906
386176 512 0 24502129057546
386688 512 0 24502129336187
387200 512 0 24502129614827
387712 512 0 24502129893468
388224 512 0 24502130172108
388736 512 0 24502130450749
389248 512 0 24502130729389
389760 512 0 24502131008030
390272 512 0 24502131286670
390784 512 0 24502131565311
391296 512 0 24502131843951
391808 512 0 24502132122592
392320 512 0 24502132401232
392832 512 0 24502132679873
393344 512 0 24502132958514
393856 512 0 24502133237154
394368 512 0 24502133515795
394880 512 0 24502133794435
395392 512 0 24502134073076
395904 512 0 24502134351716
396416 512 0 24502134630357
396928 512 0 24502134908997
397440 512 0 24502135187638
397952 512 0 24502135466278
398464 512 0 24502135744919
398976 512 0 24502136023559
399488 512 0 24502136302199
400000 512 0 24502136580840
400512 512 0 24502136859480
401024 512 0 24502137138121
401536 512 0 24502137416761
402048 512 0 24502137695402
402560 512 0 24502137974042
403072 512 0 24502138252683
403584 512 0 24502138531323
404096 512 0 24502138809964
404608 512 0 24502139088604
405120 512 0 24502139367245
405632 512 0 24502139645885
406144 512 0 24502139924526
406656 512 0 24502140203166
407168 512 0 24502140481807
407680 512 0 24502140760447
408192 512 0 24502141039088
408704 512 0 24502141317728
409216 512 0 24502141596369
409728 512 0 24502141875010
410240 512 0 24502142153650
410752 512 0 24502142432291
411264 512 0 24502142710931
411776 512 0 24502142989572
412288 512 0 24502143268212
412800 512 0 24502143546853
413312 512 0 24502143825493
413824 512 0 24502144104134
414336 512 0 24502144382774
414848 512 0 24502144661415
415360 512 0 24502144940055
415872 512 0 24502145218696
416384 512 0 24502145497336
416896 512 0 24502145775977
417408 512 0 24502146054617
417920 512 0 24502146333258
418432 512 0 24502146611898
418944 512 0 24502146890538
419456 512 0 24502147169179
419968 512 0 24502147447819
420480 512 0 24502147726460
420992 512 0 24502148005100
421504 512 0 24502148283741
422016 512 0 24502148562381
422528 512 0 24502148841022
423040 512 0 24502149119662
423552 512 0 24502149398303
424064 512 0 24502149676943
424576 512 0 24502149955584
425088 512 0 24502150234224
425600 512 0 24502150512865
426112 512 0 24502150791506
426624 512 0 24502151070146
427136 512 0 24502151348787
427648 512 0 24502151627427
428160 512 0 24502151906068
428672 512 0 24502152184708
429184 512 0 24502152463349
429696 512 0 24502152741989
430208 512 0 24502153020630
430720 512 0 24502153299270
431232 512 0 24502153577911
431744 512 0 24502153856551
432256 512 0 24502154135192
432768 512 0 24502154413832
433280 512 0 24502154692473
433792 512 0 24502154971113
434304 512 0 24502155249754
434816 512 0 24502155528394
435328 512 0 24502155807035
435840 512 0 24502156085675
436352 512 0 24502156364316
436864 512 0 24502156642956
437376 512 0 24502156921597
437888 512 0 24502157200237
438400 512 0 24502157478877
438912 512 0 24502157757518
439424 512 0 24502158036158
439936 512 0 24502158314799
440448 512 0 24502158593439
440960 512 0 24502158872080
441472 512 0 24502159150720
441984 512 0 24502159429362
442496 512 0 24502159708003
443008 512 0 24502159986643
443520 512 0 24502160265284
444032 512 0 24502160543924
444544 512 0 24502160822565
445056 512 0 24502161101205
445568 512 0 24502161379846
446080 512 0 24502161658486
446592 512 0 24502161937127
447104 512 0 24502162215767
447616 512 0 24502162494408
448128 512 0 24502162773048
448640 512 0 24502163051689
449152 512 0 24502163330329
449664 512 0 24502163608970
450176 512 0 24502163887610
450688 512 0 24502164166251
451200 512 0 24502164444891
451712 512 0 24502164723532
452224 512 0 24502165002172
452736 512 0 24502165280813
453248 512 0 24502165559453
453760 512 0 24502165838094
454272 512 0 24502166116734
454784 512 0 24502166395375
455296 512 0 24502166674015
455808 512 0 24502166952656
456320 512 0 24502167231296
456832 512 0 24502167509937
457344 512 0 24502167788577
457856 512 0 24502168067218
458368 512 0 24502168345858
458880 512 0 24502168624499
459392 512 0 24502168903139
459904 512 0 24502169181780
460416 512 0 24502169460420
460928 512 0 24502169739061
461440 512 0 24502170017701
461952 512 0 24502170296342
462464 512 0 24502170574982
462976 512 0 24502170853623
463488 512 0 24502171132263
464000 512 0 24502171410904
464512 512 0 24502171689544
465024 512 0 24502171968185
465536 512 0 24502172246825
466048 512 0 24502172525466
466560 512 0 24502172804106
467072 512 0 24502173082747
467584 512 0 24502173361387
468096 512 0 24502173640028
468608 512 0 24502173918668
469120 512 0 24502174197309
469632 512 0 24502174475949
470144 512 0 24502174754590
470656 512 0 24502175033230
471168 512 0 24502175311871
471680 512 0 24502175590511
472192 512 0 24502175869152
472704 512 0 24502176147792
473216 512 0 24502176426433
473728 512 0 24502176705073
474240 512 0 24502176983714
474752 512 0 24502177262354
475264 512 0 24502177540995
475776 512 0 24502177819635
476288 512 0 24502178098276
476800 512 0 24502178376916
477312 512 0 24502178655557
477824 512 0 24502178934197
478336 512 0 24502179212838
478848 512 0 24502179491478
479360 512 0 24502179770119
479872 512 0 24502180048759
480384 512 0 24502180327400
480896 512 0 24502180606040
481408 512 0 24502180884681
481920 512 0 24502181163321
482432 512 0 24502181441962
482944 512 0 24502181720602
483456 512 0 24502181999243
483968 512 0 24502182277883
484480 512 0 24502182556524
484992 512 0 24502182835164
485504 512 0 24502183113805
486016 512 0 24502183392445
486528 512 0 24502183671086
487040 512 0 24502183949726
487552 512 0 24502184228367
488064 512 0 24502184507007
488576 512 0 24502184785648
489088 512 0 24502185064288
489600 512 0 24502185342929
490112 512 0 24502185621569
490624 512 0 24502185900210
491136 512 0 24502186178850
491648 512 0 24502186457491
492160 512 0 24502186736131
492672 512 0 24502187014772
493184 512 0 24502187293412
493696 512 0 24502187572053
494208 512 0 24502187850693
494720 512 0 24502188129334
495232 512 0 24502188407974
495744 512 0 24502188686615
496256 512 0 24502188965255
496768 512 0 24502189243896
497280 512 0 24502189522536
497792 512 0 24502189801177
498304 512 0 24502190079817
498816 512 0 24502190358458
499328 512 0 24502190637098
499840 512 0 24502190915739
500352 512 0 24502191194379
500864 512 0 24502191473020
501376 512 0 24502191751660
501888 512 0 24502192030301
502400 512 0 24502192308941
502912 512 0 24502192587582
503424 512 0 24502192866222
503936 512 0 24502193144863
504448 512 0 24502193423503
504960 512 0 24502193702144
505472 512 0 24502193980784
505984 512 0 24502194259425
506496 512 0 24502194538065
507008 512 0 24502194816706
507520 512 0 24502195095346
508032 512 0 24502195373987
508544 512 0 24502195652627
509056 512 0 24502195931268
509568 512 0 24502196209908
510080 512 0 24502196488549
510592 512 0 24502196767189
511104 512 0 24502197045830
511616 512 0 24502197324470
512128 512 0 24502197603111
512640 512 0 24502197881751
513152 512 0 24502198160392
513664 512 0 24502198439032
514176 512 0 24502198717673
514688 512 0 24502198996313
515200 512 0 24502199274954
515712 512 0 24502199553594
516224 512 0 24502199832235
516736 512 0 24502200110875
517248 512 0 24502200389516
517760 512 0 24502200668156
518272 512 0 24502200946797
518784 512 0 24502201225437
519296 512 0 24502201504078
519808 512 0 24502201782718
520320 512 0 24502202061359
520832 512 0 24502202339999
521344 512 0 24502202618640
521856 512 0 24502202897280
522368 512 0 24502203175921
522880 512 0 24502203454561
523392 512 0 24502203733202
523904 512 0 24502204011842
524416 512 0 24502204290483
524928 512 0 24502204569123
525440 512 0 24502204847764
525952 512 0 24502205126404
526464 512 0 24502205405045
526976 512 0 24502205683685
527488 512 0 24502205962326
528000 512 0 24502206240966
528512 512 0 24502206519607
529024 512 0 24502206798247
529536 512 0 24502207076888
530048 512 0 24502207355528
530560 512 0 24502207634169
531072 512 0 24502207912809
531584 512 0 24502208191450
532096 512 0 24502208470090
532608 512 0 24502208748731
533120 512 0 24502209027371
533632 512 0 24502209306012
534144 512 0 24502209584652
534656 512 0 24502209863293
535168 512 0 24502210141933
535680 512 0 24502210420574
536192 512 0 24502210699214
536704 512 0 24502210977855
537216 512 0 24502211256495
537728 512 0 24502211535136
538240 512 0 24502211813776
538752 512 0 24502212092417
539264 512 0 24502212371057
539776 512 0 24502212649698
540288 512 0 24502212928339
540800 512 0 24502213206979
541312 512 0 24502213485619
541824 512 0 24502213764260
542336 512 0 24502214042900
542848 512 0 24502214321541
543360 512 0 24502214600181
543872 512 0 24502214878822
544384 512 0 24502215157462
544896 512 0 24502215436103
545408 512 0 24502215714743
545920 512 0 24502215993384
546432 512 0 24502216272024
546944 512 0 24502216550665
547456 512 0 24502216829305
547968 512 0 24502217107946
548480 512 0 24502217386586
548992 512 0 24502217665227
549504 512 0 24502217943867
550016 512 0 24502218222508
550528 512 0 24502218501148
551040 512 0 24502218779789
551552 512 0 24502219058429
552064 512 0 24502219337070
552576 512 0 24502219615710
553088 512 0 24502219894351
553600 512 0 24502220172991
554112 512 0 24502220451632
554624 512 0 24502220730272
555136 512 0 24502221008913
555648 512 0 24502221287553
556160 512 0 24502221566194
556672 512 0 24502221844835
557184 512 0 24502222123475
557696 512 0 24502222402116
558208 512 0 24502222680756
558720 512 0 24502222959397
559232 512 0 24502223238037
559744 512 0 24502223516677
560256 512 0 24502223795318
560768 512 0 24502224073958
561280 512 0 24502224352599
561792 512 0 24502224631239
562304 512 0 24502224909880
562816 512 0 24502225188520
563328 512 0 24502225467161
563840 512 0 24502225745801
564352 512 0 24502226024442
564864 512 0 24502226303082
565376 512 0 24502226581723
565888 512 0 24502226860363
566400 512 0 24502227139004
566912 512 0 24502227417644
567424 512 0 24502227696285
567936 512 0 24502227974925
568448 512 0 24502228253566
568960 512 0 24502228532206
569472 512 0 24502228810847
569984 512 0 24502229089487
570496 512 0 24502229368128
571008 512 0 24502229646768
571520 512 0 24502229925409
572032 512 0 24502230204049
572544 512 0 24502230482690
573056 512 0 24502230761331
573568 512 0 24502231039971
574080 512 0 24502231318612
574592 512 0 24502231597252
575104 512 0 24502231875893
575616 512 0 24502232154533
576128 512 0 24502232433174
576640 512 0 24502232711814
577152 512 0 24502232990455
577664 512 0 24502233269095
578176 512 0 24502233547735
578688 512 0 24502233826376
579200 512 0 24502234105016
579712 512 0 24502234383657
580224 512 0 24502234662297
580736 512 0 24502234940938
581248 512 0 24502235219578
581760 512 0 24502235498219
582272 512 0 24502235776859
582784 512 0 24502236055500
583296 512 0 24502236334140
583808 512 0 24502236612781
584320 512 0 24502236891421
584832 512 0 24502237170062
585344 512 0 24502237448702
585856 512 0 24502237727343
586368 512 0 24502238005983
586880 512 0 24502238284624
587392 512 0 24502238563264
587904 512 0 24502238841905
588416 512 0 24502239120545
588928 512 0 24502239399186
589440 512 0 24502239677827
589952 512 0 24502239956467
590464 512 0 24502240235108
590976 512 0 24502240513748
591488 512 0 24502240792389
592000 512 0 24502241071029
592512 512 0 24502241349670
593024 512 0 24502241628310
593536 512 0 24502241906951
594048 512 0 24502242185591
594560 512 0 24502242464232
595072 512 0 24502242742872
595584 512 0 24502243021513
596096 512 0 24502243300153
596608 512 0 24502243578793
597120 512 0 24502243857434
597632 512 0 24502244136074
598144 512 0 24502244414715
598656 512 0 24502244693355
599168 512 0 24502244971996
599680 512 0 24502245250636
600192 512 0 24502245529277
600704 512 0 24502245807917
601216 512 0 24502246086558
601728 512 0 24502246365198
602240 512 0 24502246643839
602752 512 0 24502246922479
603264 512 0 24502247201120
603776 512 0 24502247479760
604288 512 0 24502247758401
604800 512 0 24502248037041
605312 512 0 24502248315682
605824 512 0 24502248594323
606336 512 0 24502248872963
606848 512 0 24502249151604
607360 512 0 24502249430244
607872 512 0 24502249708885
608384 512 0 24502249987525
608896 512 0 24502250266166
609408 512 0 24502250544806
609920 512 0 24502250823447
610432 512 0 24502251102087
610944 512 0 24502251380728
611456 512 0 24502251659368
611968 512 0 24502251938009
612480 512 0 24502252216649
612992 512 0 24502252495290
613504 512 0 24502252773930
614016 512 0 24502253052571
614528 512 0 24502253331211
615040 512 0 24502253609852
615552 512 0 24502253888492
616064 512 0 24502254167132
616576 512 0 24502254445773
617088 512 0 24502254724413
617600 512 0 24502255003054
618112 512 0 24502255281694
618624 512 0 24502255560335
619136 512 0 24502255838975
619648 512 0 24502256117616
620160 512 0 24502256396256
620672 512 0 24502256674897
621184 512 0 24502256953537
621696 512 0 24502257232178
622208 512 0 24502257510819
622720 512 0 24502257789459
623232 512 0 24502258068100
623744 512 0 24502258346740
624256 512 0 24502258625381
624768 512 0 24502258904021
625280 512 0 24502259182662
625792 512 0 24502259461302
626304 512 0 24502259739943
626816 512 0 24502260018583
627328 512 0 24502260297224
627840 512 0 24502260575864
628352 512 0 24502260854505
628864 512 0 24502261133145
629376 512 0 24502261411786
629888 512 0 24502261690426
630400 512 0 24502261969067
630912 512 0 24502262247707
631424 512 0 24502262526348
631936 512 0 24502262804988
632448 512 0 24502263083629
632960 512 0 24502263362269
633472 512 0 24502263640910
633984 512 0 24502263919550
634496 512 0 24502264198191
635008 512 0 24502264476831
635520 512 0 24502264755471
636032 512 0 24502265034112
636544 512 0 24502265312752
637056 512 0 24502265591393
637568 512 0 24502265870033
638080 512 0 24502266148674
638592 512 0 24502266427315
639104 512 0 24502266705955
639616 512 0 24502266984596
640128 512 0 24502267263236
640640 512 0 24502267541877
641152 512 0 24502267820517
641664 512 0 24502268099158
642176 512 0 24502268377798
642688 512 0 24502268656439
643200 512 0 24502268935079
643712 512 0 24502269213720
644224 512 0 24502269492360
644736 512 0 24502269771001
645248 512 0 24502270049641
645760 512 0 24502270328282
646272 512 0 24502270606922
646784 512 0 24502270885563
647296 512 0 24502271164203
647808 512 0 24502271442844
648320 512 0 24502271721484
648832 512 0 24502272000125
649344 512 0 24502272278765
649856 512 0 24502272557406
650368 512 0 24502272836046
650880 512 0 24502273114687
651392 512 0 24502273393327
651904 512 0 24502273671968
652416 512 0 24502273950608
652928 512 0 24502274229249
653440 512 0 24502274507889
653952 512 0 24502274786530
654464 512 0 24502275065170
654976 512 0 24502275343811
655488 512 0 24502275622451
656000 512 0 24502275901092
656512 512 0 24502276179732
657024 512 0 24502276458373
657536 512 0 24502276737013
658048 512 0 24502277015654
658560 512 0 24502277294294
659072 512 0 24502277572935
659584 512 0 24502277851575
660096 512 0 24502278130216
660608 512 0 24502278408856
661120 512 0 24502278687497
661632 512 0 24502278966137
662144 512 0 24502279244778
662656 512 0 24502279523418
663168 512 0 24502279802059
663680 512 0 24502280080699
664192 512 0 24502280359340
664704 512 0 24502280637980
665216 512 0 24502280916621
665728 512 0 24502281195261
666240 512 0 24502281473902
666752 512 0 24502281752542
667264 512 0 24502282031183
667776 512 0 24502282309823
668288 512 0 24502282588464
668800 512 0 24502282867104
669312 512 0 24502283145745
669824 512 0 24502283424385
670336 512 0 24502283703026
670848 512 0 24502283981666
671360 512 0 24502284260307
671872 512 0 24502284538947
672384 512 0 24502284817588
672896 512 0 24502285096228
673408 512 0 24502285374869
673920 512 0 24502285653509
674432 512 0 24502285932150
674944 512 0 24502286210790
675456 512 0 24502286489431
675968 512 0 24502286768071
676480 512 0 24502287046712
676992 512 0 24502287325352
677504 512 0 24502287603993
678016 512 0 24502287882633
678528 512 0 24502288161274
679040 512 0 24502288439914
679552 512 0 24502288718555
680064 512 0 24502288997195
680576 512 0 24502289275836
681088 512 0 24502289554476
681600 512 0 24502289833117
682112 512 0 24502290111757
682624 512 0 24502290390398
683136 512 0 24502290669038
683648 512 0 24502290947679
684160 512 0 24502291226319
684672 512 0 24502291504960
685184 512 0 24502291783600
685696 512 0 24502292062241
686208 512 0 24502292340881
686720 512 0 24502292619522
687232 512 0 24502292898162
687744 512 0 24502293176803
688256 512 0 24502293455443
688768 512 0 24502293734084
689280 512 0 24502294012724
689792 512 0 24502294291365
690304 512 0 24502294570005
690816 512 0 24502294848646
691328 512 0 24502295127286
691840 512 0 24502295405927
692352 512 0 24502295684567
692864 512 0 24502295963208
693376 512 0 24502296241848
693888 512 0 24502296520489
694400 512 0 24502296799129
694912 512 0 24502297077770
695424 512 0 24502297356410
695936 512 0 24502297635051
696448 512 0 24502297913691
696960 512 0 24502298192332
697472 512 0 24502298470972
697984 512 0 24502298749613
698496 512 0 24502299028253
699008 512 0 24502299306894
699520 512 0 24502299585534
700032 512 0 24502299864175
700544 512 0 24502300142815
701056 512 0 24502300421456
701568 512 0 24502300700096
702080 512 0 24502300978737
702592 512 0 24502301257377
703104 512 0 24502301536018
703616 512 0 24502301814658
704128 512 0 24502302093300
704640 512 0 24502302371940
705152 512 0 24502302650581
705664 512 0 24502302929221
706176 512 0 24502303207862
706688 512 0 24502303486502
707200 512 0 24502303765143
707712 512 0 24502304043783
708224 512 0 24502304322424
708736 512 0 24502304601064
709248 512 0 24502304879705
709760 512 0 24502305158345
710272 512 0 24502305436986
710784 512 0 24502305715626
711296 512 0 24502305994267
711808 512 0 24502306272907
712320 512 0 24502306551548
712832 512 0 24502306830188
713344 512 0 24502307108829
713856 512 0 24502307387469
714368 512 0 24502307666110
714880 512 0 24502307944750
715392 512 0 24502308223391
715904 512 0 24502308502031
716416 512 0 24502308780672
716928 512 0 24502309059312
717440 512 0 24502309337953
717952 512 0 24502309616593
718464 512 0 24502309895234
718976 512 0 24502310173874
719488 512 0 24502310452515
720000 512 0 24502310731155
720512 512 0 24502311009796
721024 512 0 24502311288436
721536 512 0 24502311567077
722048 512 0 24502311845717
722560 512 0 24502312124358
723072 512 0 24502312402998
723584 512 0 24502312681639
724096 512 0 24502312960279
724608 512 0 24502313238920
725120 512 0 24502313517560
725632 512 0 24502313796201
726144 512 0 24502314074841
726656 512 0 24502314353482
727168 512 0 24502314632122
727680 512 0 24502314910763
728192 512 0 24502315189403
728704 512 0 24502315468044
729216 512 0 24502315746684
729728 512 0 24502316025325
730240 512 0 24502316303965
730752 512 0 24502316582606
731264 512 0 24502316861246
731776 512 0 24502317139887
732288 512 0 24502317418527
732800 512 0 24502317697168
733312 512 0 24502317975808
733824 512 0 24502318254449
734336 512 0 24502318533089
734848 512 0 24502318811730
735360 512 0 24502319090370
735872 512 0 24502319369011
736384 512 0 24502319647651
736896 512 0 24502319926292
737408 512 0 24502320204932
737920 512 0 24502320483573
738432 512 0 24502320762213
738944 512 0 24502321040854
739456 512 0 24502321319494
739968 512 0 24502321598135
740480 512 0 24502321876775
740992 512 0 24502322155416
741504 512 0 24502322434056
742016 512 0 24502322712697
742528 512 0 24502322991337
743040 512 0 24502323269978
743552 512 0 24502323548618
744064 512 0 24502323827259
744576 512 0 24502324105899
745088 512 0 24502324384540
745600 512 0 24502324663180
746112 512 0 24502324941821
746624 512 0 24502325220461
747136 512 0 24502325499102
747648 512 0 24502325777742
748160 512 0 24502326056383
748672 512 0 24502326335023
749184 512 0 24502326613664
749696 512 0 24502326892304
750208 512 0 24502327170945
750720 512 0 24502327449585
751232 512 0 24502327728226
751744 512 0 24502328006866
752256 512 0 24502328285507
752768 512 0 24502328564147
753280 512 0 24502328842789
753792 512 0 24502329121429
754304 512 0 24502329400070
754816 512 0 24502329678710
755328 512 0 24502329957351
755840 512 0 24502330235991
756352 512 0 24502330514632
756864 512 0 24502330793272
757376 512 0 24502331071913
757888 512 0 24502331350553
758400 512 0 24502331629194
758912 512 0 24502331907834
759424 512 0 24502332186475
759936 512 0 24502332465115
760448 512 0 24502332743756
760960 512 0 24502333022396
761472 512 0 24502333301037
761984 512 0 24502333579677
762496 512 0 24502333858318
763008 512 0 24502334136958
763520 512 0 24502334415599
764032 512 0 24502334694239
764544 512 0 24502334972880
765056 512 0 24502335251520
765568 512 0 24502335530161
766080 512 0 24502335808801
766592 512 0 24502336087442
767104 512 0 24502336366082
767616 512 0 24502336644723
768128 512 0 24502336923363
768640 512 0 24502337202004
769152 512 0 24502337480644
769664 512 0 24502337759285
770176 512 0 24502338037925
770688 512 0 24502338316566
771200 512 0 24502338595206
771712 512 0 24502338873847
772224 512 0 24502339152487
772736 512 0 24502339431128
773248 512 0 24502339709768
773760 512 0 24502339988409
774272 512 0 24502340267049
774784 512 0 24502340545690
775296 512 0 24502340824330
775808 512 0 24502341102971
776320 512 0 24502341381611
776832 512 0 24502341660252
777344 512 0 24502341938892
777856 512 0 24502342217533
778368 512 0 24502342496173
778880 512 0 24502342774814
779392 512 0 24502343053454
779904 512 0 24502343332095
780416 512 0 24502343610735
780928 512 0 24502343889376
781440 512 0 24502344168016
781952 512 0 24502344446657
782464 512 0 24502344725297
782976 512 0 24502345003938
783488 512 0 24502345282578
784000 512 0 24502345561219
784512 512 0 24502345839859
785024 512 0 24502346118500
785536 512 0 24502346397140
786048 512 0 24502346675781
786560 512 0 24502346954421
787072 512 0 24502347233062
787584 512 0 24502347511702
788096 512 0 24502347790343
788608 512 0 24502348068983
789120 512 0 24502348347624
789632 512 0 24502348626264
790144 512 0 24502348904905
790656 512 0 24502349183545
791168 512 0 24502349462186
791680 512 0 24502349740826
792192 512 0 24502350019467
792704 512 0 24502350298107
793216 512 0 24502350576748
793728 512 0 24502350855388
794240 512 0 24502351134029
794752 512 0 24502351412669
795264 512 0 24502351691310
795776 512 0 24502351969950
796288 512 0 24502352248591
796800 512 0 24502352527231
797312 512 0 24502352805872
797824 512 0 24502353084512
798336 512 0 24502353363153
798848 512 0 24502353641793
799360 512 0 24502353920434
799872 512 0 24502354199074
800384 512 0 24502354477715
800896 512 0 24502354756355
801408 512 0 24502355034996
801920 512 0 24502355313636
802432 512 0 24502355592277
802944 512 0 24502355870917
803456 512 0 24502356149558
803968 512 0 24502356428198
804480 512 0 24502356706839
804992 512 0 24502356985479
805504 512 0 24502357264120
806016 512 0 24502357542760
806528 512 0 24502357821401
807040 512 0 24502358100041
807552 512 0 24502358378682
808064 512 0 24502358657322
808576 512 0 24502358935963
809088 512 0 24502359214603
809600 512 0 24502359493244
810112 512 0 24502359771884
810624 512 0 24502360050525
811136 512 0 24502360329165
811648 512 0 24502360607806
812160 512 0 24502360886446
812672 512 0 24502361165087
813184 512 0 24502361443727
813696 512 0 24502361722368
814208 512 0 24502362001008
814720 512 0 24502362279649
815232 512 0 24502362558289
815744 512 0 24502362836930
816256 512 0 24502363115570
816768 512 0 24502363394211
817280 512 0 24502363672851
817792 512 0 24502363951492
818304 512 0 24502364230132
818816 512 0 24502364508774
819328 512 0 24502364787414
819840 512 0 24502365066055
820352 512 0 24502365344695
820864 512 0 24502365623336
821376 512 0 24502365901976
821888 512 0 24502366180617
822400 512 0 24502366459257
822912 512 0 24502366737898
823424 512 0 24502367016538
823936 512 0 24502367295179
824448 512 0 24502367573819
824960 512 0 24502367852460
825472 512 0 24502368131100
825984 512 0 24502368409741
826496 512 0 24502368688381
827008 512 0 24502368967022
827520 512 0 24502369245662
828032 512 0 24502369524303
828544 512 0 24502369802943
829056 512 0 24502370081584
829568 512 0 24502370360224
830080 512 0 24502370638865
830592 512 0 24502370917505
831104 512 0 24502371196146
831616 512 0 24502371474786
832128 512 0 24502371753427
832640 512 0 24502372032067
833152 512 0 24502372310708
833664 512 0 24502372589348
834176 512 0 24502372867989
834688 512 0 24502373146630
835200 512 0 24502373425270
835712 512 0 24502373703910
836224 512 0 24502373982551
836736 512 0 24502374261191
837248 512 0 24502374539832
837760 512 0 24502374818472
838272 512 0 24502375097113
838784 512 0 24502375375753
839296 512 0 24502375654394
839808 512 0 24502375933034
840320 512 0 24502376211675
840832 512 0 24502376490315
841344 512 0 24502376768956
841856 512 0 24502377047596
842368 512 0 24502377326237
842880 512 0 24502377604877
843392 512 0 24502377883518
843904 512 0 24502378162158
844416 512 0 24502378440799
844928 512 0 24502378719439
845440 512 0 24502378998080
845952 512 0 24502379276720
846464 512 0 24502379555361
846976 512 0 24502379834001
847488 512 0 24502380112642
848000 512 0 24502380391282
848512 512 0 24502380669923
849024 512 0 24502380948563
849536 512 0 24502381227204
850048 512 0 24502381505844
850560 512 0 24502381784485
851072 512 0 24502382063125
851584 512 0 24502382341767
852096 512 0 24502382620407
852608 512 0 24502382899048
853120 512 0 24502383177688
853632 512 0 24502383456329
854144 512 0 24502383734969
854656 512 0 24502384013610
855168 512 0 24502384292250
855680 512 0 24502384570891
856192 512 0 24502384849531
856704 512 0 24502385128172
857216 512 0 24502385406812
857728 512 0 24502385685453
858240 512 0 24502385964093
858752 512 0 24502386242734
859264 512 0 24502386521374
859776 512 0 24502386800015
860288 512 0 24502387078656
860800 512 0 24502387357296
861312 512 0 24502387635937
861824 512 0 24502387914577
862336 512 0 24502388193218
862848 512 0 24502388471858
863360 512 0 24502388750499
863872 512 0 24502389029139
864384 512 0 24502389307780
864896 512 0 24502389586420
865408 512 0 24502389865061
865920 512 0 24502390143701
866432 512 0 24502390422342
866944 512 0 24502390700982
867456 512 0 24502390979623
867968 512 0 24502391258263
868480 512 0 24502391536903
868992 512 0 24502391815544
869504 512 0 24502392094184
870016 512 0 24502392372825
870528 512 0 24502392651465
871040 512 0 24502392930106
871552 512 0 24502393208746
872064 512 0 24502393487387
872576 512 0 24502393766027
873088 512 0 24502394044668
873600 512 0 24502394323308
874112 512 0 24502394601949
874624 512 0 24502394880589
875136 512 0 24502395159230
875648 512 0 24502395437870
876160 512 0 24502395716511
876672 512 0 24502395995151
877184 512 0 24502396273792
877696 512 0 24502396552432
878208 512 0 24502396831073
878720 512 0 24502397109714
879232 512 0 24502397388354
879744 512 0 24502397666995
880256 512 0 24502397945635
880768 512 0 24502398224276
881280 512 0 24502398502916
881792 512 0 24502398781557
882304 512 0 24502399060197
882816 512 0 24502399338838
883328 512 0 24502399617478
883840 512 0 24502399896119
884352 512 0 24502400174760
884864 512 0 24502400453400
885376 512 0 24502400732041
885888 512 0 24502401010681
886400 512 0 24502401289322
886912 512 0 24502401567962
887424 512 0 24502401846603
887936 512 0 24502402125243
888448 512 0 24502402403884
888960 512 0 24502402682525
889472 512 0 24502402961165
889984 512 0 24502403239806
890496 512 0 24502403518446
891008 512 0 24502403797087
891520 512 0 24502404075727
892032 512 0 24502404354368
892544 512 0 24502404633008
893056 512 0 24502404911649
893568 512 0 24502405190289
894080 512 0 24502405468930
894592 512 0 24502405747570
895104 512 0 24502406026211
895616 512 0 24502406304851
896128 512 0 24502406583492
896640 512 0 24502406862132
897152 512 0 24502407140773
897664 512 0 24502407419413
898176 512 0 24502407698054
898688 512 0 24502407976694
899200 512 0 24502408255335
899712 512 0 24502408533975
900224 512 0 24502408812616
900736 512 0 24502409091257
901248 512 0 24502409369898
901760 512 0 24502409648538
902272 512 0 24502409927179
902784 512 0 24502410205819
903296 512 0 24502410484460
903808 512 0 24502410763100
904320 512 0 24502411041741
904832 512 0 24502411320381
905344 512 0 24502411599022
905856 512 0 24502411877662
906368 512 0 24502412156303
906880 512 0 24502412434943
907392 512 0 24502412713584
907904 512 0 24502412992224
908416 512 0 24502413270865
908928 512 0 24502413549505
909440 512 0 24502413828146
909952 512 0 24502414106786
910464 512 0 24502414385427
910976 512 0 24502414664067
911488 512 0 24502414942708
912000 512 0 24502415221348
912512 512 0 24502415499989
913024 512 0 24502415778629
913536 512 0 24502416057270
914048 512 0 24502416335910
914560 512 0 24502416614551
915072 512 0 24502416893191
915584 512 0 24502417171832
916096 512 0 24502417450472
916608 512 0 24502417729113
917120 512 0 24502418007753
917632 512 0 24502418286393
918144 512 0 24502418565034
918656 512 0 24502418843674
919168 512 0 24502419122315
919680 512 0 24502419400956
920192 512 0 24502419679596
920704 512 0 24502419958237
921216 512 0 24502420236877
921728 512 0 24502420515518
922240 512 0 24502420794158
922752 512 0 24502421072799
923264 512 0 24502421351439
923776 512 0 24502421630080
924288 512 0 24502421908720
924800 512 0 24502422187361
925312 512 0 24502422466001
925824 512 0 24502422744642
926336 512 0 24502423023282
926848 512 0 24502423301923
927360 512 0 24502423580563
927872 512 0 24502423859204
928384 512 0 24502424137844
928896 512 0 24502424416485
929408 512 0 24502424695125
929920 512 0 24502424973766
930432 512 0 24502425252406
930944 512 0 24502425531047
931456 512 0 24502425809687
931968 512 0 24502426088328
932480 512 0 24502426366968
932992 512 0 24502426645609
933504 512 0 24502426924250
934016 512 0 24502427202891
934528 512 0 24502427481531
935040 512 0 24502427760172
935552 512 0 24502428038812
936064 512 0 24502428317453
936576 512 0 24502428596093
937088 512 0 24502428874734
937600 512 0 24502429153374
938112 512 0 24502429432015
938624 512 0 24502429710655
939136 512 0 24502429989296
939648 512 0 24502430267936
940160 512 0 24502430546577
940672 512 0 24502430825217
941184 512 0 24502431103858
941696 512 0 24502431382498
942208 512 0 24502431661139
942720 512 0 24502431939779
943232 512 0 24502432218420
943744 512 0 24502432497060
944256 512 0 24502432775701
944768 512 0 24502433054341
945280 512 0 24502433332982
945792 512 0 24502433611622
946304 512 0 24502433890263
946816 512 0 24502434168903
947328 512 0 24502434447544
947840 512 0 24502434726184
948352 512 0 24502435004825
948864 512 0 24502435283465
949376 512 0 24502435562106
949888 512 0 24502435840747
950400 512 0 24502436119388
950912 512 0 24502436398028
951424 512 0 24502436676669
951936 512 0 24502436955309
952448 512 0 24502437233950
952960 512 0 24502437512590
953472 512 0 24502437791231
953984 512 0 24502438069871
954496 512 0 24502438348512
955008 512 0 24502438627152
955520 512 0 24502438905793
956032 512 0 24502439184433
956544 512 0 24502439463074
957056 512 0 24502439741714
957568 512 0 24502440020355
958080 512 0 24502440298995
958592 512 0 24502440577636
959104 512 0 24502440856276
959616 512 0 24502441134917
960128 512 0 24502441413557
960640 512 0 24502441692198
961152 512 0 24502441970838
961664 512 0 24502442249479
962176 512 0 24502442528119
962688 512 0 24502442806760
963200 512 0 24502443085400
963712 512 0 24502443364041
964224 512 0 24502443642681
964736 512 0 24502443921322
965248 512 0 24502444199963
965760 512 0 24502444478603
966272 512 0 24502444757244
966784 512 0 24502445035885
967296 512 0 24502445314525
967808 512 0 24502445593166
968320 512 0 24502445871806
968832 512 0 24502446150447
969344 512 0 24502446429087
969856 512 0 24502446707728
970368 512 0 24502446986368
970880 512 0 24502447265009
971392 512 0 24502447543649
971904 512 0 24502447822290
972416 512 0 24502448100930
972928 512 0 24502448379571
973440 512 0 24502448658211
973952 512 0 24502448936852
974464 512 0 24502449215492
974976 512 0 24502449494133
975488 512 0 24502449772773
976000 512 0 24502450051414
976512 512 0 24502450330054
977024 512 0 24502450608695
977536 512 0 24502450887335
978048 512 0 24502451165976
978560 512 0 24502451444617
979072 512 0 24502451723257
979584 512 0 24502452001898
980096 512 0 24502452280538
980608 512 0 24502452559179
981120 512 0 24502452837819
981632 512 0 24502453116460
982144 512 0 24502453395100
982656 512 0 24502453673741
983168 512 0 24502453952382
983680 512 0 24502454231022
984192 512 0 24502454509663
984704 512 0 24502454788303
985216 512 0 24502455066944
985728 512 0 24502455345584
986240 512 0 24502455624225
986752 512 0 24502455902865
987264 512 0 24502456181506
987776 512 0 24502456460146
988288 512 0 24502456738787
988800 512 0 24502457017427
989312 512 0 24502457296068
989824 512 0 24502457574708
990336 512 0 24502457853349
990848 512 0 24502458131989
991360 512 0 24502458410630
991872 512 0 24502458689270
992384 512 0 24502458967911
992896 512 0 24502459246552
993408 512 0 24502459525192
993920 512 0 24502459803833
994432 512 0 24502460082473
994944 512 0 24502460361114
995456 512 0 24502460639754
995968 512 0 24502460918395
996480 512 0 24502461197035
996992 512 0 24502461475676
997504 512 0 24502461754316
998016 512 0 24502462032957
998528 512 0 24502462311597
999040 512 0 24502462590238
999552 512 0 24502462868879
1000064 512 0 24502463147519
1000576 512 0 24502463426160
1001088 512 0 24502463704800
1001600 512 0 24502463983441
1002112 512 0 24502464262081
1002624 512 0 24502464540722
1003136 512 0 24502464819362
1003648 512 0 24502465098003
1004160 512 0 24502465376643
1004672 512 0 24502465655284
1005184 512 0 24502465933924
1005696 512 0 24502466212565
1006208 512 0 24502466491205
1006720 512 0 24502466769846
1007232 512 0 24502467048487
1007744 512 0 24502467327127
1008256 512 0 24502467605768
1008768 512 0 24502467884408
1009280 512 0 24502468163049
1009792 512 0 24502468441689
1010304 512 0 24502468720330
1010816 512 0 24502468998970
1011328 512 0 24502469277611
1011840 512 0 24502469556251
1012352 512 0 24502469834892
1012864 512 0 24502470113532
1013376 512 0 24502470392173
1013888 512 0 24502470670813
1014400 512 0 24502470949454
1014912 512 0 24502471228094
1015424 512 0 24502471506735
1015936 512 0 24502471785376
1016448 512 0 24502472064016
1016960 512 0 24502472342657
1017472 512 0 24502472621297
1017984 512 0 24502472899938
1018496 512 0 24502473178578
1019008 512 0 24502473457219
1019520 512 0 24502473735859
1020032 512 0 24502474014500
1020544 512 0 24502474293140
1021056 512 0 24502474571781
1021568 512 0 24502474850422
1022080 512 0 24502475129062
1022592 512 0 24502475407703
1023104 512 0 24502475686343
1023616 512 0 24502475964984
1024128 512 0 24502476243624
1024640 512 0 24502476522265
1025152 512 0 24502476800905
1025664 512 0 24502477079546
1026176 512 0 24502477358186
1026688 512 0 24502477636827
1027200 512 0 24502477915467
1027712 512 0 24502478194108
1028224 512 0 24502478472748
1028736 512 0 24502478751389
1029248 512 0 24502479030029
1029760 512 0 24502479308670
1030272 512 0 24502479587310
1030784 512 0 24502479865951
1031296 512 0 24502480144591
1031808 512 0 24502480423232
1032320 512 0 24502480701873
1032832 512 0 24502480980513
1033344 512 0 24502481259154
1033856 512 0 24502481537794
1034368 512 0 24502481816435
1034880 512 0 24502482095075
1035392 512 0 24502482373716
1035904 512 0 24502482652356
1036416 512 0 24502482930997
1036928 512 0 24502483209638
1037440 512 0 24502483488278
1037952 512 0 24502483766919
1038464 512 0 24502484045559
1038976 512 0 24502484324200
1039488 512 0 24502484602840
1040000 512 0 24502484881481
1040512 512 0 24502485160121
1041024 512 0 24502485438762
1041536 512 0 24502485717402
1042048 512 0 24502485996043
1042560 512 0 24502486274683
1043072 512 0 24502486553324
1043584 512 0 24502486831964
1044096 512 0 24502487110605
1044608 512 0 24502487389245
1045120 512 0 24502487667886
1045632 512 0 24502487946526
1046144 512 0 24502488225167
1046656 512 0 24502488503807
1047168 512 0 24502488782448
1047680 512 0 24502489061088
1048192 512 0 24502489339729
1048704 512 0 24502489618370
1049216 512 0 24502489897010
1049728 512 0 24502490175651
1050240 512 0 24502490454291
1050752 512 0 24502490732932
1051264 512 0 24502491011572
1051776 512 0 24502491290213
1052288 512 0 24502491568854
1052800 512 0 24502491847494
1053312 512 0 24502492126135
1053824 512 0 24502492404775
1054336 512 0 24502492683416
1054848 512 0 24502492962056
1055360 512 0 24502493240697
1055872 512 0 24502493519337
1056384 512 0 24502493797978
1056896 512 0 24502494076618
1057408 512 0 24502494355259
1057920 512 0 24502494633899
1058432 512 0 24502494912540
1058944 512 0 24502495191180
1059456 512 0 24502495469821
1059968 512 0 24502495748461
1060480 512 0 24502496027102
1060992 512 0 24502496305742
1061504 512 0 24502496584383
1062016 512 0 24502496863023
1062528 512 0 24502497141664
1063040 512 0 24502497420304
1063552 512 0 24502497698945
1064064 512 0 24502497977586
1064576 512 0 24502498256226
1065088 512 0 24502498534867
1065600 512 0 24502498813507
1066112 512 0 24502499092148
1066624 512 0 24502499370788
1067136 512 0 24502499649429
1067648 512 0 24502499928069
1068160 512 0 24502500206710
1068672 512 0 24502500485351
1069184 512 0 24502500763991
1069696 512 0 24502501042632
1070208 512 0 24502501321272
1070720 512 0 24502501599913
1071232 512 0 24502501878553
1071744 512 0 24502502157194
1072256 512 0 24502502435834
1072768 512 0 24502502714475
1073280 512 0 24502502993115
1073792 512 0 24502503271756
1074304 512 0 24502503550396
1074816 512 0 24502503829037
1075328 512 0 24502504107677
1075840 512 0 24502504386318
1076352 512 0 24502504664958
1076864 512 0 24502504943599
1077376 512 0 24502505222239
1077888 512 0 24502505500880
1078400 512 0 24502505779520
1078912 512 0 24502506058161
1079424 512 0 24502506336802
1079936 512 0 24502506615442
1080448 512 0 24502506894083
1080960 512 0 24502507172724
1081472 512 0 24502507451365
1081984 512 0 24502507730006
1082496 512 0 24502508008646
1083008 512 0 24502508287287
1083520 512 0 24502508565927
1084032 512 0 24502508844568
1084544 512 0 24502509123208
1085056 512 0 24502509401849
1085568 512 0 24502509680489
1086080 512 0 24502509959130
1086592 512 0 24502510237770
1087104 512 0 24502510516411
1087616 512 0 24502510795051
1088128 512 0 24502511073692
1088640 512 0 24502511352332
1089152 512 0 24502511630973
1089664 512 0 24502511909613
1090176 512 0 24502512188254
1090688 512 0 24502512466894
1091200 512 0 24502512745535
1091712 512 0 24502513024176
1092224 512 0 24502513302816
1092736 512 0 24502513581457
1093248 512 0 24502513860097
1093760 512 0 24502514138738
1094272 512 0 24502514417378
1094784 512 0 24502514696019
1095296 512 0 24502514974659
1095808 512 0 24502515253300
1096320 512 0 24502515531940
1096832 512 0 24502515810581
1097344 512 0 24502516089221
1097856 512 0 24502516367862
1098368 512 0 24502516646503
1098880 512 0 24502516925143
1099392 512 0 24502517203784
1099904 512 0 24502517482424
1100416 512 0 24502517761065
1100928 512 0 24502518039705
1101440 512 0 24502518318346
1101952 512 0 24502518596986
1102464 512 0 24502518875627
1102976 512 0 24502519154267
1103488 512 0 24502519432908
1104000 512 0 24502519711548
1104512 512 0 24502519990189
1105024 512 0 24502520268829
1105536 512 0 24502520547470
1106048 512 0 24502520826110
1106560 512 0 24502521104751
1107072 512 0 24502521383392
1107584 512 0 24502521662032
1108096 512 0 24502521940673
1108608 512 0 24502522219313
1109120 512 0 24502522497954
1109632 512 0 24502522776594
1110144 512 0 24502523055235
1110656 512 0 24502523333875
1111168 512 0 24502523612516
1111680 512 0 24502523891156
1112192 512 0 24502524169797
1112704 512 0 24502524448437
1113216 512 0 24502524727078
1113728 512 0 24502525005720
1114240 512 0 24502525284360
1114752 512 0 24502525563001
1115264 512 0 24502525841641
1115776 512 0 24502526120282
1116288 512 0 24502526398922
1116800 512 0 24502526677563
1117312 512 0 24502526956203
1117824 512 0 24502527234844
1118336 512 0 24502527513484
1118848 512 0 24502527792125
1119360 512 0 24502528070765
1119872 512 0 24502528349406
1120384 512 0 24502528628047
1120896 512 0 24502528906687
1121408 512 0 24502529185328
1121920 512 0 24502529463968
1122432 512 0 24502529742609
1122944 512 0 24502530021249
1123456 512 0 24502530299890
1123968 512 0 24502530578530
1124480 512 0 24502530857171
1124992 512 0 24502531135811
1125504 512 0 24502531414452
1126016 512 0 24502531693092
1126528 512 0 24502531971733
1127040 512 0 24502532250373
1127552 512 0 24502532529014
1128064 512 0 24502532807654
1128576 512 0 24502533086295
1129088 512 0 24502533364936
1129600 512 0 24502533643576
1130112 512 0 24502533922217
1130624 512 0 24502534200857
1131136 512 0 24502534479498
1131648 512 0 24502534758138
1132160 512 0 24502535036779
1132672 512 0 24502535315419
1133184 512 0 24502535594060
1133696 512 0 24502535872700
1134208 512 0 24502536151341
1134720 512 0 24502536429981
1135232 512 0 24502536708622
1135744 512 0 24502536987262
1136256 512 0 24502537265903
1136768 512 0 24502537544544
1137280 512 0 24502537823184
1137792 512 0 24502538101825
1138304 512 0 24502538380465
1138816 512 0 24502538659106
1139328 512 0 24502538937746
1139840 512 0 24502539216387
1140352 512 0 24502539495027
1140864 512 0 24502539773668
1141376 512 0 24502540052308
1141888 512 0 24502540330949
1142400 512 0 24502540609589
1142912 512 0 24502540888230
1143424 512 0 24502541166870
1143936 512 0 24502541445511
1144448 512 0 24502541724151
1144960 512 0 24502542002792
1145472 512 0 24502542281433
1145984 512 0 24502542560073
1146496 512 0 24502542838715
1147008 512 0 24502543117355
1147520 512 0 24502543395996
1148032 512 0 24502543674636
1148544 512 0 24502543953277
1149056 512 0 24502544231917
1149568 512 0 24502544510558
1150080 512 0 24502544789198
1150592 512 0 24502545067839
1151104 512 0 24502545346480
1151616 512 0 24502545625120
1152128 512 0 24502545903761
1152640 512 0 24502546182401
1153152 512 0 24502546461042
1153664 512 0 24502546739682
1154176 512 0 24502547018323
1154688 512 0 24502547296963
1155200 512 0 24502547575604
1155712 512 0 24502547854244
1156224 512 0 24502548132885
1156736 512 0 24502548411525
1157248 512 0 24502548690166
1157760 512 0 24502548968806
1158272 512 0 24502549247447
1158784 512 0 24502549526088
1159296 512 0 24502549804728
1159808 512 0 24502550083369
1160320 512 0 24502550362009
1160832 512 0 24502550640650
1161344 512 0 24502550919290
1161856 512 0 24502551197931
1162368 512 0 24502551476571
1162880 512 0 24502551755213
1163392 512 0 24502552033853
1163904 512 0 24502552312494
1164416 512 0 24502552591134
1164928 512 0 24502552869775
1165440 512 0 24502553148415
1165952 512 0 24502553427056
1166464 512 0 24502553705697
1166976 512 0 24502553984337
1167488 512 0 24502554262978
1168000 512 0 24502554541618
1168512 512 0 24502554820259
1169024 512 0 24502555098899
1169536 512 0 24502555377540
1170048 512 0 24502555656180
1170560 512 0 24502555934821
1171072 512 0 24502556213461
1171584 512 0 24502556492102
1172096 512 0 24502556770742
1172608 512 0 24502557049383
1173120 512 0 24502557328024
1173632 512 0 24502557606664
1174144 512 0 24502557885305
1174656 512 0 24502558163945
1175168 512 0 24502558442586
1175680 512 0 24502558721226
1176192 512 0 24502558999867
1176704 512 0 24502559278507
1177216 512 0 24502559557148
1177728 512 0 24502559835788
1178240 512 0 24502560114429
1178752 512 0 24502560393069
1179264 512 0 24502560671711
1179776 512 0 24502560950351
1180288 512 0 24502561228992
1180800 512 0 24502561507632
1181312 512 0 24502561786273
1181824 512 0 24502562064914
1182336 512 0 24502562343554
1182848 512 0 24502562622195
1183360 512 0 24502562900835
1183872 512 0 24502563179476
1184384 512 0 24502563458116
1184896 512 0 24502563736757
1185408 512 0 24502564015397
1185920 512 0 24502564294038
1186432 512 0 24502564572678
1186944 512 0 24502564851319
1187456 512 0 24502565129959
1187968 512 0 24502565408600
1188480 512 0 24502565687241
1188992 512 0 24502565965881
1189504 512 0 24502566244522
1190016 512 0 24502566523162
1190528 512 0 24502566801803
1191040 512 0 24502567080443
1191552 512 0 24502567359084
1192064 512 0 24502567637724
1192576 512 0 24502567916365
1193088 512 0 24502568195005
1193600 512 0 24502568473646
1194112 512 0 24502568752287
1194624 512 0 24502569030927
1195136 512 0 24502569309568
1195648 512 0 24502569588209
1196160 512 0 24502569866849
1196672 512 0 24502570145490
1197184 512 0 24502570424131
1197696 512 0 24502570702771
1198208 512 0 24502570981412
1198720 512 0 24502571260052
1199232 512 0 24502571538693
1199744 512 0 24502571817333
1200256 512 0 24502572095974
1200768 512 0 24502572374614
1201280 512 0 24502572653255
1201792 512 0 24502572931895
1202304 512 0 24502573210536
1202816 512 0 24502573489177
1203328 512 0 24502573767817
1203840 512 0 24502574046458
1204352 512 0 24502574325098
1204864 512 0 24502574603739
1205376 512 0 24502574882379
1205888 512 0 24502575161020
1206400 512 0 24502575439660
1206912 512 0 24502575718301
1207424 512 0 24502575996941
1207936 512 0 24502576275582
1208448 512 0 24502576554222
1208960 512 0 24502576832863
1209472 512 0 24502577111504
1209984 512 0 24502577390144
1210496 512 0 24502577668785
1211008 512 0 24502577947425
1211520 512 0 24502578226066
1212032 512 0 24502578504707
1212544 512 0 24502578783348
1213056 512 0 24502579061988
1213568 512 0 24502579340629
1214080 512 0 24502579619269
1214592 512 0 24502579897910
1215104 512 0 24502580176550
1215616 512 0 24502580455191
1216128 512 0 24502580733831
1216640 512 0 24502581012472
1217152 512 0 24502581291112
1217664 512 0 24502581569753
1218176 512 0 24502581848394
1218688 512 0 24502582127034
1219200 512 0 24502582405675
1219712 512 0 24502582684315
1220224 512 0 24502582962956
1220736 512 0 24502583241596
1221248 512 0 24502583520237
1221760 512 0 24502583798877
1222272 512 0 24502584077518
1222784 512 0 24502584356158
1223296 512 0 24502584634799
1223808 512 0 24502584913440
1224320 512 0 24502585192080
1224832 512 0 24502585470721
1225344 512 0 24502585749361
1225856 512 0 24502586028002
1226368 512 0 24502586306642
1226880 512 0 24502586585283
1227392 512 0 24502586863923
1227904 512 0 24502587142564
1228416 512 0 24502587421205
1228928 512 0 24502587699846
1229440 512 0 24502587978486
1229952 512 0 24502588257127
1230464 512 0 24502588535767
1230976 512 0 24502588814408
1231488 512 0 24502589093048
1232000 512 0 24502589371689
1232512 512 0 24502589650329
1233024 512 0 24502589928970
1233536 512 0 24502590207611
1234048 512 0 24502590486251
1234560 512 0 24502590764892
1235072 512 0 24502591043532
1235584 512 0 24502591322173
1236096 512 0 24502591600813
1236608 512 0 24502591879454
1237120 512 0 24502592158094
1237632 512 0 24502592436735
1238144 512 0 24502592715375
1238656 512 0 24502592994016
1239168 512 0 24502593272657
1239680 512 0 24502593551297
1240192 512 0 24502593829938
1240704 512 0 24502594108578
1241216 512 0 24502594387219
1241728 512 0 24502594665859
1242240 512 0 24502594944500
1242752 512 0 24502595223140
1243264 512 0 24502595501781
1243776 512 0 24502595780421
1244288 512 0 24502596059062
1244800 512 0 24502596337703
1245312 512 0 24502596616344
1245824 512 0 24502596894984
1246336 512 0 24502597173625
1246848 512 0 24502597452265
1247360 512 0 24502597730906
1247872 512 0 24502598009546
1248384 512 0 24502598288187
1248896 512 0 24502598566827
1249408 512 0 24502598845468
1249920 512 0 24502599124109
1250432 512 0 24502599402749
1250944 512 0 24502599681390
1251456 512 0 24502599960030
1251968 512 0 24502600238671
1252480 512 0 24502600517311
1252992 512 0 24502600795952
1253504 512 0 24502601074592
1254016 512 0 24502601353233
1254528 512 0 24502601631874
1255040 512 0 24502601910514
1255552 512 0 24502602189155
1256064 512 0 24502602467795
1256576 512 0 24502602746436
1257088 512 0 24502603025076
1257600 512 0 24502603303717
1258112 512 0 24502603582357
1258624 512 0 24502603860998
1259136 512 0 24502604139638
1259648 512 0 24502604418279
1260160 512 0 24502604696920
1260672 512 0 24502604975560
1261184 512 0 24502605254200
1261696 512 0 24502605532841
1262208 512 0 24502605811481
1262720 512 0 24502606090122
1263232 512 0 24502606368762
1263744 512 0 24502606647403
1264256 512 0 24502606926043
1264768 512 0 24502607204684
1265280 512 0 24502607483324
1265792 512 0 24502607761965
1266304 512 0 24502608040606
1266816 512 0 24502608319246
1267328 512 0 24502608597887
1267840 512 0 24502608876527
1268352 512 0 24502609155168
1268864 512 0 24502609433808
1269376 512 0 24502609712449
1269888 512 0 24502609991089
1270400 512 0 24502610269730
1270912 512 0 24502610548370
1271424 512 0 24502610827011
1271936 512 0 24502611105652
1272448 512 0 24502611384292
1272960 512 0 24502611662933
1273472 512 0 24502611941573
1273984 512 0 24502612220214
1274496 512 0 24502612498854
1275008 512 0 24502612777495
1275520 512 0 24502613056135
1276032 512 0 24502613334776
1276544 512 0 24502613613416
1277056 512 0 24502613892057
1277568 512 0 24502614170698
1278080 512 0 24502614449339
1278592 512 0 24502614727979
1279104 512 0 24502615006620
1279616 512 0 24502615285260
1280128 512 0 24502615563901
1280640 512 0 24502615842541
1281152 512 0 24502616121182
1281664 512 0 24502616399822
1282176 512 0 24502616678463
1282688 512 0 24502616957104
1283200 512 0 24502617235744
1283712 512 0 24502617514385
1284224 512 0 24502617793025
1284736 512 0 24502618071666
1285248 512 0 24502618350306
1285760 512 0 24502618628947
1286272 512 0 24502618907587
1286784 512 0 24502619186228
1287296 512 0 24502619464869
1287808 512 0 24502619743509
1288320 512 0 24502620022150
1288832 512 0 24502620300790
1289344 512 0 24502620579431
1289856 512 0 24502620858071
1290368 512 0 24502621136712
1290880 512 0 24502621415352
1291392 512 0 24502621693993
1291904 512 0 24502621972633
1292416 512 0 24502622251274
1292928 512 0 24502622529915
1293440 512 0 24502622808555
1293952 512 0 24502623087196
1294464 512 0 24502623365837
1294976 512 0 24502623644477
1295488 512 0 24502623923118
1296000 512 0 24502624201758
1296512 512 0 24502624480399
1297024 512 0 24502624759039
1297536 512 0 24502625037680
1298048 512 0 24502625316321
1298560 512 0 24502625594961
1299072 512 0 24502625873602
1299584 512 0 24502626152242
1300096 512 0 24502626430883
1300608 512 0 24502626709523
1301120 512 0 24502626988164
1301632 512 0 24502627266804
1302144 512 0 24502627545445
1302656 512 0 24502627824085
1303168 512 0 24502628102726
1303680 512 0 24502628381367
1304192 512 0 24502628660007
1304704 512 0 24502628938648
1305216 512 0 24502629217288
1305728 512 0 24502629495929
1306240 512 0 24502629774569
1306752 512 0 24502630053210
1307264 512 0 24502630331850
1307776 512 0 24502630610491
1308288 512 0 24502630889132
1308800 512 0 24502631167772
1309312 512 0 24502631446413
1309824 512 0 24502631725053
1310336 512 0 24502632003695
1310848 512 0 24502632282336
1311360 512 0 24502632560976
1311872 512 0 24502632839617
1312384 512 0 24502633118258
1312896 512 0 24502633396898
1313408 512 0 24502633675539
1313920 512 0 24502633954179
1314432 512 0 24502634232820
1314944 512 0 24502634511460
1315456 512 0 24502634790101
1315968 512 0 24502635068741
1316480 512 0 24502635347382
1316992 512 0 24502635626022
1317504 512 0 24502635904663
1318016 512 0 24502636183304
1318528 512 0 24502636461944
1319040 512 0 24502636740585
1319552 512 0 24502637019225
1320064 512 0 24502637297866
1320576 512 0 24502637576506
1321088 512 0 24502637855147
1321600 512 0 24502638133787
1322112 512 0 24502638412428
1322624 512 0 24502638691069
1323136 512 0 24502638969709
1323648 512 0 24502639248350
1324160 512 0 24502639526990
1324672 512 0 24502639805631
1325184 512 0 24502640084271
1325696 512 0 24502640362912
1326208 512 0 24502640641552
1326720 512 0 24502640920193
1327232 512 0 24502641198834
1327744 512 0 24502641477474
1328256 512 0 24502641756115
1328768 512 0 24502642034756
1329280 512 0 24502642313396
1329792 512 0 24502642592037
1330304 512 0 24502642870677
1330816 512 0 24502643149318
1331328 512 0 24502643427958
1331840 512 0 24502643706599
1332352 512 0 24502643985239
1332864 512 0 24502644263880
1333376 512 0 24502644542521
1333888 512 0 24502644821161
1334400 512 0 24502645099802
1334912 512 0 24502645378442
1335424 512 0 24502645657083
1335936 512 0 24502645935723
1336448 512 0 24502646214364
1336960 512 0 24502646493004
1337472 512 0 24502646771645
1337984 512 0 24502647050286
1338496 512 0 24502647328926
1339008 512 0 24502647607567
1339520 512 0 24502647886207
1340032 512 0 24502648164848
1340544 512 0 24502648443488
1341056 512 0 24502648722129
1341568 512 0 24502649000769
1342080 512 0 24502649279410
1342592 512 0 24502649558051
1343104 512 0 24502649836691
1343616 512 0 24502650115332
1344128 512 0 24502650393972
1344640 512 0 24502650672613
1345152 512 0 24502650951254
1345664 512 0 24502651229894
1346176 512 0 24502651508535
1346688 512 0 24502651787175
1347200 512 0 24502652065816
1347712 512 0 24502652344456
1348224 512 0 24502652623097
1348736 512 0 24502652901737
1349248 512 0 24502653180378
1349760 512 0 24502653459019
1350272 512 0 24502653737659
1350784 512 0 24502654016300
1351296 512 0 24502654294940
1351808 512 0 24502654573581
1352320 512 0 24502654852221
1352832 512 0 24502655130862
1353344 512 0 24502655409502
1353856 512 0 24502655688143
1354368 512 0 24502655966784
1354880 512 0 24502656245424
1355392 512 0 24502656524065
1355904 512 0 24502656802705
1356416 512 0 24502657081346
1356928 512 0 24502657359986
1357440 512 0 24502657638627
1357952 512 0 24502657917267
1358464 512 0 24502658195908
1358976 512 0 24502658474549
1359488 512 0 24502658753190
1360000 512 0 24502659031831
1360512 512 0 24502659310472
1361024 512 0 24502659589112
1361536 512 0 24502659867753
1362048 512 0 24502660146393
1362560 512 0 24502660425034
1363072 512 0 24502660703674
1363584 512 0 24502660982315
1364096 512 0 24502661260956
1364608 512 0 24502661539596
1365120 512 0 24502661818237
1365632 512 0 24502662096877
1366144 512 0 24502662375518
1366656 512 0 24502662654158
1367168 512 0 24502662932799
1367680 512 0 24502663211439
1368192 512 0 24502663490080
1368704 512 0 24502663768721
1369216 512 0 24502664047361
1369728 512 0 24502664326002
1370240 512 0 24502664604642
1370752 512 0 24502664883283
1371264 512 0 24502665161923
1371776 512 0 24502665440564
1372288 512 0 24502665719204
1372800 512 0 24502665997845
1373312 512 0 24502666276486
1373824 512 0 24502666555126
1374336 512 0 24502666833767
1374848 512 0 24502667112407
1375360 512 0 24502667391048
1375872 512 0 24502667669688
1376384 512 0 24502667948329
1376896 512 0 24502668226970
1377408 512 0 24502668505610
1377920 512 0 24502668784251
1378432 512 0 24502669062891
1378944 512 0 24502669341532
1379456 512 0 24502669620172
1379968 512 0 24502669898813
1380480 512 0 24502670177454
1380992 512 0 24502670456094
1381504 512 0 24502670734735
1382016 512 0 24502671013375
1382528 512 0 24502671292016
1383040 512 0 24502671570656
1383552 512 0 24502671849297
1384064 512 0 24502672127937
1384576 512 0 24502672406578
1385088 512 0 24502672685219
1385600 512 0 24502672963859
1386112 512 0 24502673242500
1386624 512 0 24502673521140
1387136 512 0 24502673799781
1387648 512 0 24502674078421
1388160 512 0 24502674357062
1388672 512 0 24502674635702
1389184 512 0 24502674914343
1389696 512 0 24502675192984
1390208 512 0 24502675471624
1390720 512 0 24502675750265
1391232 512 0 24502676028905
1391744 512 0 24502676307546
1392256 512 0 24502676586186
1392768 512 0 24502676864827
1393280 512 0 24502677143468
1393792 512 0 24502677422108
1394304 512 0 24502677700749
1394816 512 0 24502677979389
1395328 512 0 24502678258030
1395840 512 0 24502678536670
1396352 512 0 24502678815311
1396864 512 0 24502679093952
1397376 512 0 24502679372592
1397888 512 0 24502679651233
1398400 512 0 24502679929873
1398912 512 0 24502680208514
1399424 512 0 24502680487154
1399936 512 0 24502680765795
1400448 512 0 24502681044435
1400960 512 0 24502681323076
1401472 512 0 24502681601717
1401984 512 0 24502681880357
1402496 512 0 24502682158998
1403008 512 0 24502682437638
1403520 512 0 24502682716279
1404032 512 0 24502682994919
1404544 512 0 24502683273560
1405056 512 0 24502683552200
1405568 512 0 24502683830841
1406080 512 0 24502684109482
1406592 512 0 24502684388122
1407104 512 0 24502684666763
1407616 512 0 24502684945403
1408128 512 0 24502685224044
1408640 512 0 24502685502686
1409152 512 0 24502685781326
1409664 512 0 24502686059967
1410176 512 0 24502686338607
1410688 512 0 24502686617248
1411200 512 0 24502686895888
1411712 512 0 24502687174529
1412224 512 0 24502687453170
1412736 512 0 24502687731810
1413248 512 0 24502688010451
1413760 512 0 24502688289091
1414272 512 0 24502688567732
1414784 512 0 24502688846372
1415296 512 0 24502689125013
1415808 512 0 24502689403653
1416320 512 0 24502689682294
1416832 512 0 24502689960935
1417344 512 0 24502690239575
1417856 512 0 24502690518216
1418368 512 0 24502690796856
1418880 512 0 24502691075497
1419392 512 0 24502691354137
1419904 512 0 24502691632778
1420416 512 0 24502691911419
1420928 512 0 24502692190059
1421440 512 0 24502692468700
1421952 512 0 24502692747340
1422464 512 0 24502693025981
1422976 512 0 24502693304621
1423488 512 0 24502693583262
1424000 512 0 24502693861902
1424512 512 0 24502694140543
1425024 512 0 24502694419184
1425536 512 0 24502694697824
1426048 512 0 24502694976465
1426560 512 0 24502695255105
1427072 512 0 24502695533746
1427584 512 0 24502695812386
1428096 512 0 24502696091027
1428608 512 0 24502696369668
1429120 512 0 24502696648308
1429632 512 0 24502696926949
1430144 512 0 24502697205589
1430656 512 0 24502697484230
1431168 512 0 24502697762870
1431680 512 0 24502698041511
1432192 512 0 24502698320151
1432704 512 0 24502698598792
1433216 512 0 24502698877433
1433728 512 0 24502699156073
1434240 512 0 24502699434714
1434752 512 0 24502699713354
1435264 512 0 24502699991995
1435776 512 0 24502700270635
1436288 512 0 24502700549276
1436800 512 0 24502700827917
1437312 512 0 24502701106557
1437824 512 0 24502701385198
1438336 512 0 24502701663838
1438848 512 0 24502701942479
1439360 512 0 24502702221119
1439872 512 0 24502702499760
1440384 512 0 24502702778400
1440896 512 0 24502703057041
1441408 512 0 24502703335683
1441920 512 0 24502703614323
1442432 512 0 24502703892964
1442944 512 0 24502704171604
1443456 512 0 24502704450245
1443968 512 0 24502704728886
1444480 512 0 24502705007526
1444992 512 0 24502705286167
1445504 512 0 24502705564807
1446016 512 0 24502705843448
1446528 512 0 24502706122088
1447040 512 0 24502706400729
1447552 512 0 24502706679369
1448064 512 0 24502706958010
1448576 512 0 24502707236651
1449088 512 0 24502707515291
1449600 512 0 24502707793932
1450112 512 0 24502708072572
1450624 512 0 24502708351213
1451136 512 0 24502708629853
1451648 512 0 24502708908494
1452160 512 0 24502709187135
1452672 512 0 24502709465775
1453184 512 0 24502709744416
1453696 512 0 24502710023056
1454208 512 0 24502710301697
1454720 512 0 24502710580337
1455232 512 0 24502710858978
1455744 512 0 24502711137619
1456256 512 0 24502711416259
1456768 512 0 24502711694900
1457280 512 0 24502711973540
1457792 512 0 24502712252181
1458304 512 0 24502712530821
1458816 512 0 24502712809462
1459328 512 0 24502713088102
1459840 512 0 24502713366743
1460352 512 0 24502713645384
1460864 512 0 24502713924024
1461376 512 0 24502714202665
1461888 512 0 24502714481305
1462400 512 0 24502714759946
1462912 512 0 24502715038586
1463424 512 0 24502715317227
1463936 512 0 24502715595867
1464448 512 0 24502715874508
1464960 512 0 24502716153149
1465472 512 0 24502716431789
1465984 512 0 24502716710430
1466496 512 0 24502716989070
1467008 512 0 24502717267711
1467520 512 0 24502717546351
1468032 512 0 24502717824992
1468544 512 0 24502718103633
1469056 512 0 24502718382273
1469568 512 0 24502718660914
1470080 512 0 24502718939554
1470592 512 0 24502719218195
1471104 512 0 24502719496835
1471616 512 0 24502719775476
1472128 512 0 24502720054117
1472640 512 0 24502720332757
1473152 512 0 24502720611398
1473664 512 0 24502720890038
1474176 512 0 24502721168680
1474688 512 0 24502721447320
1475200 512 0 24502721725961
1475712 512 0 24502722004601
1476224 512 0 24502722283242
1476736 512 0 24502722561883
1477248 512 0 24502722840523
1477760 512 0 24502723119164
1478272 512 0 24502723397804
1478784 512 0 24502723676445
1479296 512 0 24502723955085
1479808 512 0 24502724233726
1480320 512 0 24502724512367
1480832 512 0 24502724791007
1481344 512 0 24502725069648
1481856 512 0 24502725348288
1482368 512 0 24502725626929
1482880 512 0 24502725905569
1483392 512 0 24502726184210
1483904 512 0 24502726462851
1484416 512 0 24502726741491
1484928 512 0 24502727020132
1485440 512 0 24502727298772
1485952 512 0 24502727577413
1486464 512 0 24502727856053
1486976 512 0 24502728134694
1487488 512 0 24502728413335
1488000 512 0 24502728691975
1488512 512 0 24502728970616
1489024 512 0 24502729249256
1489536 512 0 24502729527897
1490048 512 0 24502729806537
1490560 512 0 24502730085179
1491072 512 0 24502730363819
1491584 512 0 24502730642460
1492096 512 0 24502730921101
1492608 512 0 24502731199741
1493120 512 0 24502731478382
1493632 512 0 24502731757022
1494144 512 0 24502732035663
1494656 512 0 24502732314303
1495168 512 0 24502732592944
1495680 512 0 24502732871585
1496192 512 0 24502733150225
1496704 512 0 24502733428866
1497216 512 0 24502733707506
1497728 512 0 24502733986147
1498240 512 0 24502734264787
1498752 512 0 24502734543428
1499264 512 0 24502734822069
1499776 512 0 24502735100709
1500288 512 0 24502735379350
1500800 512 0 24502735657990
1501312 512 0 24502735936631
1501824 512 0 24502736215271
1502336 512 0 24502736493912
1502848 512 0 24502736772553
1503360 512 0 24502737051193
1503872 512 0 24502737329834
1504384 512 0 24502737608474
1504896 512 0 24502737887115
1505408 512 0 24502738165755
1505920 512 0 24502738444396
1506432 512 0 24502738723037
1506944 512 0 24502739001678
1507456 512 0 24502739280318
1507968 512 0 24502739558959
1508480 512 0 24502739837600
1508992 512 0 24502740116240
1509504 512 0 24502740394881
1510016 512 0 24502740673521
1510528 512 0 24502740952162
1511040 512 0 24502741230803
1511552 512 0 24502741509443
1512064 512 0 24502741788084
1512576 512 0 24502742066724
1513088 512 0 24502742345365
1513600 512 0 24502742624005
1514112 512 0 24502742902646
1514624 512 0 24502743181287
1515136 512 0 24502743459927
1515648 512 0 24502743738568
1516160 512 0 24502744017208
1516672 512 0 24502744295849
1517184 512 0 24502744574489
1517696 512 0 24502744853130
1518208 512 0 24502745131771
1518720 512 0 24502745410411
1519232 512 0 24502745689052
1519744 512 0 24502745967692
1520256 512 0 24502746246333
1520768 512 0 24502746524973
1521280 512 0 24502746803614
1521792 512 0 24502747082255
1522304 512 0 24502747360895
1522816 512 0 24502747639536
1523328 512 0 24502747918177
1523840 512 0 24502748196818
1524352 512 0 24502748475458
1524864 512 0 24502748754099
1525376 512 0 24502749032739
1525888 512 0 24502749311380
1526400 512 0 24502749590020
1526912 512 0 24502749868661
1527424 512 0 24502750147302
1527936 512 0 24502750425942
1528448 512 0 24502750704583
1528960 512 0 24502750983223
1529472 512 0 24502751261864
1529984 512 0 24502751540504
1530496 512 0 24502751819145
1531008 512 0 24502752097786
1531520 512 0 24502752376426
1532032 512 0 24502752655067
1532544 512 0 24502752933707
1533056 512 0 24502753212348
1533568 512 0 24502753490988
1534080 512 0 24502753769629
1534592 512 0 24502754048270
1535104 512 0 24502754326910
1535616 512 0 24502754605551
1536128 512 0 24502754884191
1536640 512 0 24502755162832
1537152 512 0 24502755441473
1537664 512 0 24502755720113
1538176 512 0 24502755998754
1538688 512 0 24502756277394
1539200 512 0 24502756556035
1539712 512 0 24502756834676
1540224 512 0 24502757113317
1540736 512 0 24502757391957
1541248 512 0 24502757670598
1541760 512 0 24502757949238
1542272 512 0 24502758227879
1542784 512 0 24502758506520
1543296 512 0 24502758785160
1543808 512 0 24502759063801
1544320 512 0 24502759342441
1544832 512 0 24502759621082
1545344 512 0 24502759899722
1545856 512 0 24502760178363
1546368 512 0 24502760457004
1546880 512 0 24502760735644
1547392 512 0 24502761014285
1547904 512 0 24502761292925
1548416 512 0 24502761571566
1548928 512 0 24502761850206
1549440 512 0 24502762128847
1549952 512 0 24502762407488
1550464 512 0 24502762686128
1550976 512 0 24502762964769
1551488 512 0 24502763243409
1552000 512 0 24502763522050
1552512 512 0 24502763800690
1553024 512 0 24502764079331
1553536 512 0 24502764357972
1554048 512 0 24502764636612
1554560 512 0 24502764915253
1555072 512 0 24502765193893
1555584 512 0 24502765472534
1556096 512 0 24502765751176
1556608 512 0 24502766029817
1557120 512 0 24502766308457
1557632 512 0 24502766587098
1558144 512 0 24502766865739
1558656 512 0 24502767144379
1559168 512 0 24502767423020
1559680 512 0 24502767701660
1560192 512 0 24502767980301
1560704 512 0 24502768258941
1561216 512 0 24502768537582
1561728 512 0 24502768816223
1562240 512 0 24502769094863
1562752 512 0 24502769373504
1563264 512 0 24502769652144
1563776 512 0 24502769930785
1564288 512 0 24502770209425
1564800 512 0 24502770488066
1565312 512 0 24502770766707
1565824 512 0 24502771045347
1566336 512 0 24502771323988
1566848 512 0 24502771602628
1567360 512 0 24502771881269
1567872 512 0 24502772159910
1568384 512 0 24502772438550
1568896 512 0 24502772717191
1569408 512 0 24502772995831
1569920 512 0 24502773274472
1570432 512 0 24502773553112
1570944 512 0 24502773831753
1571456 512 0 24502774110394
1571968 512 0 24502774389034
1572480 512 0 24502774667675
1572992 512 0 24502774946316
1573504 512 0 24502775224956
1574016 512 0 24502775503597
1574528 512 0 24502775782238
1575040 512 0 24502776060878
1575552 512 0 24502776339519
1576064 512 0 24502776618159
1576576 512 0 24502776896800
1577088 512 0 24502777175440
1577600 512 0 24502777454081
1578112 512 0 24502777732722
1578624 512 0 24502778011362
1579136 512 0 24502778290003
1579648 512 0 24502778568643
1580160 512 0 24502778847284
1580672 512 0 24502779125925
1581184 512 0 24502779404565
1581696 512 0 24502779683206
1582208 512 0 24502779961846
1582720 512 0 24502780240487
1583232 512 0 24502780519127
1583744 512 0 24502780797768
1584256 512 0 24502781076409
1584768 512 0 24502781355049
1585280 512 0 24502781633690
1585792 512 0 24502781912330
1586304 512 0 24502782190971
1586816 512 0 24502782469612
1587328 512 0 24502782748252
1587840 512 0 24502783026893
1588352 512 0 24502783305533
1588864 512 0 24502783584174
1589376 512 0 24502783862815
1589888 512 0 24502784141455
1590400 512 0 24502784420096
1590912 512 0 24502784698737
1591424 512 0 24502784977377
1591936 512 0 24502785256018
1592448 512 0 24502785534658
1592960 512 0 24502785813299
1593472 512 0 24502786091940
1593984 512 0 24502786370580
1594496 512 0 24502786649221
1595008 512 0 24502786927861
1595520 512 0 24502787206502
1596032 512 0 24502787485142
1596544 512 0 24502787763783
1597056 512 0 24502788042424
1597568 512 0 24502788321064
1598080 512 0 24502788599705
1598592 512 0 24502788878345
1599104 512 0 24502789156986
1599616 512 0 24502789435627
1600128 512 0 24502789714267
1600640 512 0 24502789992908
1601152 512 0 24502790271548
1601664 512 0 24502790550189
1602176 512 0 24502790828829
1602688 512 0 24502791107470
1603200 512 0 24502791386111
1603712 512 0 24502791664751
1604224 512 0 24502791943392
1604736 512 0 24502792222032
1605248 512 0 24502792500674
1605760 512 0 24502792779315
1606272 512 0 24502793057956
1606784 512 0 24502793336596
1607296 512 0 24502793615237
1607808 512 0 24502793893877
1608320 512 0 24502794172518
1608832 512 0 24502794451159
1609344 512 0 24502794729799
1609856 512 0 24502795008440
1610368 512 0 24502795287080
1610880 512 0 24502795565721
1611392 512 0 24502795844361
1611904 512 0 24502796123002
1612416 512 0 24502796401643
1612928 512 0 24502796680283
1613440 512 0 24502796958924
1613952 512 0 24502797237564
1614464 512 0 24502797516205
1614976 512 0 24502797794846
1615488 512 0 24502798073486
1616000 512 0 24502798352127
1616512 512 0 24502798630767
1617024 512 0 24502798909408
1617536 512 0 24502799188049
1618048 512 0 24502799466689
1618560 512 0 24502799745330
1619072 512 0 24502800023970
1619584 512 0 24502800302611
1620096 512 0 24502800581251
1620608 512 0 24502800859892
1621120 512 0 24502801138533
1621632 512 0 24502801417173
1622144 512 0 24502801695814
1622656 512 0 24502801974455
1623168 512 0 24502802253095
1623680 512 0 24502802531736
1624192 512 0 24502802810376
1624704 512 0 24502803089017
1625216 512 0 24502803367658
1625728 512 0 24502803646298
1626240 512 0 24502803924939
1626752 512 0 24502804203579
1627264 512 0 24502804482220
1627776 512 0 24502804760860
1628288 512 0 24502805039501
1628800 512 0 24502805318142
1629312 512 0 24502805596782
1629824 512 0 24502805875423
1630336 512 0 24502806154063
1630848 512 0 24502806432704
1631360 512 0 24502806711345
1631872 512 0 24502806989985
1632384 512 0 24502807268626
1632896 512 0 24502807547266
1633408 512 0 24502807825907
1633920 512 0 24502808104548
1634432 512 0 24502808383188
1634944 512 0 24502808661829
1635456 512 0 24502808940469
1635968 512 0 24502809219110
1636480 512 0 24502809497750
1636992 512 0 24502809776391
1637504 512 0 24502810055032
1638016 512 0 24502810333674
1638528 512 0 24502810612314
1639040 512 0 24502810890955
1639552 512 0 24502811169595
1640064 512 0 24502811448236
1640576 512 0 24502811726876
1641088 512 0 24502812005517
1641600 512 0 24502812284158
1642112 512 0 24502812562798
1642624 512 0 24502812841439
1643136 512 0 24502813120079
1643648 512 0 24502813398720
1644160 512 0 24502813677361
1644672 512 0 24502813956001
1645184 512 0 24502814234642
1645696 512 0 24502814513282
1646208 512 0 24502814791923
1646720 512 0 24502815070564
1647232 512 0 24502815349204
1647744 512 0 24502815627845
1648256 512 0 24502815906485
1648768 512 0 24502816185126
1649280 512 0 24502816463767
1649792 512 0 24502816742407
1650304 512 0 24502817021048
1650816 512 0 24502817299688
1651328 512 0 24502817578329
1651840 512 0 24502817856970
1652352 512 0 24502818135610
1652864 512 0 24502818414251
1653376 512 0 24502818692891
1653888 512 0 24502818971532
1654400 512 0 24502819250173
1654912 512 0 24502819528813
1655424 512 0 24502819807454
1655936 512 0 24502820086094
1656448 512 0 24502820364735
1656960 512 0 24502820643375
1657472 512 0 24502820922016
1657984 512 0 24502821200657
1658496 512 0 24502821479297
1659008 512 0 24502821757938
1659520 512 0 24502822036578
1660032 512 0 24502822315219
1660544 512 0 24502822593860
1661056 512 0 24502822872500
1661568 512 0 24502823151141
1662080 512 0 24502823429781
1662592 512 0 24502823708422
1663104 512 0 24502823987063
1663616 512 0 24502824265703
1664128 512 0 24502824544344
1664640 512 0 24502824822984
1665152 512 0 24502825101625
1665664 512 0 24502825380266
1666176 512 0 24502825658906
1666688 512 0 24502825937547
1667200 512 0 24502826216187
1667712 512 0 24502826494828
1668224 512 0 24502826773469
1668736 512 0 24502827052109
1669248 512 0 24502827330750
1669760 512 0 24502827609390
1670272 512 0 24502827888031
1670784 512 0 24502828166673
1671296 512 0 24502828445313
1671808 512 0 24502828723954
1672320 512 0 24502829002594
1672832 512 0 24502829281235
1673344 512 0 24502829559876
1673856 512 0 24502829838516
1674368 512 0 24502830117157
1674880 512 0 24502830395797
1675392 512 0 24502830674438
1675904 512 0 24502830953079
1676416 512 0 24502831231719
1676928 512 0 24502831510360
1677440 512 0 24502831789000
1677952 512 0 24502832067641
1678464 512 0 24502832346282
1678976 512 0 24502832624922
1679488 512 0 24502832903563
1680000 512 0 24502833182203
1680512 512 0 24502833460844
1681024 512 0 24502833739485
1681536 512 0 24502834018125
1682048 512 0 24502834296766
1682560 512 0 24502834575406
1683072 512 0 24502834854047
1683584 512 0 24502835132688
1684096 512 0 24502835411328
1684608 512 0 24502835689969
1685120 512 0 24502835968609
1685632 512 0 24502836247250
1686144 512 0 24502836525890
1686656 512 0 24502836804531
1687168 512 0 24502837083173
1687680 512 0 24502837361813
1688192 512 0 24502837640454
1688704 512 0 24502837919095
1689216 512 0 24502838197735
1689728 512 0 24502838476376
1690240 512 0 24502838755016
1690752 512 0 24502839033657
1691264 512 0 24502839312298
1691776 512 0 24502839590938
1692288 512 0 24502839869579
1692800 512 0 24502840148219
1693312 512 0 24502840426860
1693824 512 0 24502840705500
1694336 512 0 24502840984141
1694848 512 0 24502841262782
1695360 512 0 24502841541422
1695872 512 0 24502841820063
1696384 512 0 24502842098703
1696896 512 0 24502842377344
1697408 512 0 24502842655985
1697920 512 0 24502842934625
1698432 512 0 24502843213266
1698944 512 0 24502843491906
1699456 512 0 24502843770547
1699968 512 0 24502844049188
1700480 512 0 24502844327828
1700992 512 0 24502844606469
1701504 512 0 24502844885109
1702016 512 0 24502845163750
1702528 512 0 24502845442391
1703040 512 0 24502845721031
1703552 512 0 24502845999673
1704064 512 0 24502846278313
1704576 512 0 24502846556954
1705088 512 0 24502846835595
1705600 512 0 24502847114235
1706112 512 0 24502847392876
1706624 512 0 24502847671516
1707136 512 0 24502847950157
1707648 512 0 24502848228798
1708160 512 0 24502848507438
1708672 512 0 24502848786079
1709184 512 0 24502849064719
1709696 512 0 24502849343360
1710208 512 0 24502849622001
1710720 512 0 24502849900641
1711232 512 0 24502850179282
1711744 512 0 24502850457922
1712256 512 0 24502850736563
1712768 512 0 24502851015204
1713280 512 0 24502851293844
1713792 512 0 24502851572485
1714304 512 0 24502851851125
1714816 512 0 24502852129766
1715328 512 0 24502852408407
1715840 512 0 24502852687047
1716352 512 0 24502852965688
1716864 512 0 24502853244328
1717376 512 0 24502853522969
1717888 512 0 24502853801610
1718400 512 0 24502854080250
1718912 512 0 24502854358891
1719424 512 0 24502854637531
1719936 512 0 24502854916173
1720448 512 0 24502855194813
1720960 512 0 24502855473454
1721472 512 0 24502855752095
1721984 512 0 24502856030735
1722496 512 0 24502856309376
1723008 512 0 24502856588016
1723520 512 0 24502856866657
1724032 512 0 24502857145298
1724544 512 0 24502857423938
1725056 512 0 24502857702579
1725568 512 0 24502857981220
1726080 512 0 24502858259860
1726592 512 0 24502858538501
1727104 512 0 24502858817141
1727616 512 0 24502859095782
1728128 512 0 24502859374423
1728640 512 0 24502859653063
1729152 512 0 24502859931704
1729664 512 0 24502860210344
1730176 512 0 24502860488985
1730688 512 0 24502860767626
1731200 512 0 24502861046266
1731712 512 0 24502861324907
1732224 512 0 24502861603547
1732736 512 0 24502861882188
1733248 512 0 24502862160829
1733760 512 0 24502862439469
1734272 512 0 24502862718110
1734784 512 0 24502862996750
1735296 512 0 24502863275391
1735808 512 0 24502863554032
1736320 512 0 24502863832674
1736832 512 0 24502864111315
1737344 512 0 24502864389955
1737856 512 0 24502864668596
1738368 512 0 24502864947236
1738880 512 0 24502865225877
1739392 512 0 24502865504518
1739904 512 0 24502865783158
1740416 512 0 24502866061799
1740928 512 0 24502866340440
1741440 512 0 24502866619080
1741952 512 0 24502866897721
1742464 512 0 24502867176361
1742976 512 0 24502867455002
1743488 512 0 24502867733643
1744000 512 0 24502868012283
1744512 512 0 24502868290924
1745024 512 0 24502868569564
1745536 512 0 24502868848205
1746048 512 0 24502869126846
1746560 512 0 24502869405486
1747072 512 0 24502869684127
1747584 512 0 24502869962767
1748096 512 0 24502870241408
1748608 512 0 24502870520049
1749120 512 0 24502870798689
1749632 512 0 24502871077330
1750144 512 0 24502871355970
1750656 512 0 24502871634611
1751168 512 0 24502871913252
1751680 512 0 24502872191892
1752192 512 0 24502872470533
1752704 512 0 24502872749175
1753216 512 0 24502873027816
1753728 512 0 24502873306456
1754240 512 0 24502873585097
1754752 512 0 24502873863738
1755264 512 0 24502874142378
1755776 512 0 24502874421019
1756288 512 0 24502874699659
1756800 512 0 24502874978300
1757312 512 0 24502875256941
1757824 512 0 24502875535581
1758336 512 0 24502875814222
1758848 512 0 24502876092863
1759360 512 0 24502876371503
1759872 512 0 24502876650144
1760384 512 0 24502876928784
1760896 512 0 24502877207425
1761408 512 0 24502877486066
1761920 512 0 24502877764706
1762432 512 0 24502878043347
1762944 512 0 24502878321987
1763456 512 0 24502878600628
