9276 512 0 24500900235486
9788 512 0 24500900514125
10300 512 0 24500900792765
10812 512 0 24500901071404
11324 512 0 24500901350044
11836 512 0 24500901628683
12348 512 0 24500901907323
12860 512 0 24500902185962
13372 512 0 24500902464601
13884 512 0 24500902743241
14396 512 0 24500903021880
14908 512 0 24500903300520
15420 512 0 24500903579159
15932 512 0 24500903857799
16444 512 0 24500904136438
16956 512 0 24500904415077
17468 512 0 24500904693717
17980 512 0 24500904972356
18492 512 0 24500905250996
19004 512 0 24500905529635
19516 512 0 24500905808275
20028 512 0 24500906086914
20540 512 0 24500906365554
21052 512 0 24500906644193
21564 512 0 24500906922832
22076 512 0 24500907201472
22588 512 0 24500907480111
23100 512 0 24500907758751
23612 512 0 24500908037390
24124 512 0 24500908316030
24636 512 0 24500908594669
25148 512 0 24500908873341
25660 512 0 24500909151981
26172 512 0 24500909430622
26684 512 0 24500909709262
27196 512 0 24500909987902
27708 512 0 24500910266542
28220 512 0 24500910545183
28732 512 0 24500910823823
29244 512 0 24500911102463
29756 512 0 24500911381103
30268 512 0 24500911659744
30780 512 0 24500911938384
31292 512 0 24500912217024
31804 512 0 24500912495665
32316 512 0 24500912774305
32828 512 0 24500913052945
33340 512 0 24500913331585
33852 512 0 24500913610236
34364 512 0 24500913888876
34876 512 0 24500914167517
35388 512 0 24500914446158
35900 512 0 24500914724798
36412 512 0 24500915003439
36924 512 0 24500915282079
37436 512 0 24500915560720
37948 512 0 24500915839360
38460 512 0 24500916118001
38972 512 0 24500916396641
39484 512 0 24500916675282
39996 512 0 24500916953922
40508 512 0 24500917232563
41020 512 0 24500917511203
41532 512 0 24500917789844
42044 512 0 24500918068485
42556 512 0 24500918347126
43068 512 0 24500918625766
43580 512 0 24500918904407
44092 512 0 24500919183047
44604 512 0 24500919461688
45116 512 0 24500919740328
45628 512 0 24500920018969
46140 512 0 24500920297610
46652 512 0 24500920576250
47164 512 0 24500920854891
47676 512 0 24500921133531
48188 512 0 24500921412172
48700 512 0 24500921690812
49212 512 0 24500921969453
49724 512 0 24500922248095
50236 512 0 24500922526736
50748 512 0 24500922805376
51260 512 0 24500923084017
51772 512 0 24500923362658
52284 512 0 24500923641298
52796 512 0 24500923919939
53308 512 0 24500924198579
53820 512 0 24500924477220
54332 512 0 24500924755860
54844 512 0 24500925034501
55356 512 0 24500925313142
55868 512 0 24500925591782
56380 512 0 24500925870423
56892 512 0 24500926149063
57404 512 0 24500926427704
57916 512 0 24500926706344
58428 512 0 24500926984985
58940 512 0 24500927263625
59452 512 0 24500927542266
59964 512 0 24500927820906
60476 512 0 24500928099547
60988 512 0 24500928378187
61500 512 0 24500928656828
62012 512 0 24500928935469
62524 512 0 24500929214109
63036 512 0 24500929492750
63548 512 0 24500929771390
64060 512 0 24500930050031
64572 512 0 24500930328671
65084 512 0 24500930607312
65596 512 0 24500930885953
66108 512 0 24500931164594
66620 512 0 24500931443235
67132 512 0 24500931721876
67644 512 0 24500932000516
68156 512 0 24500932279157
68668 512 0 24500932557797
69180 512 0 24500932836438
69692 512 0 24500933115079
70204 512 0 24500933393719
70716 512 0 24500933672360
71228 512 0 24500933951000
71740 512 0 24500934229641
72252 512 0 24500934508282
72764 512 0 24500934786922
73276 512 0 24500935065563
73788 512 0 24500935344203
74300 512 0 24500935622844
74812 512 0 24500935901484
75324 512 0 24500936180124
75836 512 0 24500936458765
76348 512 0 24500936737406
76860 512 0 24500937016046
77372 512 0 24500937294687
77884 512 0 24500937573327
78396 512 0 24500937851968
78908 512 0 24500938130609
79420 512 0 24500938409249
79932 512 0 24500938687890
80444 512 0 24500938966530
80956 512 0 24500939245171
81468 512 0 24500939523812
81980 512 0 24500939802452
82492 512 0 24500940081093
83004 512 0 24500940359734
83516 512 0 24500940638375
84028 512 0 24500940917015
84540 512 0 24500941195656
85052 512 0 24500941474296
85564 512 0 24500941752937
86076 512 0 24500942031578
86588 512 0 24500942310218
87100 512 0 24500942588859
87612 512 0 24500942867499
88124 512 0 24500943146140
88636 512 0 24500943424781
89148 512 0 24500943703421
89660 512 0 24500943982062
90172 512 0 24500944260702
90684 512 0 24500944539342
91196 512 0 24500944817983
91708 512 0 24500945096623
92220 512 0 24500945375264
92732 512 0 24500945653905
93244 512 0 24500945932545
93756 512 0 24500946211186
94268 512 0 24500946489826
94780 512 0 24500946768467
95292 512 0 24500947047108
95804 512 0 24500947325748
96316 512 0 24500947604389
96828 512 0 24500947883029
97340 512 0 24500948161670
97852 512 0 24500948440310
98364 512 0 24500948718951
98876 512 0 24500948997591
99388 512 0 24500949276232
99900 512 0 24500949554872
100412 512 0 24500949833513
100924 512 0 24500950112153
101436 512 0 24500950390794
101948 512 0 24500950669435
102460 512 0 24500950948075
102972 512 0 24500951226716
103484 512 0 24500951505356
103996 512 0 24500951783997
104508 512 0 24500952062638
105020 512 0 24500952341278
105532 512 0 24500952619919
106044 512 0 24500952898559
106556 512 0 24500953177200
107068 512 0 24500953455840
107580 512 0 24500953734482
108092 512 0 24500954013122
108604 512 0 24500954291763
109116 512 0 24500954570404
109628 512 0 24500954849044
110140 512 0 24500955127685
110652 512 0 24500955406325
111164 512 0 24500955684966
111676 512 0 24500955963607
112188 512 0 24500956242247
112700 512 0 24500956520888
113212 512 0 24500956799528
113724 512 0 24500957078169
114236 512 0 24500957356810
114748 512 0 24500957635450
115260 512 0 24500957914090
115772 512 0 24500958192731
116284 512 0 24500958471371
116796 512 0 24500958750012
117308 512 0 24500959028652
117820 512 0 24500959307293
118332 512 0 24500959585934
118844 512 0 24500959864574
119356 512 0 24500960143215
119868 512 0 24500960421855
120380 512 0 24500960700496
120892 512 0 24500960979137
121404 512 0 24500961257777
121916 512 0 24500961536418
122428 512 0 24500961815058
122940 512 0 24500962093699
123452 512 0 24500962372340
123964 512 0 24500962650981
124476 512 0 24500962929622
124988 512 0 24500963208262
125500 512 0 24500963486903
126012 512 0 24500963765543
126524 512 0 24500964044184
127036 512 0 24500964322824
127548 512 0 24500964601465
128060 512 0 24500964880106
128572 512 0 24500965158746
129084 512 0 24500965437387
129596 512 0 24500965716027
130108 512 0 24500965994668
130620 512 0 24500966273309
131132 512 0 24500966551949
131644 512 0 24500966830590
132156 512 0 24500967109231
132668 512 0 24500967387872
133180 512 0 24500967666512
133692 512 0 24500967945153
134204 512 0 24500968223793
134716 512 0 24500968502434
135228 512 0 24500968781075
135740 512 0 24500969059715
136252 512 0 24500969338356
136764 512 0 24500969616996
137276 512 0 24500969895637
137788 512 0 24500970174278
138300 512 0 24500970452918
138812 512 0 24500970731559
139324 512 0 24500971010199
139836 512 0 24500971288840
140348 512 0 24500971567480
140860 512 0 24500971846121
141372 512 0 24500972124761
141884 512 0 24500972403402
142396 512 0 24500972682042
142908 512 0 24500972960683
143420 512 0 24500973239324
143932 512 0 24500973517964
144444 512 0 24500973796605
144956 512 0 24500974075245
145468 512 0 24500974353886
145980 512 0 24500974632527
146492 512 0 24500974911167
147004 512 0 24500975189808
147516 512 0 24500975468448
148028 512 0 24500975747089
148540 512 0 24500976025730
149052 512 0 24500976304371
149564 512 0 24500976583011
150076 512 0 24500976861652
150588 512 0 24500977140292
151100 512 0 24500977418933
151612 512 0 24500977697574
152124 512 0 24500977976214
152636 512 0 24500978254855
153148 512 0 24500978533495
153660 512 0 24500978812136
154172 512 0 24500979090777
154684 512 0 24500979369417
155196 512 0 24500979648058
155708 512 0 24500979926698
156220 512 0 24500980205338
156732 512 0 24500980483979
157244 512 0 24500980762620
157756 512 0 24500981041260
158268 512 0 24500981319901
158780 512 0 24500981598541
159292 512 0 24500981877182
159804 512 0 24500982155823
160316 512 0 24500982434463
160828 512 0 24500982713104
161340 512 0 24500982991744
161852 512 0 24500983270385
162364 512 0 24500983549026
162876 512 0 24500983827666
163388 512 0 24500984106307
163900 512 0 24500984384947
164412 512 0 24500984663588
164924 512 0 24500984942229
165436 512 0 24500985220870
165948 512 0 24500985499510
166460 512 0 24500985778151
166972 512 0 24500986056791
167484 512 0 24500986335432
167996 512 0 24500986614073
168508 512 0 24500986892713
169020 512 0 24500987171354
169532 512 0 24500987449994
170044 512 0 24500987728635
170556 512 0 24500988007276
171068 512 0 24500988285916
171580 512 0 24500988564557
172092 512 0 24500988843197
172604 512 0 24500989121838
173116 512 0 24500989400479
173628 512 0 24500989679120
174140 512 0 24500989957760
174652 512 0 24500990236401
175164 512 0 24500990515041
175676 512 0 24500990793682
176188 512 0 24500991072323
176700 512 0 24500991350963
177212 512 0 24500991629604
177724 512 0 24500991908244
178236 512 0 24500992186885
178748 512 0 24500992465526
179260 512 0 24500992744166
179772 512 0 24500993022807
180284 512 0 24500993301447
180796 512 0 24500993580087
181308 512 0 24500993858728
181820 512 0 24500994137369
182332 512 0 24500994416009
182844 512 0 24500994694650
183356 512 0 24500994973290
183868 512 0 24500995251931
184380 512 0 24500995530572
184892 512 0 24500995809212
185404 512 0 24500996087853
185916 512 0 24500996366493
186428 512 0 24500996645134
186940 512 0 24500996923775
187452 512 0 24500997202415
187964 512 0 24500997481056
188476 512 0 24500997759696
188988 512 0 24500998038337
189500 512 0 24500998316978
190012 512 0 24500998595619
190524 512 0 24500998874259
191036 512 0 24500999152900
191548 512 0 24500999431540
192060 512 0 24500999710181
192572 512 0 24500999988822
193084 512 0 24501000267462
193596 512 0 24501000546103
194108 512 0 24501000824743
194620 512 0 24501001103384
195132 512 0 24501001382025
195644 512 0 24501001660665
196156 512 0 24501001939306
196668 512 0 24501002217946
197180 512 0 24501002496586
197692 512 0 24501002775227
198204 512 0 24501003053868
198716 512 0 24501003332508
199228 512 0 24501003611149
199740 512 0 24501003889789
200252 512 0 24501004168430
200764 512 0 24501004447071
201276 512 0 24501004725711
201788 512 0 24501005004352
202300 512 0 24501005282992
202812 512 0 24501005561633
203324 512 0 24501005840274
203836 512 0 24501006118914
204348 512 0 24501006397555
204860 512 0 24501006676195
205372 512 0 24501006954836
205884 512 0 24501007233477
206396 512 0 24501007512118
206908 512 0 24501007790758
207420 512 0 24501008069399
207932 512 0 24501008348039
208444 512 0 24501008626680
208956 512 0 24501008905321
209468 512 0 24501009183961
209980 512 0 24501009462602
210492 512 0 24501009741242
211004 512 0 24501010019883
211516 512 0 24501010298524
212028 512 0 24501010577164
212540 512 0 24501010855805
213052 512 0 24501011134445
213564 512 0 24501011413086
214076 512 0 24501011691727
214588 512 0 24501011970368
215100 512 0 24501012249008
215612 512 0 24501012527649
216124 512 0 24501012806289
216636 512 0 24501013084930
217148 512 0 24501013363571
217660 512 0 24501013642211
218172 512 0 24501013920852
218684 512 0 24501014199492
219196 512 0 24501014478133
219708 512 0 24501014756774
220220 512 0 24501015035414
220732 512 0 24501015314055
221244 512 0 24501015592695
221756 512 0 24501015871335
222268 512 0 24501016149976
222780 512 0 24501016428617
223292 512 0 24501016707257
223804 512 0 24501016985898
224316 512 0 24501017264538
224828 512 0 24501017543179
225340 512 0 24501017821820
225852 512 0 24501018100460
226364 512 0 24501018379101
226876 512 0 24501018657741
227388 512 0 24501018936382
227900 512 0 24501019215023
228412 512 0 24501019493663
228924 512 0 24501019772304
229436 512 0 24501020050944
229948 512 0 24501020329584
230460 512 0 24501020608225
230972 512 0 24501020886866
231484 512 0 24501021165506
231996 512 0 24501021444147
232508 512 0 24501021722787
233020 512 0 24501022001428
233532 512 0 24501022280068
234044 512 0 24501022558709
234556 512 0 24501022837350
235068 512 0 24501023115990
235580 512 0 24501023394631
236092 512 0 24501023673271
236604 512 0 24501023951912
237116 512 0 24501024230553
237628 512 0 24501024509193
238140 512 0 24501024787834
238652 512 0 24501025066475
239164 512 0 24501025345116
239676 512 0 24501025623756
240188 512 0 24501025902397
240700 512 0 24501026181037
241212 512 0 24501026459678
241724 512 0 24501026738319
242236 512 0 24501027016959
242748 512 0 24501027295600
243260 512 0 24501027574240
243772 512 0 24501027852881
244284 512 0 24501028131522
244796 512 0 24501028410162
245308 512 0 24501028688803
245820 512 0 24501028967443
246332 512 0 24501029246084
246844 512 0 24501029524724
247356 512 0 24501029803364
247868 512 0 24501030082005
248380 512 0 24501030360646
248892 512 0 24501030639286
249404 512 0 24501030917927
249916 512 0 24501031196567
250428 512 0 24501031475208
250940 512 0 24501031753849
251452 512 0 24501032032489
251964 512 0 24501032311130
252476 512 0 24501032589770
252988 512 0 24501032868411
253500 512 0 24501033147052
254012 512 0 24501033425692
254524 512 0 24501033704333
255036 512 0 24501033982974
255548 512 0 24501034261615
256060 512 0 24501034540255
256572 512 0 24501034818896
257084 512 0 24501035097536
257596 512 0 24501035376177
258108 512 0 24501035654818
258620 512 0 24501035933458
259132 512 0 24501036212099
259644 512 0 24501036490739
260156 512 0 24501036769380
260668 512 0 24501037048021
261180 512 0 24501037326661
261692 512 0 24501037605302
262204 512 0 24501037883942
262716 512 0 24501038162582
263228 512 0 24501038441223
263740 512 0 24501038719863
264252 512 0 24501038998504
264764 512 0 24501039277145
265276 512 0 24501039555785
265788 512 0 24501039834426
266300 512 0 24501040113066
266812 512 0 24501040391707
267324 512 0 24501040670348
267836 512 0 24501040948988
268348 512 0 24501041227629
268860 512 0 24501041506269
269372 512 0 24501041784910
269884 512 0 24501042063551
270396 512 0 24501042342191
270908 512 0 24501042620831
271420 512 0 24501042899472
271932 512 0 24501043178112
272444 512 0 24501043456753
272956 512 0 24501043735394
273468 512 0 24501044014034
273980 512 0 24501044292675
274492 512 0 24501044571315
275004 512 0 24501044849956
275516 512 0 24501045128597
276028 512 0 24501045407237
276540 512 0 24501045685878
277052 512 0 24501045964518
277564 512 0 24501046243159
278076 512 0 24501046521800
278588 512 0 24501046800440
279100 512 0 24501047079081
279612 512 0 24501047357722
280124 512 0 24501047636362
280636 512 0 24501047915003
281148 512 0 24501048193644
281660 512 0 24501048472284
282172 512 0 24501048750925
282684 512 0 24501049029565
283196 512 0 24501049308206
283708 512 0 24501049586847
284220 512 0 24501049865487
284732 512 0 24501050144128
285244 512 0 24501050422768
285756 512 0 24501050701409
286268 512 0 24501050980050
286780 512 0 24501051258690
287292 512 0 24501051537331
287804 512 0 24501051815972
288316 512 0 24501052094613
288828 512 0 24501052373253
289340 512 0 24501052651894
289852 512 0 24501052930534
290364 512 0 24501053209175
290876 512 0 24501053487816
291388 512 0 24501053766456
291900 512 0 24501054045097
292412 512 0 24501054323737
292924 512 0 24501054602378
293436 512 0 24501054881019
293948 512 0 24501055159659
294460 512 0 24501055438300
294972 512 0 24501055716940
295484 512 0 24501055995580
295996 512 0 24501056274221
296508 512 0 24501056552861
297020 512 0 24501056831502
297532 512 0 24501057110143
298044 512 0 24501057388783
298556 512 0 24501057667424
299068 512 0 24501057946064
299580 512 0 24501058224705
300092 512 0 24501058503346
300604 512 0 24501058781986
301116 512 0 24501059060627
301628 512 0 24501059339267
302140 512 0 24501059617908
302652 512 0 24501059896549
303164 512 0 24501060175189
303676 512 0 24501060453829
304188 512 0 24501060732470
304700 512 0 24501061011110
305212 512 0 24501061289751
305724 512 0 24501061568392
306236 512 0 24501061847032
306748 512 0 24501062125673
307260 512 0 24501062404313
307772 512 0 24501062682954
308284 512 0 24501062961595
308796 512 0 24501063240235
309308 512 0 24501063518876
309820 512 0 24501063797516
310332 512 0 24501064076157
310844 512 0 24501064354798
311356 512 0 24501064633438
311868 512 0 24501064912079
312380 512 0 24501065190720
312892 512 0 24501065469360
313404 512 0 24501065748001
313916 512 0 24501066026642
314428 512 0 24501066305282
314940 512 0 24501066583923
315452 512 0 24501066862563
315964 512 0 24501067141204
316476 512 0 24501067419845
316988 512 0 24501067698485
317500 512 0 24501067977126
318012 512 0 24501068255766
318524 512 0 24501068534407
319036 512 0 24501068813048
319548 512 0 24501069091688
320060 512 0 24501069370329
320572 512 0 24501069648970
321084 512 0 24501069927611
321596 512 0 24501070206251
322108 512 0 24501070484892
322620 512 0 24501070763532
323132 512 0 24501071042173
323644 512 0 24501071320814
324156 512 0 24501071599454
324668 512 0 24501071878095
325180 512 0 24501072156735
325692 512 0 24501072435376
326204 512 0 24501072714017
326716 512 0 24501072992657
327228 512 0 24501073271298
327740 512 0 24501073549938
328252 512 0 24501073828578
328764 512 0 24501074107219
329276 512 0 24501074385859
329788 512 0 24501074664500
330300 512 0 24501074943141
330812 512 0 24501075221781
331324 512 0 24501075500422
331836 512 0 24501075779062
332348 512 0 24501076057703
332860 512 0 24501076336344
333372 512 0 24501076614984
333884 512 0 24501076893625
334396 512 0 24501077172265
334908 512 0 24501077450906
335420 512 0 24501077729547
335932 512 0 24501078008187
336444 512 0 24501078286827
336956 512 0 24501078565468
337468 512 0 24501078844108
337980 512 0 24501079122749
338492 512 0 24501079401390
339004 512 0 24501079680030
339516 512 0 24501079958671
340028 512 0 24501080237311
340540 512 0 24501080515952
341052 512 0 24501080794593
341564 512 0 24501081073233
342076 512 0 24501081351874
342588 512 0 24501081630514
343100 512 0 24501081909155
343612 512 0 24501082187796
344124 512 0 24501082466436
344636 512 0 24501082745077
345148 512 0 24501083023717
345660 512 0 24501083302357
346172 512 0 24501083580998
346684 512 0 24501083859639
347196 512 0 24501084138279
347708 512 0 24501084416920
348220 512 0 24501084695560
348732 512 0 24501084974201
349244 512 0 24501085252841
349756 512 0 24501085531482
350268 512 0 24501085810123
350780 512 0 24501086088763
351292 512 0 24501086367404
351804 512 0 24501086646044
352316 512 0 24501086924685
352828 512 0 24501087203326
353340 512 0 24501087481967
353852 512 0 24501087760607
354364 512 0 24501088039248
354876 512 0 24501088317889
355388 512 0 24501088596529
355900 512 0 24501088875170
356412 512 0 24501089153810
356924 512 0 24501089432451
357436 512 0 24501089711092
357948 512 0 24501089989732
358460 512 0 24501090268373
358972 512 0 24501090547013
359484 512 0 24501090825654
359996 512 0 24501091104295
360508 512 0 24501091382935
361020 512 0 24501091661575
361532 512 0 24501091940216
362044 512 0 24501092218856
362556 512 0 24501092497497
363068 512 0 24501092776138
363580 512 0 24501093054778
364092 512 0 24501093333419
364604 512 0 24501093612059
365116 512 0 24501093890700
365628 512 0 24501094169340
366140 512 0 24501094447981
366652 512 0 24501094726622
367164 512 0 24501095005262
367676 512 0 24501095283903
368188 512 0 24501095562543
368700 512 0 24501095841184
369212 512 0 24501096119825
369724 512 0 24501096398466
370236 512 0 24501096677106
370748 512 0 24501096955747
371260 512 0 24501097234388
371772 512 0 24501097513028
372284 512 0 24501097791669
372796 512 0 24501098070309
373308 512 0 24501098348950
373820 512 0 24501098627591
374332 512 0 24501098906231
374844 512 0 24501099184872
375356 512 0 24501099463512
375868 512 0 24501099742153
376380 512 0 24501100020794
376892 512 0 24501100299434
377404 512 0 24501100578075
377916 512 0 24501100856716
378428 512 0 24501101135357
378940 512 0 24501101413997
379452 512 0 24501101692638
379964 512 0 24501101971278
380476 512 0 24501102249919
380988 512 0 24501102528559
381500 512 0 24501102807200
382012 512 0 24501103085841
382524 512 0 24501103364481
383036 512 0 24501103643122
383548 512 0 24501103921762
384060 512 0 24501104200403
384572 512 0 24501104479044
385084 512 0 24501104757684
385596 512 0 24501105036325
386108 512 0 24501105314966
386620 512 0 24501105593607
387132 512 0 24501105872247
387644 512 0 24501106150888
388156 512 0 24501106429528
388668 512 0 24501106708169
389180 512 0 24501106986810
389692 512 0 24501107265450
390204 512 0 24501107544091
390716 512 0 24501107822731
391228 512 0 24501108101372
391740 512 0 24501108380013
392252 512 0 24501108658653
392764 512 0 24501108937294
393276 512 0 24501109215934
393788 512 0 24501109494575
394300 512 0 24501109773216
394812 512 0 24501110051857
395324 512 0 24501110330497
395836 512 0 24501110609138
396348 512 0 24501110887778
396860 512 0 24501111166419
397372 512 0 24501111445060
397884 512 0 24501111723700
398396 512 0 24501112002341
398908 512 0 24501112280981
399420 512 0 24501112559622
399932 512 0 24501112838263
400444 512 0 24501113116903
400956 512 0 24501113395544
401468 512 0 24501113674184
401980 512 0 24501113952824
402492 512 0 24501114231465
403004 512 0 24501114510106
403516 512 0 24501114788746
404028 512 0 24501115067387
404540 512 0 24501115346027
405052 512 0 24501115624668
405564 512 0 24501115903309
406076 512 0 24501116181949
406588 512 0 24501116460590
407100 512 0 24501116739230
407612 512 0 24501117017871
408124 512 0 24501117296512
408636 512 0 24501117575152
409148 512 0 24501117853793
409660 512 0 24501118132433
410172 512 0 24501118411074
410684 512 0 24501118689715
411196 512 0 24501118968356
411708 512 0 24501119246996
412220 512 0 24501119525637
412732 512 0 24501119804277
413244 512 0 24501120082918
413756 512 0 24501120361559
414268 512 0 24501120640199
414780 512 0 24501120918840
415292 512 0 24501121197480
415804 512 0 24501121476121
416316 512 0 24501121754762
416828 512 0 24501122033402
417340 512 0 24501122312043
417852 512 0 24501122590683
418364 512 0 24501122869324
418876 512 0 24501123147964
419388 512 0 24501123426605
419900 512 0 24501123705245
420412 512 0 24501123983886
420924 512 0 24501124262526
421436 512 0 24501124541167
421948 512 0 24501124819808
422460 512 0 24501125098448
422972 512 0 24501125377089
423484 512 0 24501125655729
423996 512 0 24501125934370
424508 512 0 24501126213010
425020 512 0 24501126491651
425532 512 0 24501126770292
426044 512 0 24501127048932
426556 512 0 24501127327576
427068 512 0 24501127606216
427580 512 0 24501127884857
428092 512 0 24501128163497
428604 512 0 24501128442138
429116 512 0 24501128720779
429628 512 0 24501128999419
430140 512 0 24501129278060
430652 512 0 24501129556700
431164 512 0 24501129835341
431676 512 0 24501130113982
432188 512 0 24501130392622
432700 512 0 24501130671263
433212 512 0 24501130949904
433724 512 0 24501131228544
434236 512 0 24501131507185
434748 512 0 24501131785826
435260 512 0 24501132064466
435772 512 0 24501132343107
436284 512 0 24501132621747
436796 512 0 24501132900388
437308 512 0 24501133179029
437820 512 0 24501133457669
438332 512 0 24501133736310
438844 512 0 24501134014951
439356 512 0 24501134293591
439868 512 0 24501134572232
440380 512 0 24501134850872
440892 512 0 24501135129513
441404 512 0 24501135408154
441916 512 0 24501135686794
442428 512 0 24501135965435
442940 512 0 24501136244075
443452 512 0 24501136522715
443964 512 0 24501136801356
444476 512 0 24501137079996
444988 512 0 24501137358637
445500 512 0 24501137637278
446012 512 0 24501137915918
446524 512 0 24501138194559
447036 512 0 24501138473199
447548 512 0 24501138751840
448060 512 0 24501139030481
448572 512 0 24501139309121
449084 512 0 24501139587762
449596 512 0 24501139866402
450108 512 0 24501140145043
450620 512 0 24501140423684
451132 512 0 24501140702324
451644 512 0 24501140980965
452156 512 0 24501141259606
452668 512 0 24501141538246
453180 512 0 24501141816887
453692 512 0 24501142095528
454204 512 0 24501142374168
454716 512 0 24501142652809
455228 512 0 24501142931449
455740 512 0 24501143210090
456252 512 0 24501143488731
456764 512 0 24501143767371
457276 512 0 24501144046012
457788 512 0 24501144324652
458300 512 0 24501144603293
458812 512 0 24501144881934
459324 512 0 24501145160573
459836 512 0 24501145439214
460348 512 0 24501145717855
460860 512 0 24501145996495
461372 512 0 24501146275136
461884 512 0 24501146553777
462396 512 0 24501146832417
462908 512 0 24501147111058
463420 512 0 24501147389698
463932 512 0 24501147668339
464444 512 0 24501147946980
464956 512 0 24501148225620
465468 512 0 24501148504261
465980 512 0 24501148782901
466492 512 0 24501149061542
467004 512 0 24501149340183
467516 512 0 24501149618824
468028 512 0 24501149897464
468540 512 0 24501150176105
469052 512 0 24501150454745
469564 512 0 24501150733386
470076 512 0 24501151012027
470588 512 0 24501151290667
471100 512 0 24501151569308
471612 512 0 24501151847948
472124 512 0 24501152126589
472636 512 0 24501152405230
473148 512 0 24501152683870
473660 512 0 24501152962511
474172 512 0 24501153241151
474684 512 0 24501153519792
475196 512 0 24501153798433
475708 512 0 24501154077073
476220 512 0 24501154355713
476732 512 0 24501154634354
477244 512 0 24501154912994
477756 512 0 24501155191635
478268 512 0 24501155470275
478780 512 0 24501155748916
479292 512 0 24501156027557
479804 512 0 24501156306197
480316 512 0 24501156584838
480828 512 0 24501156863478
481340 512 0 24501157142119
481852 512 0 24501157420760
482364 512 0 24501157699400
482876 512 0 24501157978041
483388 512 0 24501158256681
483900 512 0 24501158535322
484412 512 0 24501158813963
484924 512 0 24501159092604
485436 512 0 24501159371244
485948 512 0 24501159649885
486460 512 0 24501159928526
486972 512 0 24501160207166
487484 512 0 24501160485807
487996 512 0 24501160764447
488508 512 0 24501161043088
489020 512 0 24501161321729
489532 512 0 24501161600369
490044 512 0 24501161879010
490556 512 0 24501162157650
491068 512 0 24501162436291
491580 512 0 24501162714932
492092 512 0 24501162993573
492604 512 0 24501163272213
493116 512 0 24501163550854
493628 512 0 24501163829494
494140 512 0 24501164108135
494652 512 0 24501164386776
495164 512 0 24501164665416
495676 512 0 24501164944057
496188 512 0 24501165222697
496700 512 0 24501165501338
497212 512 0 24501165779979
497724 512 0 24501166058619
498236 512 0 24501166337260
498748 512 0 24501166615900
499260 512 0 24501166894541
499772 512 0 24501167173182
500284 512 0 24501167451821
500796 512 0 24501167730462
501308 512 0 24501168009103
501820 512 0 24501168287743
502332 512 0 24501168566384
502844 512 0 24501168845024
503356 512 0 24501169123665
503868 512 0 24501169402306
504380 512 0 24501169680946
504892 512 0 24501169959587
505404 512 0 24501170238227
505916 512 0 24501170516868
506428 512 0 24501170795509
506940 512 0 24501171074149
507452 512 0 24501171352790
507964 512 0 24501171631430
508476 512 0 24501171910071
508988 512 0 24501172188712
509500 512 0 24501172467353
510012 512 0 24501172745993
510524 512 0 24501173024634
511036 512 0 24501173303274
511548 512 0 24501173581915
512060 512 0 24501173860556
512572 512 0 24501174139196
513084 512 0 24501174417837
513596 512 0 24501174696478
514108 512 0 24501174975118
514620 512 0 24501175253759
515132 512 0 24501175532399
515644 512 0 24501175811040
516156 512 0 24501176089681
516668 512 0 24501176368321
517180 512 0 24501176646961
517692 512 0 24501176925602
518204 512 0 24501177204242
518716 512 0 24501177482883
519228 512 0 24501177761523
519740 512 0 24501178040164
520252 512 0 24501178318805
520764 512 0 24501178597445
521276 512 0 24501178876086
521788 512 0 24501179154726
522300 512 0 24501179433367
522812 512 0 24501179712008
523324 512 0 24501179990648
523836 512 0 24501180269289
524348 512 0 24501180547929
524860 512 0 24501180826570
525372 512 0 24501181105211
525884 512 0 24501181383852
526396 512 0 24501181662492
526908 512 0 24501181941133
527420 512 0 24501182219773
527932 512 0 24501182498414
528444 512 0 24501182777055
528956 512 0 24501183055695
529468 512 0 24501183334336
529980 512 0 24501183612976
530492 512 0 24501183891617
531004 512 0 24501184170258
531516 512 0 24501184448898
532028 512 0 24501184727539
532540 512 0 24501185006179
533052 512 0 24501185284819
533564 512 0 24501185563460
534076 512 0 24501185842101
534588 512 0 24501186120741
535100 512 0 24501186399382
535612 512 0 24501186678022
536124 512 0 24501186956663
536636 512 0 24501187235304
537148 512 0 24501187513944
537660 512 0 24501187792585
538172 512 0 24501188071225
538684 512 0 24501188349866
539196 512 0 24501188628507
539708 512 0 24501188907147
540220 512 0 24501189185788
540732 512 0 24501189464428
541244 512 0 24501189743069
541756 512 0 24501190021710
542268 512 0 24501190300351
542780 512 0 24501190578991
543292 512 0 24501190857632
543804 512 0 24501191136272
544316 512 0 24501191414913
544828 512 0 24501191693554
545340 512 0 24501191972194
545852 512 0 24501192250835
546364 512 0 24501192529475
546876 512 0 24501192808116
547388 512 0 24501193086757
547900 512 0 24501193365397
548412 512 0 24501193644038
548924 512 0 24501193922678
549436 512 0 24501194201319
549948 512 0 24501194479959
550460 512 0 24501194758600
550972 512 0 24501195037240
551484 512 0 24501195315881
551996 512 0 24501195594521
552508 512 0 24501195873162
553020 512 0 24501196151803
553532 512 0 24501196430443
554044 512 0 24501196709084
554556 512 0 24501196987724
555068 512 0 24501197266365
555580 512 0 24501197545006
556092 512 0 24501197823646
556604 512 0 24501198102287
557116 512 0 24501198380927
557628 512 0 24501198659568
558140 512 0 24501198938209
558652 512 0 24501199216850
559164 512 0 24501199495490
559676 512 0 24501199774131
560188 512 0 24501200052771
560700 512 0 24501200331412
561212 512 0 24501200610053
561724 512 0 24501200888693
562236 512 0 24501201167334
562748 512 0 24501201445974
563260 512 0 24501201724615
563772 512 0 24501202003256
564284 512 0 24501202281896
564796 512 0 24501202560537
565308 512 0 24501202839177
565820 512 0 24501203117817
566332 512 0 24501203396458
566844 512 0 24501203675099
567356 512 0 24501203953739
567868 512 0 24501204232380
568380 512 0 24501204511020
568892 512 0 24501204789661
569404 512 0 24501205068302
569916 512 0 24501205346942
570428 512 0 24501205625583
570940 512 0 24501205904223
571452 512 0 24501206182864
571964 512 0 24501206461504
572476 512 0 24501206740145
572988 512 0 24501207018786
573500 512 0 24501207297426
574012 512 0 24501207576066
574524 512 0 24501207854707
575036 512 0 24501208133347
575548 512 0 24501208411988
576060 512 0 24501208690629
576572 512 0 24501208969269
577084 512 0 24501209247910
577596 512 0 24501209526550
578108 512 0 24501209805191
578620 512 0 24501210083832
579132 512 0 24501210362472
579644 512 0 24501210641113
580156 512 0 24501210919753
580668 512 0 24501211198394
581180 512 0 24501211477035
581692 512 0 24501211755675
582204 512 0 24501212034316
582716 512 0 24501212312957
583228 512 0 24501212591598
583740 512 0 24501212870238
584252 512 0 24501213148879
584764 512 0 24501213427519
585276 512 0 24501213706160
585788 512 0 24501213984801
586300 512 0 24501214263441
586812 512 0 24501214542082
587324 512 0 24501214820722
587836 512 0 24501215099363
588348 512 0 24501215378003
588860 512 0 24501215656644
589372 512 0 24501215935285
589884 512 0 24501216213925
590396 512 0 24501216492566
590908 512 0 24501216771207
591420 512 0 24501217049848
591932 512 0 24501217328488
592444 512 0 24501217607129
592956 512 0 24501217885769
593468 512 0 24501218164410
593980 512 0 24501218443051
594492 512 0 24501218721691
595004 512 0 24501219000332
595516 512 0 24501219278972
596028 512 0 24501219557613
596540 512 0 24501219836254
597052 512 0 24501220114894
597564 512 0 24501220393535
598076 512 0 24501220672175
598588 512 0 24501220950815
599100 512 0 24501221229456
599612 512 0 24501221508097
600124 512 0 24501221786737
600636 512 0 24501222065378
601148 512 0 24501222344018
601660 512 0 24501222622659
602172 512 0 24501222901299
602684 512 0 24501223179940
603196 512 0 24501223458581
603708 512 0 24501223737221
604220 512 0 24501224015862
604732 512 0 24501224294502
605244 512 0 24501224573143
605756 512 0 24501224851784
606268 512 0 24501225130424
606780 512 0 24501225409065
607292 512 0 24501225687706
607804 512 0 24501225966347
608316 512 0 24501226244987
608828 512 0 24501226523628
609340 512 0 24501226802268
609852 512 0 24501227080909
610364 512 0 24501227359550
610876 512 0 24501227638190
611388 512 0 24501227916831
611900 512 0 24501228195471
612412 512 0 24501228474112
612924 512 0 24501228752753
613436 512 0 24501229031393
613948 512 0 24501229310034
614460 512 0 24501229588674
614972 512 0 24501229867315
615484 512 0 24501230145955
615996 512 0 24501230424595
616508 512 0 24501230703236
617020 512 0 24501230981877
617532 512 0 24501231260517
618044 512 0 24501231539158
618556 512 0 24501231817798
619068 512 0 24501232096439
619580 512 0 24501232375080
620092 512 0 24501232653720
620604 512 0 24501232932361
621116 512 0 24501233211001
621628 512 0 24501233489642
622140 512 0 24501233768283
622652 512 0 24501234046923
623164 512 0 24501234325564
623676 512 0 24501234604205
624188 512 0 24501234882846
624700 512 0 24501235161486
625212 512 0 24501235440127
625724 512 0 24501235718767
626236 512 0 24501235997408
626748 512 0 24501236276049
627260 512 0 24501236554689
627772 512 0 24501236833330
628284 512 0 24501237111970
628796 512 0 24501237390611
629308 512 0 24501237669252
629820 512 0 24501237947892
630332 512 0 24501238226533
630844 512 0 24501238505173
631356 512 0 24501238783813
631868 512 0 24501239062454
632380 512 0 24501239341094
632892 512 0 24501239619735
633404 512 0 24501239898376
633916 512 0 24501240177016
634428 512 0 24501240455657
634940 512 0 24501240734297
635452 512 0 24501241012938
635964 512 0 24501241291579
636476 512 0 24501241570219
636988 512 0 24501241848860
637500 512 0 24501242127500
638012 512 0 24501242406141
638524 512 0 24501242684782
639036 512 0 24501242963422
639548 512 0 24501243242063
640060 512 0 24501243520704
640572 512 0 24501243799345
641084 512 0 24501244077985
641596 512 0 24501244356626
642108 512 0 24501244635266
642620 512 0 24501244913907
643132 512 0 24501245192548
643644 512 0 24501245471188
644156 512 0 24501245749829
644668 512 0 24501246028469
645180 512 0 24501246307110
645692 512 0 24501246585751
646204 512 0 24501246864391
646716 512 0 24501247143032
647228 512 0 24501247421672
647740 512 0 24501247700313
648252 512 0 24501247978953
648764 512 0 24501248257593
649276 512 0 24501248536234
649788 512 0 24501248814875
650300 512 0 24501249093515
650812 512 0 24501249372156
651324 512 0 24501249650796
651836 512 0 24501249929437
652348 512 0 24501250208078
652860 512 0 24501250486718
653372 512 0 24501250765359
653884 512 0 24501251043999
654396 512 0 24501251322640
654908 512 0 24501251601281
655420 512 0 24501251879921
655932 512 0 24501252158562
656444 512 0 24501252437203
656956 512 0 24501252715844
657468 512 0 24501252994484
657980 512 0 24501253273125
658492 512 0 24501253551765
659004 512 0 24501253830406
659516 512 0 24501254109047
660028 512 0 24501254387687
660540 512 0 24501254666328
661052 512 0 24501254944968
661564 512 0 24501255223609
662076 512 0 24501255502250
662588 512 0 24501255780890
663100 512 0 24501256059531
663612 512 0 24501256338171
664124 512 0 24501256616812
664636 512 0 24501256895453
665148 512 0 24501257174094
665660 512 0 24501257452734
666172 512 0 24501257731375
666684 512 0 24501258010015
667196 512 0 24501258288656
667708 512 0 24501258567297
668220 512 0 24501258845937
668732 512 0 24501259124578
669244 512 0 24501259403218
669756 512 0 24501259681859
670268 512 0 24501259960500
670780 512 0 24501260239140
671292 512 0 24501260517781
671804 512 0 24501260796421
672316 512 0 24501261075061
672828 512 0 24501261353702
673340 512 0 24501261632343
673852 512 0 24501261910983
674364 512 0 24501262189624
674876 512 0 24501262468264
675388 512 0 24501262746905
675900 512 0 24501263025546
676412 512 0 24501263304186
676924 512 0 24501263582827
677436 512 0 24501263861467
677948 512 0 24501264140108
678460 512 0 24501264418748
678972 512 0 24501264697389
679484 512 0 24501264976030
679996 512 0 24501265254670
680508 512 0 24501265533311
681020 512 0 24501265811952
681532 512 0 24501266090593
682044 512 0 24501266369233
682556 512 0 24501266647874
683068 512 0 24501266926514
683580 512 0 24501267205155
684092 512 0 24501267483796
684604 512 0 24501267762436
685116 512 0 24501268041077
685628 512 0 24501268319717
686140 512 0 24501268598358
686652 512 0 24501268876999
687164 512 0 24501269155639
687676 512 0 24501269434280
688188 512 0 24501269712920
688700 512 0 24501269991561
689212 512 0 24501270270201
689724 512 0 24501270548842
690236 512 0 24501270827482
690748 512 0 24501271106123
691260 512 0 24501271384763
691772 512 0 24501271663404
692284 512 0 24501271942044
692796 512 0 24501272220685
693308 512 0 24501272499326
693820 512 0 24501272777966
694332 512 0 24501273056607
694844 512 0 24501273335247
695356 512 0 24501273613888
695868 512 0 24501273892529
696380 512 0 24501274171169
696892 512 0 24501274449810
697404 512 0 24501274728451
697916 512 0 24501275007092
698428 512 0 24501275285732
698940 512 0 24501275564373
699452 512 0 24501275843013
699964 512 0 24501276121654
700476 512 0 24501276400295
700988 512 0 24501276678935
701500 512 0 24501276957576
702012 512 0 24501277236216
702524 512 0 24501277514857
703036 512 0 24501277793498
703548 512 0 24501278072138
704060 512 0 24501278350779
704572 512 0 24501278629419
705084 512 0 24501278908060
705596 512 0 24501279186701
706108 512 0 24501279465342
706620 512 0 24501279743982
707132 512 0 24501280022623
707644 512 0 24501280301263
708156 512 0 24501280579904
708668 512 0 24501280858545
709180 512 0 24501281137185
709692 512 0 24501281415826
710204 512 0 24501281694466
710716 512 0 24501281973107
711228 512 0 24501282251748
711740 512 0 24501282530388
712252 512 0 24501282809029
712764 512 0 24501283087669
713276 512 0 24501283366309
713788 512 0 24501283644950
714300 512 0 24501283923591
714812 512 0 24501284202231
715324 512 0 24501284480872
715836 512 0 24501284759512
716348 512 0 24501285038153
716860 512 0 24501285316794
717372 512 0 24501285595434
717884 512 0 24501285874075
718396 512 0 24501286152715
718908 512 0 24501286431356
719420 512 0 24501286709997
719932 512 0 24501286988637
720444 512 0 24501287267278
720956 512 0 24501287545918
721468 512 0 24501287824559
721980 512 0 24501288103199
722492 512 0 24501288381839
723004 512 0 24501288660480
723516 512 0 24501288939121
724028 512 0 24501289217761
724540 512 0 24501289496402
725052 512 0 24501289775042
725564 512 0 24501290053683
726076 512 0 24501290332324
726588 512 0 24501290610964
727100 512 0 24501290889605
727612 512 0 24501291168245
728124 512 0 24501291446886
728636 512 0 24501291725527
729148 512 0 24501292004167
729660 512 0 24501292282807
730172 512 0 24501292561448
730684 512 0 24501292840088
731196 512 0 24501293118729
731708 512 0 24501293397370
732220 512 0 24501293676010
732732 512 0 24501293954651
733244 512 0 24501294233291
733756 512 0 24501294511932
734268 512 0 24501294790573
734780 512 0 24501295069213
735292 512 0 24501295347854
735804 512 0 24501295626494
736316 512 0 24501295905135
736828 512 0 24501296183776
737340 512 0 24501296462416
737852 512 0 24501296741056
738364 512 0 24501297019697
738876 512 0 24501297298337
739388 512 0 24501297576978
739900 512 0 24501297855619
740412 512 0 24501298134259
740924 512 0 24501298412900
741436 512 0 24501298691540
741948 512 0 24501298970181
742460 512 0 24501299248821
742972 512 0 24501299527462
743484 512 0 24501299806103
743996 512 0 24501300084743
744508 512 0 24501300363384
745020 512 0 24501300642024
745532 512 0 24501300920665
746044 512 0 24501301199307
746556 512 0 24501301477948
747068 512 0 24501301756589
747580 512 0 24501302035229
748092 512 0 24501302313870
748604 512 0 24501302592510
749116 512 0 24501302871151
749628 512 0 24501303149792
750140 512 0 24501303428432
750652 512 0 24501303707073
751164 512 0 24501303985713
751676 512 0 24501304264354
752188 512 0 24501304542995
752700 512 0 24501304821635
753212 512 0 24501305100276
753724 512 0 24501305378916
754236 512 0 24501305657557
754748 512 0 24501305936196
755260 512 0 24501306214836
755772 512 0 24501306493477
756284 512 0 24501306772118
756796 512 0 24501307050758
757308 512 0 24501307329399
757820 512 0 24501307608039
758332 512 0 24501307886680
758844 512 0 24501308165320
759356 512 0 24501308443961
759868 512 0 24501308722602
760380 512 0 24501309001242
760892 512 0 24501309279883
761404 512 0 24501309558523
761916 512 0 24501309837164
762428 512 0 24501310115804
762940 512 0 24501310394445
763452 512 0 24501310673085
763964 512 0 24501310951726
764476 512 0 24501311230366
764988 512 0 24501311509007
765500 512 0 24501311787648
766012 512 0 24501312066288
766524 512 0 24501312344929
767036 512 0 24501312623569
767548 512 0 24501312902210
768060 512 0 24501313180851
768572 512 0 24501313459491
769084 512 0 24501313738132
769596 512 0 24501314016772
770108 512 0 24501314295413
770620 512 0 24501314574054
771132 512 0 24501314852695
771644 512 0 24501315131335
772156 512 0 24501315409976
772668 512 0 24501315688617
773180 512 0 24501315967257
773692 512 0 24501316245898
774204 512 0 24501316524538
774716 512 0 24501316803179
775228 512 0 24501317081820
775740 512 0 24501317360460
776252 512 0 24501317639101
776764 512 0 24501317917741
777276 512 0 24501318196382
777788 512 0 24501318475022
778300 512 0 24501318753663
778812 512 0 24501319032303
779324 512 0 24501319310944
779836 512 0 24501319589584
780348 512 0 24501319868225
780860 512 0 24501320146866
781372 512 0 24501320425506
781884 512 0 24501320704147
782396 512 0 24501320982787
782908 512 0 24501321261428
783420 512 0 24501321540068
783932 512 0 24501321818709
784444 512 0 24501322097350
784956 512 0 24501322375990
785468 512 0 24501322654631
785980 512 0 24501322933271
786492 512 0 24501323211912
787004 512 0 24501323490553
787516 512 0 24501323769193
788028 512 0 24501324047833
788540 512 0 24501324326474
789052 512 0 24501324605114
789564 512 0 24501324883755
790076 512 0 24501325162396
790588 512 0 24501325441036
791100 512 0 24501325719677
791612 512 0 24501325998317
792124 512 0 24501326276958
792636 512 0 24501326555599
793148 512 0 24501326834239
793660 512 0 24501327112880
794172 512 0 24501327391520
794684 512 0 24501327670161
795196 512 0 24501327948802
795708 512 0 24501328227443
796220 512 0 24501328506083
796732 512 0 24501328784724
797244 512 0 24501329063365
797756 512 0 24501329342005
798268 512 0 24501329620646
798780 512 0 24501329899286
799292 512 0 24501330177927
799804 512 0 24501330456567
800316 512 0 24501330735208
800828 512 0 24501331013849
801340 512 0 24501331292489
801852 512 0 24501331571130
802364 512 0 24501331849770
802876 512 0 24501332128411
803388 512 0 24501332407052
803900 512 0 24501332685693
804412 512 0 24501332964333
804924 512 0 24501333242974
805436 512 0 24501333521615
805948 512 0 24501333800255
806460 512 0 24501334078896
806972 512 0 24501334357536
807484 512 0 24501334636177
807996 512 0 24501334914818
808508 512 0 24501335193458
809020 512 0 24501335472099
809532 512 0 24501335750739
810044 512 0 24501336029380
810556 512 0 24501336308021
811068 512 0 24501336586661
811580 512 0 24501336865301
812092 512 0 24501337143942
812604 512 0 24501337422582
813116 512 0 24501337701223
813628 512 0 24501337979864
814140 512 0 24501338258504
814652 512 0 24501338537145
815164 512 0 24501338815785
815676 512 0 24501339094426
816188 512 0 24501339373067
816700 512 0 24501339651707
817212 512 0 24501339930348
817724 512 0 24501340208988
818236 512 0 24501340487629
818748 512 0 24501340766269
819260 512 0 24501341044910
819772 512 0 24501341323550
820284 512 0 24501341602191
820796 512 0 24501341880831
821308 512 0 24501342159472
821820 512 0 24501342438113
822332 512 0 24501342716753
822844 512 0 24501342995394
823356 512 0 24501343274034
823868 512 0 24501343552675
824380 512 0 24501343831315
824892 512 0 24501344109956
825404 512 0 24501344388597
825916 512 0 24501344667237
826428 512 0 24501344945878
826940 512 0 24501345224518
827452 512 0 24501345503159
827964 512 0 24501345781800
828476 512 0 24501346060440
828988 512 0 24501346339080
829500 512 0 24501346617721
830012 512 0 24501346896361
830524 512 0 24501347175002
831036 512 0 24501347453643
831548 512 0 24501347732283
832060 512 0 24501348010924
832572 512 0 24501348289564
833084 512 0 24501348568205
833596 512 0 24501348846846
834108 512 0 24501349125486
834620 512 0 24501349404127
835132 512 0 24501349682767
835644 512 0 24501349961408
836156 512 0 24501350240050
836668 512 0 24501350518691
837180 512 0 24501350797331
837692 512 0 24501351075972
838204 512 0 24501351354613
838716 512 0 24501351633253
839228 512 0 24501351911894
839740 512 0 24501352190534
840252 512 0 24501352469175
840764 512 0 24501352747816
841276 512 0 24501353026456
841788 512 0 24501353305097
842300 512 0 24501353583737
842812 512 0 24501353862378
843324 512 0 24501354141019
843836 512 0 24501354419659
844348 512 0 24501354698300
844860 512 0 24501354976941
845372 512 0 24501355255582
845884 512 0 24501355534222
846396 512 0 24501355812863
846908 512 0 24501356091503
847420 512 0 24501356370144
847932 512 0 24501356648785
848444 512 0 24501356927425
848956 512 0 24501357206066
849468 512 0 24501357484706
849980 512 0 24501357763347
850492 512 0 24501358041988
851004 512 0 24501358320628
851516 512 0 24501358599269
852028 512 0 24501358877909
852540 512 0 24501359156550
853052 512 0 24501359435191
853564 512 0 24501359713832
854076 512 0 24501359992472
854588 512 0 24501360271113
855100 512 0 24501360549753
855612 512 0 24501360828394
856124 512 0 24501361107035
856636 512 0 24501361385675
857148 512 0 24501361664316
857660 512 0 24501361942956
858172 512 0 24501362221597
858684 512 0 24501362500238
859196 512 0 24501362778878
859708 512 0 24501363057519
860220 512 0 24501363336159
860732 512 0 24501363614800
861244 512 0 24501363893440
861756 512 0 24501364172081
862268 512 0 24501364450721
862780 512 0 24501364729362
863292 512 0 24501365008002
863804 512 0 24501365286643
864316 512 0 24501365565284
864828 512 0 24501365843924
865340 512 0 24501366122565
865852 512 0 24501366401205
866364 512 0 24501366679846
866876 512 0 24501366958486
867388 512 0 24501367237127
867900 512 0 24501367515768
868412 512 0 24501367794408
868924 512 0 24501368073048
869436 512 0 24501368351689
869948 512 0 24501368630329
870460 512 0 24501368908970
870972 512 0 24501369187611
871484 512 0 24501369466251
871996 512 0 24501369744892
872508 512 0 24501370023532
873020 512 0 24501370302173
873532 512 0 24501370580814
874044 512 0 24501370859454
874556 512 0 24501371138095
875068 512 0 24501371416735
875580 512 0 24501371695376
876092 512 0 24501371974017
876604 512 0 24501372252657
877116 512 0 24501372531297
877628 512 0 24501372809938
878140 512 0 24501373088578
878652 512 0 24501373367219
879164 512 0 24501373645860
879676 512 0 24501373924500
880188 512 0 24501374203141
880700 512 0 24501374481781
881212 512 0 24501374760422
881724 512 0 24501375039063
882236 512 0 24501375317703
882748 512 0 24501375596344
883260 512 0 24501375874984
883772 512 0 24501376153625
884284 512 0 24501376432265
884796 512 0 24501376710906
885308 512 0 24501376989546
885820 512 0 24501377268187
886332 512 0 24501377546827
886844 512 0 24501377825468
887356 512 0 24501378104109
887868 512 0 24501378382749
888380 512 0 24501378661390
888892 512 0 24501378940030
889404 512 0 24501379218671
889916 512 0 24501379497311
890428 512 0 24501379775952
890940 512 0 24501380054593
891452 512 0 24501380333233
891964 512 0 24501380611874
892476 512 0 24501380890514
892988 512 0 24501381169155
893500 512 0 24501381447796
894012 512 0 24501381726436
894524 512 0 24501382005076
895036 512 0 24501382283717
895548 512 0 24501382562357
896060 512 0 24501382840998
896572 512 0 24501383119639
897084 512 0 24501383398279
897596 512 0 24501383676920
898108 512 0 24501383955560
898620 512 0 24501384234201
899132 512 0 24501384512842
899644 512 0 24501384791482
900156 512 0 24501385070123
900668 512 0 24501385348763
901180 512 0 24501385627404
901692 512 0 24501385906045
902204 512 0 24501386184686
902716 512 0 24501386463326
903228 512 0 24501386741967
903740 512 0 24501387020608
904252 512 0 24501387299248
904764 512 0 24501387577889
905276 512 0 24501387856529
905788 512 0 24501388135170
906300 512 0 24501388413811
906812 512 0 24501388692451
907324 512 0 24501388971092
907836 512 0 24501389249732
908348 512 0 24501389528373
908860 512 0 24501389807013
909372 512 0 24501390085654
909884 512 0 24501390364296
910396 512 0 24501390642937
910908 512 0 24501390921578
911420 512 0 24501391200218
911932 512 0 24501391478859
912444 512 0 24501391757499
912956 512 0 24501392036140
913468 512 0 24501392314781
913980 512 0 24501392593421
914492 512 0 24501392872062
915004 512 0 24501393150702
915516 512 0 24501393429343
916028 512 0 24501393707984
916540 512 0 24501393986624
917052 512 0 24501394265265
917564 512 0 24501394543905
918076 512 0 24501394822546
918588 512 0 24501395101187
919100 512 0 24501395379828
919612 512 0 24501395658468
920124 512 0 24501395937109
920636 512 0 24501396215749
921148 512 0 24501396494390
921660 512 0 24501396773031
922172 512 0 24501397051671
922684 512 0 24501397330312
923196 512 0 24501397608952
923708 512 0 24501397887593
924220 512 0 24501398166234
924732 512 0 24501398444874
925244 512 0 24501398723515
925756 512 0 24501399002155
926268 512 0 24501399280796
926780 512 0 24501399559436
927292 512 0 24501399838077
927804 512 0 24501400116717
928316 512 0 24501400395358
928828 512 0 24501400673998
929340 512 0 24501400952639
929852 512 0 24501401231280
930364 512 0 24501401509920
930876 512 0 24501401788561
931388 512 0 24501402067201
931900 512 0 24501402345842
932412 512 0 24501402624483
932924 512 0 24501402903123
933436 512 0 24501403181764
933948 512 0 24501403460404
934460 512 0 24501403739044
934972 512 0 24501404017685
935484 512 0 24501404296325
935996 512 0 24501404574966
936508 512 0 24501404853607
937020 512 0 24501405132247
937532 512 0 24501405410888
938044 512 0 24501405689528
938556 512 0 24501405968169
939068 512 0 24501406246810
939580 512 0 24501406525450
940092 512 0 24501406804091
940604 512 0 24501407082731
941116 512 0 24501407361372
941628 512 0 24501407640013
942140 512 0 24501407918653
942652 512 0 24501408197293
943164 512 0 24501408475934
943676 512 0 24501408754574
944188 512 0 24501409033215
944700 512 0 24501409311856
945212 512 0 24501409590496
945724 512 0 24501409869137
946236 512 0 24501410147777
946748 512 0 24501410426418
947260 512 0 24501410705059
947772 512 0 24501410983699
948284 512 0 24501411262340
948796 512 0 24501411540980
949308 512 0 24501411819621
949820 512 0 24501412098262
950332 512 0 24501412376902
950844 512 0 24501412655542
951356 512 0 24501412934183
951868 512 0 24501413212823
952380 512 0 24501413491464
952892 512 0 24501413770105
953404 512 0 24501414048745
953916 512 0 24501414327386
954428 512 0 24501414606026
954940 512 0 24501414884667
955452 512 0 24501415163307
955964 512 0 24501415441948
956476 512 0 24501415720589
956988 512 0 24501415999229
957500 512 0 24501416277870
958012 512 0 24501416556510
958524 512 0 24501416835151
959036 512 0 24501417113792
959548 512 0 24501417392433
960060 512 0 24501417671073
960572 512 0 24501417949714
961084 512 0 24501418228355
961596 512 0 24501418506995
962108 512 0 24501418785636
962620 512 0 24501419064276
963132 512 0 24501419342917
963644 512 0 24501419621558
964156 512 0 24501419900198
964668 512 0 24501420178839
965180 512 0 24501420457479
965692 512 0 24501420736120
966204 512 0 24501421014761
966716 512 0 24501421293401
967228 512 0 24501421572041
967740 512 0 24501421850682
968252 512 0 24501422129322
968764 512 0 24501422407963
969276 512 0 24501422686604
969788 512 0 24501422965244
970300 512 0 24501423243885
970812 512 0 24501423522525
971324 512 0 24501423801166
971836 512 0 24501424079807
972348 512 0 24501424358447
972860 512 0 24501424637088
973372 512 0 24501424915728
973884 512 0 24501425194369
974396 512 0 24501425473009
974908 512 0 24501425751650
975420 512 0 24501426030289
975932 512 0 24501426308930
976444 512 0 24501426587570
976956 512 0 24501426866211
977468 512 0 24501427144851
977980 512 0 24501427423492
978492 512 0 24501427702133
979004 512 0 24501427980773
979516 512 0 24501428259414
980028 512 0 24501428538054
980540 512 0 24501428816695
981052 512 0 24501429095335
981564 512 0 24501429373976
982076 512 0 24501429652617
982588 512 0 24501429931257
983100 512 0 24501430209898
983612 512 0 24501430488539
984124 512 0 24501430767180
984636 512 0 24501431045820
985148 512 0 24501431324461
985660 512 0 24501431603101
986172 512 0 24501431881742
986684 512 0 24501432160383
987196 512 0 24501432439023
987708 512 0 24501432717664
988220 512 0 24501432996304
988732 512 0 24501433274945
989244 512 0 24501433553586
989756 512 0 24501433832226
990268 512 0 24501434110867
990780 512 0 24501434389507
991292 512 0 24501434668148
991804 512 0 24501434946788
992316 512 0 24501435225430
992828 512 0 24501435504070
993340 512 0 24501435782711
993852 512 0 24501436061352
994364 512 0 24501436339992
994876 512 0 24501436618633
995388 512 0 24501436897273
995900 512 0 24501437175914
996412 512 0 24501437454554
996924 512 0 24501437733195
997436 512 0 24501438011836
997948 512 0 24501438290476
998460 512 0 24501438569117
998972 512 0 24501438847757
999484 512 0 24501439126398
999996 512 0 24501439405039
1000508 512 0 24501439683679
1001020 512 0 24501439962319
1001532 512 0 24501440240960
1002044 512 0 24501440519600
1002556 512 0 24501440798241
1003068 512 0 24501441076882
1003580 512 0 24501441355522
1004092 512 0 24501441634163
1004604 512 0 24501441912803
1005116 512 0 24501442191444
1005628 512 0 24501442470085
1006140 512 0 24501442748725
1006652 512 0 24501443027366
1007164 512 0 24501443306006
1007676 512 0 24501443584647
1008188 512 0 24501443863287
1008700 512 0 24501444141928
1009212 512 0 24501444420568
1009724 512 0 24501444699209
1010236 512 0 24501444977849
1010748 512 0 24501445256490
1011260 512 0 24501445535131
1011772 512 0 24501445813771
1012284 512 0 24501446092412
1012796 512 0 24501446371052
1013308 512 0 24501446649693
1013820 512 0 24501446928334
1014332 512 0 24501447206974
1014844 512 0 24501447485615
1015356 512 0 24501447764255
1015868 512 0 24501448042896
1016380 512 0 24501448321536
1016892 512 0 24501448600177
1017404 512 0 24501448878817
1017916 512 0 24501449157458
1018428 512 0 24501449436098
1018940 512 0 24501449714739
1019452 512 0 24501449993380
1019964 512 0 24501450272020
1020476 512 0 24501450550661
1020988 512 0 24501450829301
1021500 512 0 24501451107942
1022012 512 0 24501451386582
1022524 512 0 24501451665223
1023036 512 0 24501451943864
1023548 512 0 24501452222504
1024060 512 0 24501452501145
1024572 512 0 24501452779785
1025084 512 0 24501453058426
1025596 512 0 24501453337066
1026108 512 0 24501453615707
1026620 512 0 24501453894347
1027132 512 0 24501454172988
1027644 512 0 24501454451629
1028156 512 0 24501454730269
1028668 512 0 24501455008910
1029180 512 0 24501455287550
1029692 512 0 24501455566191
1030204 512 0 24501455844831
1030716 512 0 24501456123472
1031228 512 0 24501456402113
1031740 512 0 24501456680753
1032252 512 0 24501456959394
1032764 512 0 24501457238034
1033276 512 0 24501457516676
1033788 512 0 24501457795316
1034300 512 0 24501458073957
1034812 512 0 24501458352597
1035324 512 0 24501458631238
1035836 512 0 24501458909879
1036348 512 0 24501459188519
1036860 512 0 24501459467160
1037372 512 0 24501459745800
1037884 512 0 24501460024441
1038396 512 0 24501460303082
1038908 512 0 24501460581722
1039420 512 0 24501460860363
1039932 512 0 24501461139003
1040444 512 0 24501461417644
1040956 512 0 24501461696285
1041468 512 0 24501461974926
1041980 512 0 24501462253566
1042492 512 0 24501462532207
1043004 512 0 24501462810848
1043516 512 0 24501463089488
1044028 512 0 24501463368129
1044540 512 0 24501463646769
1045052 512 0 24501463925410
1045564 512 0 24501464204050
1046076 512 0 24501464482691
1046588 512 0 24501464761332
1047100 512 0 24501465039972
1047612 512 0 24501465318613
1048124 512 0 24501465597253
1048636 512 0 24501465875894
1049148 512 0 24501466154536
1049660 512 0 24501466433177
1050172 512 0 24501466711818
1050684 512 0 24501466990458
1051196 512 0 24501467269099
1051708 512 0 24501467547739
1052220 512 0 24501467826380
1052732 512 0 24501468105021
1053244 512 0 24501468383661
1053756 512 0 24501468662302
1054268 512 0 24501468940942
1054780 512 0 24501469219583
1055292 512 0 24501469498224
1055804 512 0 24501469776864
1056316 512 0 24501470055505
1056828 512 0 24501470334145
1057340 512 0 24501470612786
1057852 512 0 24501470891427
1058364 512 0 24501471170068
1058876 512 0 24501471448708
1059388 512 0 24501471727349
1059900 512 0 24501472005989
1060412 512 0 24501472284630
1060924 512 0 24501472563271
1061436 512 0 24501472841911
1061948 512 0 24501473120552
1062460 512 0 24501473399192
1062972 512 0 24501473677833
1063484 512 0 24501473956474
1063996 512 0 24501474235114
1064508 512 0 24501474513755
1065020 512 0 24501474792395
1065532 512 0 24501475071036
1066044 512 0 24501475349676
1066556 512 0 24501475628317
1067068 512 0 24501475906957
1067580 512 0 24501476185598
1068092 512 0 24501476464238
1068604 512 0 24501476742879
1069116 512 0 24501477021520
1069628 512 0 24501477300160
1070140 512 0 24501477578801
1070652 512 0 24501477857441
1071164 512 0 24501478136082
1071676 512 0 24501478414723
1072188 512 0 24501478693363
1072700 512 0 24501478972004
1073212 512 0 24501479250644
1073724 512 0 24501479529285
1074236 512 0 24501479807926
1074748 512 0 24501480086567
1075260 512 0 24501480365207
1075772 512 0 24501480643848
1076284 512 0 24501480922488
1076796 512 0 24501481201129
1077308 512 0 24501481479770
1077820 512 0 24501481758410
1078332 512 0 24501482037051
1078844 512 0 24501482315691
1079356 512 0 24501482594332
1079868 512 0 24501482872973
1080380 512 0 24501483151613
1080892 512 0 24501483430254
1081404 512 0 24501483708894
1081916 512 0 24501483987533
1082428 512 0 24501484266174
1082940 512 0 24501484544814
1083452 512 0 24501484823455
1083964 512 0 24501485102096
1084476 512 0 24501485380736
1084988 512 0 24501485659377
1085500 512 0 24501485938017
1086012 512 0 24501486216658
1086524 512 0 24501486495299
1087036 512 0 24501486773939
1087548 512 0 24501487052580
1088060 512 0 24501487331220
1088572 512 0 24501487609861
1089084 512 0 24501487888502
1089596 512 0 24501488167142
1090108 512 0 24501488445789
1090620 512 0 24501488724429
1091132 512 0 24501489003070
1091644 512 0 24501489281710
1092156 512 0 24501489560351
1092668 512 0 24501489838992
1093180 512 0 24501490117632
1093692 512 0 24501490396273
1094204 512 0 24501490674913
1094716 512 0 24501490953554
1095228 512 0 24501491232195
1095740 512 0 24501491510835
1096252 512 0 24501491789476
1096764 512 0 24501492068117
1097276 512 0 24501492346757
1097788 512 0 24501492625398
1098300 512 0 24501492904038
1098812 512 0 24501493182677
1099324 512 0 24501493461318
1099836 512 0 24501493739958
1100348 512 0 24501494018599
1100860 512 0 24501494297240
1101372 512 0 24501494575880
1101884 512 0 24501494854521
1102396 512 0 24501495133161
1102908 512 0 24501495411802
1103420 512 0 24501495690443
1103932 512 0 24501495969083
1104444 512 0 24501496247724
1104956 512 0 24501496526364
1105468 512 0 24501496805005
1105980 512 0 24501497083646
1106492 512 0 24501497362285
1107004 512 0 24501497640926
1107516 512 0 24501497919567
1108028 512 0 24501498198207
1108540 512 0 24501498476848
1109052 512 0 24501498755488
1109564 512 0 24501499034129
1110076 512 0 24501499312770
1110588 512 0 24501499591410
1111100 512 0 24501499870051
1111612 512 0 24501500148691
1112124 512 0 24501500427332
1112636 512 0 24501500705973
1113148 512 0 24501500984613
1113660 512 0 24501501263254
1114172 512 0 24501501541895
1114684 512 0 24501501820535
1115196 512 0 24501502099176
1115708 512 0 24501502377817
1116220 512 0 24501502656457
1116732 512 0 24501502935098
1117244 512 0 24501503213738
1117756 512 0 24501503492379
1118268 512 0 24501503771020
1118780 512 0 24501504049660
1119292 512 0 24501504328301
1119804 512 0 24501504606942
1120316 512 0 24501504885582
1120828 512 0 24501505164223
1121340 512 0 24501505442863
1121852 512 0 24501505721504
1122364 512 0 24501506000145
1122876 512 0 24501506278784
1123388 512 0 24501506557425
1123900 512 0 24501506836066
1124412 512 0 24501507114706
1124924 512 0 24501507393347
1125436 512 0 24501507671987
1125948 512 0 24501507950628
1126460 512 0 24501508229269
1126972 512 0 24501508507909
1127484 512 0 24501508786550
1127996 512 0 24501509065190
1128508 512 0 24501509343831
1129020 512 0 24501509622472
1129532 512 0 24501509901112
1130044 512 0 24501510179753
1130556 512 0 24501510458393
1131068 512 0 24501510737034
1131580 512 0 24501511015676
1132092 512 0 24501511294317
1132604 512 0 24501511572957
1133116 512 0 24501511851598
1133628 512 0 24501512130239
1134140 512 0 24501512408879
1134652 512 0 24501512687520
1135164 512 0 24501512966160
1135676 512 0 24501513244801
1136188 512 0 24501513523442
1136700 512 0 24501513802082
1137212 512 0 24501514080723
1137724 512 0 24501514359363
1138236 512 0 24501514638004
1138748 512 0 24501514916645
1139260 512 0 24501515195287
1139772 512 0 24501515473927
1140284 512 0 24501515752568
1140796 512 0 24501516031208
1141308 512 0 24501516309849
1141820 512 0 24501516588490
1142332 512 0 24501516867130
1142844 512 0 24501517145771
1143356 512 0 24501517424411
1143868 512 0 24501517703052
1144380 512 0 24501517981693
1144892 512 0 24501518260333
1145404 512 0 24501518538974
1145916 512 0 24501518817615
1146428 512 0 24501519096255
1146940 512 0 24501519374896
1147452 512 0 24501519653536
1147964 512 0 24501519932176
1148476 512 0 24501520210817
1148988 512 0 24501520489457
1149500 512 0 24501520768098
1150012 512 0 24501521046739
1150524 512 0 24501521325379
1151036 512 0 24501521604020
1151548 512 0 24501521882660
1152060 512 0 24501522161301
1152572 512 0 24501522439942
1153084 512 0 24501522718582
1153596 512 0 24501522997223
1154108 512 0 24501523275863
1154620 512 0 24501523554504
1155132 512 0 24501523833145
1155644 512 0 24501524111788
1156156 512 0 24501524390428
1156668 512 0 24501524669069
1157180 512 0 24501524947710
1157692 512 0 24501525226350
1158204 512 0 24501525504991
1158716 512 0 24501525783631
1159228 512 0 24501526062272
1159740 512 0 24501526340913
1160252 512 0 24501526619553
1160764 512 0 24501526898194
1161276 512 0 24501527176834
1161788 512 0 24501527455475
1162300 512 0 24501527734116
1162812 512 0 24501528012756
1163324 512 0 24501528291397
1163836 512 0 24501528570038
1164348 512 0 24501528848680
1164860 512 0 24501529127321
1165372 512 0 24501529405962
1165884 512 0 24501529684602
1166396 512 0 24501529963243
1166908 512 0 24501530241884
1167420 512 0 24501530520524
1167932 512 0 24501530799165
1168444 512 0 24501531077805
1168956 512 0 24501531356446
1169468 512 0 24501531635087
1169980 512 0 24501531913727
1170492 512 0 24501532192368
1171004 512 0 24501532471008
1171516 512 0 24501532749649
1172028 512 0 24501533028292
1172540 512 0 24501533306933
1173052 512 0 24501533585573
1173564 512 0 24501533864214
1174076 512 0 24501534142854
1174588 512 0 24501534421495
1175100 512 0 24501534700136
1175612 512 0 24501534978776
1176124 512 0 24501535257417
1176636 512 0 24501535536058
1177148 512 0 24501535814698
1177660 512 0 24501536093339
1178172 512 0 24501536371979
1178684 512 0 24501536650620
1179196 512 0 24501536929261
1179708 512 0 24501537207901
1180220 512 0 24501537486545
1180732 512 0 24501537765186
1181244 512 0 24501538043826
1181756 512 0 24501538322467
1182268 512 0 24501538601108
1182780 512 0 24501538879748
1183292 512 0 24501539158389
1183804 512 0 24501539437030
1184316 512 0 24501539715670
1184828 512 0 24501539994311
1185340 512 0 24501540272951
1185852 512 0 24501540551592
1186364 512 0 24501540830233
1186876 512 0 24501541108873
1187388 512 0 24501541387514
1187900 512 0 24501541666155
1188412 512 0 24501541944793
1188924 512 0 24501542223434
1189436 512 0 24501542502074
1189948 512 0 24501542780715
1190460 512 0 24501543059355
1190972 512 0 24501543337996
1191484 512 0 24501543616637
1191996 512 0 24501543895277
1192508 512 0 24501544173918
1193020 512 0 24501544452559
1193532 512 0 24501544731199
1194044 512 0 24501545009840
1194556 512 0 24501545288480
1195068 512 0 24501545567121
1195580 512 0 24501545845762
1196092 512 0 24501546124402
1196604 512 0 24501546403043
1197116 512 0 24501546681687
1197628 512 0 24501546960327
1198140 512 0 24501547238968
1198652 512 0 24501547517609
1199164 512 0 24501547796249
1199676 512 0 24501548074890
1200188 512 0 24501548353531
1200700 512 0 24501548632171
1201212 512 0 24501548910812
1201724 512 0 24501549189452
1202236 512 0 24501549468093
1202748 512 0 24501549746734
1203260 512 0 24501550025374
1203772 512 0 24501550304015
1204284 512 0 24501550582656
1204796 512 0 24501550861296
1205308 512 0 24501551139937
1205820 512 0 24501551418577
1206332 512 0 24501551697218
1206844 512 0 24501551975859
1207356 512 0 24501552254499
1207868 512 0 24501552533140
1208380 512 0 24501552811781
1208892 512 0 24501553090421
1209404 512 0 24501553369062
1209916 512 0 24501553647702
1210428 512 0 24501553926343
1210940 512 0 24501554204984
1211452 512 0 24501554483624
1211964 512 0 24501554762265
1212476 512 0 24501555040906
1212988 512 0 24501555319554
1213500 512 0 24501555598195
1214012 512 0 24501555876836
1214524 512 0 24501556155476
1215036 512 0 24501556434117
1215548 512 0 24501556712758
1216060 512 0 24501556991398
1216572 512 0 24501557270039
1217084 512 0 24501557548680
1217596 512 0 24501557827320
1218108 512 0 24501558105961
1218620 512 0 24501558384602
1219132 512 0 24501558663242
1219644 512 0 24501558941883
1220156 512 0 24501559220524
1220668 512 0 24501559499164
1221180 512 0 24501559777808
1221692 512 0 24501560056448
1222204 512 0 24501560335089
1222716 512 0 24501560613730
1223228 512 0 24501560892370
1223740 512 0 24501561171011
1224252 512 0 24501561449652
1224764 512 0 24501561728292
1225276 512 0 24501562006933
1225788 512 0 24501562285574
1226300 512 0 24501562564214
1226812 512 0 24501562842855
1227324 512 0 24501563121496
1227836 512 0 24501563400136
1228348 512 0 24501563678777
1228860 512 0 24501563957418
1229372 512 0 24501564236058
1229884 512 0 24501564514699
1230396 512 0 24501564793340
1230908 512 0 24501565071981
1231420 512 0 24501565350621
1231932 512 0 24501565629262
1232444 512 0 24501565907903
1232956 512 0 24501566186543
1233468 512 0 24501566465184
1233980 512 0 24501566743825
1234492 512 0 24501567022465
1235004 512 0 24501567301106
1235516 512 0 24501567579747
1236028 512 0 24501567858387
1236540 512 0 24501568137028
1237052 512 0 24501568415669
1237564 512 0 24501568694309
1238076 512 0 24501568972953
1238588 512 0 24501569251594
1239100 512 0 24501569530235
1239612 512 0 24501569808876
1240124 512 0 24501570087516
1240636 512 0 24501570366157
1241148 512 0 24501570644798
1241660 512 0 24501570923438
1242172 512 0 24501571202079
1242684 512 0 24501571480720
1243196 512 0 24501571759360
1243708 512 0 24501572038001
1244220 512 0 24501572316642
1244732 512 0 24501572595282
1245244 512 0 24501572873923
1245756 512 0 24501573152563
1246268 512 0 24501573431203
1246780 512 0 24501573709844
1247292 512 0 24501573988485
1247804 512 0 24501574267125
1248316 512 0 24501574545766
1248828 512 0 24501574824407
1249340 512 0 24501575103048
1249852 512 0 24501575381688
1250364 512 0 24501575660329
1250876 512 0 24501575938970
1251388 512 0 24501576217610
1251900 512 0 24501576496251
1252412 512 0 24501576774892
1252924 512 0 24501577053532
1253436 512 0 24501577332173
1253948 512 0 24501577610815
1254460 512 0 24501577889455
1254972 512 0 24501578168096
1255484 512 0 24501578446737
1255996 512 0 24501578725378
1256508 512 0 24501579004018
1257020 512 0 24501579282659
1257532 512 0 24501579561300
1258044 512 0 24501579839940
1258556 512 0 24501580118581
1259068 512 0 24501580397222
1259580 512 0 24501580675862
1260092 512 0 24501580954503
1260604 512 0 24501581233144
1261116 512 0 24501581511784
1261628 512 0 24501581790425
1262140 512 0 24501582069066
1262652 512 0 24501582347711
1263164 512 0 24501582626351
1263676 512 0 24501582904992
1264188 512 0 24501583183633
1264700 512 0 24501583462274
1265212 512 0 24501583740914
1265724 512 0 24501584019555
1266236 512 0 24501584298196
1266748 512 0 24501584576836
1267260 512 0 24501584855477
1267772 512 0 24501585134118
1268284 512 0 24501585412758
1268796 512 0 24501585691399
1269308 512 0 24501585970040
1269820 512 0 24501586248680
1270332 512 0 24501586527321
1270844 512 0 24501586805961
1271356 512 0 24501587084601
1271868 512 0 24501587363242
1272380 512 0 24501587641883
1272892 512 0 24501587920523
1273404 512 0 24501588199164
1273916 512 0 24501588477805
1274428 512 0 24501588756446
1274940 512 0 24501589035086
1275452 512 0 24501589313727
1275964 512 0 24501589592368
1276476 512 0 24501589871008
1276988 512 0 24501590149649
1277500 512 0 24501590428290
1278012 512 0 24501590706930
1278524 512 0 24501590985572
1279036 512 0 24501591264213
1279548 512 0 24501591542853
1280060 512 0 24501591821494
1280572 512 0 24501592100135
1281084 512 0 24501592378775
1281596 512 0 24501592657416
1282108 512 0 24501592936057
1282620 512 0 24501593214698
1283132 512 0 24501593493338
1283644 512 0 24501593771979
1284156 512 0 24501594050620
1284668 512 0 24501594329260
1285180 512 0 24501594607901
1285692 512 0 24501594886542
1286204 512 0 24501595165182
1286716 512 0 24501595443825
1287228 512 0 24501595722466
1287740 512 0 24501596001107
1288252 512 0 24501596279747
1288764 512 0 24501596558388
1289276 512 0 24501596837029
1289788 512 0 24501597115669
1290300 512 0 24501597394310
1290812 512 0 24501597672951
1291324 512 0 24501597951591
1291836 512 0 24501598230232
1292348 512 0 24501598508873
1292860 512 0 24501598787514
1293372 512 0 24501599066154
1293884 512 0 24501599344795
1294396 512 0 24501599623436
1294908 512 0 24501599902076
1295420 512 0 24501600180716
1295932 512 0 24501600459356
1296444 512 0 24501600737997
1296956 512 0 24501601016638
1297468 512 0 24501601295279
1297980 512 0 24501601573919
1298492 512 0 24501601852560
1299004 512 0 24501602131201
1299516 512 0 24501602409841
1300028 512 0 24501602688482
1300540 512 0 24501602967123
1301052 512 0 24501603245763
1301564 512 0 24501603524404
1302076 512 0 24501603803045
1302588 512 0 24501604081686
1303100 512 0 24501604360326
1303612 512 0 24501604638966
1304124 512 0 24501604917606
1304636 512 0 24501605196247
1305148 512 0 24501605474888
1305660 512 0 24501605753528
1306172 512 0 24501606032169
1306684 512 0 24501606310810
1307196 512 0 24501606589451
1307708 512 0 24501606868091
1308220 512 0 24501607146732
1308732 512 0 24501607425373
1309244 512 0 24501607704013
1309756 512 0 24501607982654
1310268 512 0 24501608261295
1310780 512 0 24501608539935
1311292 512 0 24501608818577
1311804 512 0 24501609097218
1312316 512 0 24501609375858
1312828 512 0 24501609654499
1313340 512 0 24501609933140
1313852 512 0 24501610211781
1314364 512 0 24501610490421
1314876 512 0 24501610769062
1315388 512 0 24501611047703
1315900 512 0 24501611326343
1316412 512 0 24501611604984
1316924 512 0 24501611883625
1317436 512 0 24501612162265
1317948 512 0 24501612440906
1318460 512 0 24501612719547
1318972 512 0 24501612998187
1319484 512 0 24501613276828
1319996 512 0 24501613555469
1320508 512 0 24501613834109
1321020 512 0 24501614112750
1321532 512 0 24501614391391
1322044 512 0 24501614670032
1322556 512 0 24501614948672
1323068 512 0 24501615227313
1323580 512 0 24501615505954
1324092 512 0 24501615784594
1324604 512 0 24501616063235
1325116 512 0 24501616341876
1325628 512 0 24501616620516
1326140 512 0 24501616899157
1326652 512 0 24501617177798
1327164 512 0 24501617456438
1327676 512 0 24501617735077
1328188 512 0 24501618013718
1328700 512 0 24501618292358
1329212 512 0 24501618570999
1329724 512 0 24501618849640
1330236 512 0 24501619128280
1330748 512 0 24501619406921
1331260 512 0 24501619685562
1331772 512 0 24501619964202
1332284 512 0 24501620242843
1332796 512 0 24501620521484
1333308 512 0 24501620800124
1333820 512 0 24501621078765
1334332 512 0 24501621357406
1334844 512 0 24501621636047
1335356 512 0 24501621914687
1335868 512 0 24501622193328
1336380 512 0 24501622471975
1336892 512 0 24501622750616
1337404 512 0 24501623029256
1337916 512 0 24501623307897
1338428 512 0 24501623586538
1338940 512 0 24501623865178
1339452 512 0 24501624143819
1339964 512 0 24501624422460
1340476 512 0 24501624701101
1340988 512 0 24501624979741
1341500 512 0 24501625258382
1342012 512 0 24501625537023
1342524 512 0 24501625815663
1343036 512 0 24501626094304
1343548 512 0 24501626372945
1344060 512 0 24501626651585
1344572 512 0 24501626930226
1345084 512 0 24501627208867
1345596 512 0 24501627487507
1346108 512 0 24501627766148
1346620 512 0 24501628044789
1347132 512 0 24501628323429
1347644 512 0 24501628602070
1348156 512 0 24501628880711
1348668 512 0 24501629159352
1349180 512 0 24501629437992
1349692 512 0 24501629716633
1350204 512 0 24501629995274
1350716 512 0 24501630273914
1351228 512 0 24501630552555
1351740 512 0 24501630831196
1352252 512 0 24501631109836
1352764 512 0 24501631388477
1353276 512 0 24501631667118
1353788 512 0 24501631945758
1354300 512 0 24501632224399
1354812 512 0 24501632503040
1355324 512 0 24501632781680
1355836 512 0 24501633060321
1356348 512 0 24501633338962
1356860 512 0 24501633617603
1357372 512 0 24501633896243
1357884 512 0 24501634174884
1358396 512 0 24501634453525
1358908 512 0 24501634732165
1359420 512 0 24501635010806
1359932 512 0 24501635289447
1360444 512 0 24501635568087
1360956 512 0 24501635846728
1361468 512 0 24501636125369
1361980 512 0 24501636404009
1362492 512 0 24501636682650
1363004 512 0 24501636961291
1363516 512 0 24501637239931
1364028 512 0 24501637518572
1364540 512 0 24501637797213
1365052 512 0 24501638075854
1365564 512 0 24501638354494
1366076 512 0 24501638633135
1366588 512 0 24501638911776
1367100 512 0 24501639190416
1367612 512 0 24501639469057
1368124 512 0 24501639747698
1368636 512 0 24501640026338
1369148 512 0 24501640304981
1369660 512 0 24501640583622
1370172 512 0 24501640862262
1370684 512 0 24501641140903
1371196 512 0 24501641419544
1371708 512 0 24501641698185
1372220 512 0 24501641976825
1372732 512 0 24501642255466
1373244 512 0 24501642534107
1373756 512 0 24501642812747
1374268 512 0 24501643091388
1374780 512 0 24501643370029
1375292 512 0 24501643648670
1375804 512 0 24501643927310
1376316 512 0 24501644205951
1376828 512 0 24501644484590
1377340 512 0 24501644763231
1377852 512 0 24501645041872
1378364 512 0 24501645320512
1378876 512 0 24501645599153
1379388 512 0 24501645877794
1379900 512 0 24501646156434
1380412 512 0 24501646435075
1380924 512 0 24501646713716
1381436 512 0 24501646992357
1381948 512 0 24501647270997
1382460 512 0 24501647549638
1382972 512 0 24501647828279
1383484 512 0 24501648106919
1383996 512 0 24501648385560
1384508 512 0 24501648664201
1385020 512 0 24501648942841
1385532 512 0 24501649221482
1386044 512 0 24501649500123
1386556 512 0 24501649778763
1387068 512 0 24501650057404
1387580 512 0 24501650336045
1388092 512 0 24501650614685
1388604 512 0 24501650893326
1389116 512 0 24501651171967
1389628 512 0 24501651450608
1390140 512 0 24501651729248
1390652 512 0 24501652007889
1391164 512 0 24501652286530
1391676 512 0 24501652565170
1392188 512 0 24501652843811
1392700 512 0 24501653122452
1393212 512 0 24501653401095
1393724 512 0 24501653679736
1394236 512 0 24501653958377
1394748 512 0 24501654237017
1395260 512 0 24501654515658
1395772 512 0 24501654794299
1396284 512 0 24501655072940
1396796 512 0 24501655351580
1397308 512 0 24501655630221
1397820 512 0 24501655908862
1398332 512 0 24501656187502
1398844 512 0 24501656466143
1399356 512 0 24501656744784
1399868 512 0 24501657023425
1400380 512 0 24501657302065
1400892 512 0 24501657580706
1401404 512 0 24501657859347
1401916 512 0 24501658137986
1402428 512 0 24501658416627
1402940 512 0 24501658695267
1403452 512 0 24501658973908
1403964 512 0 24501659252549
1404476 512 0 24501659531190
1404988 512 0 24501659809830
1405500 512 0 24501660088471
1406012 512 0 24501660367112
1406524 512 0 24501660645752
1407036 512 0 24501660924393
1407548 512 0 24501661203034
1408060 512 0 24501661481674
1408572 512 0 24501661760315
1409084 512 0 24501662038956
1409596 512 0 24501662317597
1410108 512 0 24501662596237
1410620 512 0 24501662874878
1411132 512 0 24501663153518
1411644 512 0 24501663432159
1412156 512 0 24501663710800
1412668 512 0 24501663989440
1413180 512 0 24501664268081
1413692 512 0 24501664546722
1414204 512 0 24501664825363
1414716 512 0 24501665104003
1415228 512 0 24501665382644
1415740 512 0 24501665661285
1416252 512 0 24501665939925
1416764 512 0 24501666218566
1417276 512 0 24501666497207
1417788 512 0 24501666775848
1418300 512 0 24501667054489
1418812 512 0 24501667333130
1419324 512 0 24501667611770
1419836 512 0 24501667890411
1420348 512 0 24501668169052
1420860 512 0 24501668447693
1421372 512 0 24501668726333
1421884 512 0 24501669004974
1422396 512 0 24501669283615
1422908 512 0 24501669562255
1423420 512 0 24501669840896
1423932 512 0 24501670119537
1424444 512 0 24501670398178
1424956 512 0 24501670676818
1425468 512 0 24501670955459
1425980 512 0 24501671234099
1426492 512 0 24501671512740
1427004 512 0 24501671791381
1427516 512 0 24501672070021
1428028 512 0 24501672348662
1428540 512 0 24501672627303
1429052 512 0 24501672905944
1429564 512 0 24501673184584
1430076 512 0 24501673463225
1430588 512 0 24501673741866
1431100 512 0 24501674020506
1431612 512 0 24501674299147
1432124 512 0 24501674577788
1432636 512 0 24501674856428
1433148 512 0 24501675135069
1433660 512 0 24501675413710
1434172 512 0 24501675692356
1434684 512 0 24501675970996
1435196 512 0 24501676249637
1435708 512 0 24501676528278
1436220 512 0 24501676806918
1436732 512 0 24501677085559
1437244 512 0 24501677364200
1437756 512 0 24501677642841
1438268 512 0 24501677921481
1438780 512 0 24501678200122
1439292 512 0 24501678478763
1439804 512 0 24501678757403
1440316 512 0 24501679036044
1440828 512 0 24501679314685
1441340 512 0 24501679593326
1441852 512 0 24501679871966
1442364 512 0 24501680150607
1442876 512 0 24501680429250
1443388 512 0 24501680707891
1443900 512 0 24501680986532
