344 512 0 24500892627787
856 512 0 24500892906426
1368 512 0 24500893185066
1880 512 0 24500893463705
2392 512 0 24500893742345
2904 512 0 24500894020984
3416 512 0 24500894299624
3928 512 0 24500894578263
4440 512 0 24500894856903
4952 512 0 24500895135542
5464 512 0 24500895414182
5976 512 0 24500895692821
6488 512 0 24500895971461
7000 512 0 24500896250100
7512 512 0 24500896528739
8024 512 0 24500896807379
8536 512 0 24500897086018
9048 512 0 24500897364658
9560 512 0 24500897643297
10072 512 0 24500897921937
10584 512 0 24500898200576
11096 512 0 24500898479216
11608 512 0 24500898757855
12120 512 0 24500899036495
12632 512 0 24500899315134
13144 512 0 24500899593774
13656 512 0 24500899872413
14168 512 0 24500900151053
14680 512 0 24500900429692
15192 512 0 24500900708331
15704 512 0 24500900986971
16216 512 0 24500901265610
16728 512 0 24500901544250
17240 512 0 24500901822889
17752 512 0 24500902101529
18264 512 0 24500902380168
18776 512 0 24500902658808
19288 512 0 24500902937447
19800 512 0 24500903216087
20312 512 0 24500903494726
20824 512 0 24500903773366
21336 512 0 24500904052005
21848 512 0 24500904330645
22360 512 0 24500904609284
22872 512 0 24500904887924
23384 512 0 24500905166563
23896 512 0 24500905445202
24408 512 0 24500905723842
24920 512 0 24500906002481
25432 512 0 24500906281121
25944 512 0 24500906559760
26456 512 0 24500906838400
26968 512 0 24500907117039
27480 512 0 24500907395679
27992 512 0 24500907674318
28504 512 0 24500907952958
29016 512 0 24500908231597
29528 512 0 24500908510237
30040 512 0 24500908788876
30552 512 0 24500909067516
31064 512 0 24500909346155
31576 512 0 24500909624794
32088 512 0 24500909903434
32600 512 0 24500910182072
33112 512 0 24500910460711
33624 512 0 24500910739351
34136 512 0 24500911017990
34648 512 0 24500911296629
35160 512 0 24500911575269
35672 512 0 24500911853908
36184 512 0 24500912132548
36696 512 0 24500912411187
37208 512 0 24500912689827
37720 512 0 24500912968466
38232 512 0 24500913247106
38744 512 0 24500913525745
39256 512 0 24500913804384
39768 512 0 24500914083024
40280 512 0 24500914361663
40792 512 0 24500914640303
41304 512 0 24500914918942
41816 512 0 24500915197582
42328 512 0 24500915476221
42840 512 0 24500915754861
43352 512 0 24500916033500
43864 512 0 24500916312139
44376 512 0 24500916590779
44888 512 0 24500916869418
45400 512 0 24500917148058
45912 512 0 24500917426697
46424 512 0 24500917705337
46936 512 0 24500917983976
47448 512 0 24500918262616
47960 512 0 24500918541255
48472 512 0 24500918819894
48984 512 0 24500919098535
49496 512 0 24500919377175
50008 512 0 24500919655814
50520 512 0 24500919934454
51032 512 0 24500920213093
51544 512 0 24500920491733
52056 512 0 24500920770372
52568 512 0 24500921049011
53080 512 0 24500921327651
53592 512 0 24500921606290
54104 512 0 24500921884930
54616 512 0 24500922163569
55128 512 0 24500922442209
55640 512 0 24500922720848
56152 512 0 24500922999488
56664 512 0 24500923278127
57176 512 0 24500923556767
57688 512 0 24500923835406
58200 512 0 24500924114046
58712 512 0 24500924392685
59224 512 0 24500924671324
59736 512 0 24500924949964
60248 512 0 24500925228603
60760 512 0 24500925507243
61272 512 0 24500925785882
61784 512 0 24500926064522
62296 512 0 24500926343161
62808 512 0 24500926621801
63320 512 0 24500926900440
63832 512 0 24500927179080
64344 512 0 24500927457719
64856 512 0 24500927736359
65368 512 0 24500928014997
65880 512 0 24500928293636
66392 512 0 24500928572276
66904 512 0 24500928850915
67416 512 0 24500929129555
67928 512 0 24500929408194
68440 512 0 24500929686834
68952 512 0 24500929965473
69464 512 0 24500930244112
69976 512 0 24500930522752
70488 512 0 24500930801391
71000 512 0 24500931080031
71512 512 0 24500931358670
72024 512 0 24500931637310
72536 512 0 24500931915949
73048 512 0 24500932194589
73560 512 0 24500932473228
74072 512 0 24500932751867
74584 512 0 24500933030507
75096 512 0 24500933309146
75608 512 0 24500933587786
76120 512 0 24500933866425
76632 512 0 24500934145065
77144 512 0 24500934423704
77656 512 0 24500934702344
78168 512 0 24500934980983
78680 512 0 24500935259623
79192 512 0 24500935538262
79704 512 0 24500935816901
80216 512 0 24500936095541
80728 512 0 24500936374180
81240 512 0 24500936652820
81752 512 0 24500936931460
82264 512 0 24500937210100
82776 512 0 24500937488739
83288 512 0 24500937767379
83800 512 0 24500938046018
84312 512 0 24500938324657
84824 512 0 24500938603297
85336 512 0 24500938881936
85848 512 0 24500939160576
86360 512 0 24500939439215
86872 512 0 24500939717855
87384 512 0 24500939996494
87896 512 0 24500940275134
88408 512 0 24500940553773
88920 512 0 24500940832413
89432 512 0 24500941111052
89944 512 0 24500941389691
90456 512 0 24500941668331
90968 512 0 24500941946970
91480 512 0 24500942225610
91992 512 0 24500942504249
92504 512 0 24500942782889
93016 512 0 24500943061528
93528 512 0 24500943340168
94040 512 0 24500943618807
94552 512 0 24500943897447
95064 512 0 24500944176086
95576 512 0 24500944454726
96088 512 0 24500944733365
96600 512 0 24500945012004
97112 512 0 24500945290644
97624 512 0 24500945569283
98136 512 0 24500945847971
98648 512 0 24500946126611
99160 512 0 24500946405251
99672 512 0 24500946683891
100184 512 0 24500946962531
100696 512 0 24500947241171
101208 512 0 24500947519811
101720 512 0 24500947798451
102232 512 0 24500948077091
102744 512 0 24500948355731
103256 512 0 24500948634371
103768 512 0 24500948913011
104280 512 0 24500949191651
104792 512 0 24500949470291
105304 512 0 24500949748931
105816 512 0 24500950027571
106328 512 0 24500950306211
106840 512 0 24500950584851
107352 512 0 24500950863490
107864 512 0 24500951142130
108376 512 0 24500951420770
108888 512 0 24500951699410
109400 512 0 24500951978050
109912 512 0 24500952256690
110424 512 0 24500952535330
110936 512 0 24500952813970
111448 512 0 24500953092610
111960 512 0 24500953371250
112472 512 0 24500953649890
112984 512 0 24500953928530
113496 512 0 24500954207170
114008 512 0 24500954485810
114520 512 0 24500954764480
115032 512 0 24500955043120
115544 512 0 24500955321761
116056 512 0 24500955600401
116568 512 0 24500955879041
117080 512 0 24500956157681
117592 512 0 24500956436322
118104 512 0 24500956714962
118616 512 0 24500956993602
119128 512 0 24500957272243
119640 512 0 24500957550883
120152 512 0 24500957829523
120664 512 0 24500958108163
121176 512 0 24500958386804
121688 512 0 24500958665444
122200 512 0 24500958944084
122712 512 0 24500959222725
123224 512 0 24500959501365
123736 512 0 24500959780005
124248 512 0 24500960058645
124760 512 0 24500960337286
125272 512 0 24500960615926
125784 512 0 24500960894566
126296 512 0 24500961173206
126808 512 0 24500961451847
127320 512 0 24500961730487
127832 512 0 24500962009127
128344 512 0 24500962287768
128856 512 0 24500962566408
129368 512 0 24500962845048
129880 512 0 24500963123688
130392 512 0 24500963402329
130904 512 0 24500963680982
131416 512 0 24500963959622
131928 512 0 24500964238262
132440 512 0 24500964516903
132952 512 0 24500964795543
133464 512 0 24500965074183
133976 512 0 24500965352824
134488 512 0 24500965631464
135000 512 0 24500965910104
135512 512 0 24500966188745
136024 512 0 24500966467385
136536 512 0 24500966746026
137048 512 0 24500967024666
137560 512 0 24500967303306
138072 512 0 24500967581947
138584 512 0 24500967860587
139096 512 0 24500968139227
139608 512 0 24500968417868
140120 512 0 24500968696508
140632 512 0 24500968975148
141144 512 0 24500969253789
141656 512 0 24500969532429
142168 512 0 24500969811069
142680 512 0 24500970089710
143192 512 0 24500970368350
143704 512 0 24500970646991
144216 512 0 24500970925631
144728 512 0 24500971204271
145240 512 0 24500971482912
145752 512 0 24500971761552
146264 512 0 24500972040192
146776 512 0 24500972318833
147288 512 0 24500972597481
147800 512 0 24500972876122
148312 512 0 24500973154762
148824 512 0 24500973433402
149336 512 0 24500973712043
149848 512 0 24500973990683
150360 512 0 24500974269324
150872 512 0 24500974547964
151384 512 0 24500974826604
151896 512 0 24500975105245
152408 512 0 24500975383885
152920 512 0 24500975662526
153432 512 0 24500975941166
153944 512 0 24500976219807
154456 512 0 24500976498447
154968 512 0 24500976777087
155480 512 0 24500977055728
155992 512 0 24500977334368
156504 512 0 24500977613009
157016 512 0 24500977891649
157528 512 0 24500978170289
158040 512 0 24500978448930
158552 512 0 24500978727570
159064 512 0 24500979006211
159576 512 0 24500979284851
160088 512 0 24500979563491
160600 512 0 24500979842132
161112 512 0 24500980120772
161624 512 0 24500980399413
162136 512 0 24500980678053
162648 512 0 24500980956693
163160 512 0 24500981235334
163672 512 0 24500981513982
164184 512 0 24500981792622
164696 512 0 24500982071263
165208 512 0 24500982349903
165720 512 0 24500982628543
166232 512 0 24500982907184
166744 512 0 24500983185824
167256 512 0 24500983464465
167768 512 0 24500983743105
168280 512 0 24500984021746
168792 512 0 24500984300386
169304 512 0 24500984579027
169816 512 0 24500984857667
170328 512 0 24500985136308
170840 512 0 24500985414948
171352 512 0 24500985693588
171864 512 0 24500985972229
172376 512 0 24500986250869
172888 512 0 24500986529510
173400 512 0 24500986808150
173912 512 0 24500987086791
174424 512 0 24500987365431
174936 512 0 24500987644072
175448 512 0 24500987922712
175960 512 0 24500988201353
176472 512 0 24500988479993
176984 512 0 24500988758633
177496 512 0 24500989037274
178008 512 0 24500989315914
178520 512 0 24500989594555
179032 512 0 24500989873195
179544 512 0 24500990151836
180056 512 0 24500990430483
180568 512 0 24500990709124
181080 512 0 24500990987764
181592 512 0 24500991266405
182104 512 0 24500991545045
182616 512 0 24500991823685
183128 512 0 24500992102326
183640 512 0 24500992380966
184152 512 0 24500992659607
184664 512 0 24500992938247
185176 512 0 24500993216888
185688 512 0 24500993495528
186200 512 0 24500993774169
186712 512 0 24500994052809
187224 512 0 24500994331450
187736 512 0 24500994610090
188248 512 0 24500994888731
188760 512 0 24500995167371
189272 512 0 24500995446012
189784 512 0 24500995724652
190296 512 0 24500996003293
190808 512 0 24500996281933
191320 512 0 24500996560574
191832 512 0 24500996839214
192344 512 0 24500997117855
192856 512 0 24500997396495
193368 512 0 24500997675136
193880 512 0 24500997953776
194392 512 0 24500998232417
194904 512 0 24500998511057
195416 512 0 24500998789698
195928 512 0 24500999068338
196440 512 0 24500999346983
196952 512 0 24500999625623
197464 512 0 24500999904264
197976 512 0 24501000182904
198488 512 0 24501000461545
199000 512 0 24501000740185
199512 512 0 24501001018826
200024 512 0 24501001297466
200536 512 0 24501001576107
201048 512 0 24501001854747
201560 512 0 24501002133388
202072 512 0 24501002412029
202584 512 0 24501002690669
203096 512 0 24501002969310
203608 512 0 24501003247950
204120 512 0 24501003526591
204632 512 0 24501003805231
205144 512 0 24501004083872
205656 512 0 24501004362512
206168 512 0 24501004641153
206680 512 0 24501004919793
207192 512 0 24501005198434
207704 512 0 24501005477074
208216 512 0 24501005755715
208728 512 0 24501006034355
209240 512 0 24501006312996
209752 512 0 24501006591636
210264 512 0 24501006870277
210776 512 0 24501007148917
211288 512 0 24501007427558
211800 512 0 24501007706198
212312 512 0 24501007984839
212824 512 0 24501008263482
213336 512 0 24501008542123
213848 512 0 24501008820763
214360 512 0 24501009099404
214872 512 0 24501009378045
215384 512 0 24501009656685
215896 512 0 24501009935326
216408 512 0 24501010213966
216920 512 0 24501010492607
217432 512 0 24501010771247
217944 512 0 24501011049888
218456 512 0 24501011328528
218968 512 0 24501011607169
219480 512 0 24501011885809
219992 512 0 24501012164450
220504 512 0 24501012443090
221016 512 0 24501012721731
221528 512 0 24501013000372
222040 512 0 24501013279012
222552 512 0 24501013557653
223064 512 0 24501013836293
223576 512 0 24501014114934
224088 512 0 24501014393574
224600 512 0 24501014672215
225112 512 0 24501014950855
225624 512 0 24501015229496
226136 512 0 24501015508136
226648 512 0 24501015786777
227160 512 0 24501016065417
227672 512 0 24501016344058
228184 512 0 24501016622699
228696 512 0 24501016901339
229208 512 0 24501017179982
229720 512 0 24501017458622
230232 512 0 24501017737263
230744 512 0 24501018015903
231256 512 0 24501018294544
231768 512 0 24501018573185
232280 512 0 24501018851825
232792 512 0 24501019130466
233304 512 0 24501019409106
233816 512 0 24501019687747
234328 512 0 24501019966387
234840 512 0 24501020245028
235352 512 0 24501020523668
235864 512 0 24501020802309
236376 512 0 24501021080950
236888 512 0 24501021359590
237400 512 0 24501021638231
237912 512 0 24501021916871
238424 512 0 24501022195512
238936 512 0 24501022474152
239448 512 0 24501022752793
239960 512 0 24501023031433
240472 512 0 24501023310074
240984 512 0 24501023588714
241496 512 0 24501023867355
242008 512 0 24501024145996
242520 512 0 24501024424636
243032 512 0 24501024703277
243544 512 0 24501024981917
244056 512 0 24501025260558
244568 512 0 24501025539198
245080 512 0 24501025817839
245592 512 0 24501026096482
246104 512 0 24501026375123
246616 512 0 24501026653763
247128 512 0 24501026932404
247640 512 0 24501027211045
248152 512 0 24501027489685
248664 512 0 24501027768326
249176 512 0 24501028046966
249688 512 0 24501028325607
250200 512 0 24501028604247
250712 512 0 24501028882888
251224 512 0 24501029161529
251736 512 0 24501029440169
252248 512 0 24501029718810
252760 512 0 24501029997450
253272 512 0 24501030276091
253784 512 0 24501030554731
254296 512 0 24501030833372
254808 512 0 24501031112013
255320 512 0 24501031390653
255832 512 0 24501031669294
256344 512 0 24501031947934
256856 512 0 24501032226575
257368 512 0 24501032505215
257880 512 0 24501032783856
258392 512 0 24501033062497
258904 512 0 24501033341137
259416 512 0 24501033619778
259928 512 0 24501033898418
260440 512 0 24501034177059
260952 512 0 24501034455699
261464 512 0 24501034734340
261976 512 0 24501035012981
262488 512 0 24501035291622
263000 512 0 24501035570263
263512 512 0 24501035848903
264024 512 0 24501036127544
264536 512 0 24501036406184
265048 512 0 24501036684825
265560 512 0 24501036963465
266072 512 0 24501037242106
266584 512 0 24501037520747
267096 512 0 24501037799387
267608 512 0 24501038078028
268120 512 0 24501038356668
268632 512 0 24501038635309
269144 512 0 24501038913949
269656 512 0 24501039192590
270168 512 0 24501039471231
270680 512 0 24501039749871
271192 512 0 24501040028512
271704 512 0 24501040307152
272216 512 0 24501040585793
272728 512 0 24501040864433
273240 512 0 24501041143074
273752 512 0 24501041421715
274264 512 0 24501041700355
274776 512 0 24501041978996
275288 512 0 24501042257636
275800 512 0 24501042536277
276312 512 0 24501042814917
276824 512 0 24501043093558
277336 512 0 24501043372199
277848 512 0 24501043650839
278360 512 0 24501043929480
278872 512 0 24501044208121
279384 512 0 24501044486762
279896 512 0 24501044765402
280408 512 0 24501045044043
280920 512 0 24501045322683
281432 512 0 24501045601324
281944 512 0 24501045879965
282456 512 0 24501046158605
282968 512 0 24501046437246
283480 512 0 24501046715886
283992 512 0 24501046994527
284504 512 0 24501047273167
285016 512 0 24501047551808
285528 512 0 24501047830449
286040 512 0 24501048109089
286552 512 0 24501048387730
287064 512 0 24501048666370
287576 512 0 24501048945011
288088 512 0 24501049223651
288600 512 0 24501049502292
289112 512 0 24501049780933
289624 512 0 24501050059573
290136 512 0 24501050338214
290648 512 0 24501050616854
291160 512 0 24501050895495
291672 512 0 24501051174135
292184 512 0 24501051452776
292696 512 0 24501051731417
293208 512 0 24501052010057
293720 512 0 24501052288698
294232 512 0 24501052567338
294744 512 0 24501052845980
295256 512 0 24501053124620
295768 512 0 24501053403261
296280 512 0 24501053681901
296792 512 0 24501053960542
297304 512 0 24501054239182
297816 512 0 24501054517823
298328 512 0 24501054796464
298840 512 0 24501055075104
299352 512 0 24501055353745
299864 512 0 24501055632385
300376 512 0 24501055911026
300888 512 0 24501056189666
301400 512 0 24501056468307
301912 512 0 24501056746948
302424 512 0 24501057025588
302936 512 0 24501057304229
303448 512 0 24501057582869
303960 512 0 24501057861510
304472 512 0 24501058140151
304984 512 0 24501058418791
305496 512 0 24501058697432
306008 512 0 24501058976072
306520 512 0 24501059254713
307032 512 0 24501059533353
307544 512 0 24501059811994
308056 512 0 24501060090635
308568 512 0 24501060369275
309080 512 0 24501060647916
309592 512 0 24501060926556
310104 512 0 24501061205197
310616 512 0 24501061483837
311128 512 0 24501061762479
311640 512 0 24501062041119
312152 512 0 24501062319760
312664 512 0 24501062598400
313176 512 0 24501062877041
313688 512 0 24501063155681
314200 512 0 24501063434322
314712 512 0 24501063712963
315224 512 0 24501063991603
315736 512 0 24501064270244
316248 512 0 24501064548884
316760 512 0 24501064827525
317272 512 0 24501065106166
317784 512 0 24501065384806
318296 512 0 24501065663447
318808 512 0 24501065942087
319320 512 0 24501066220728
319832 512 0 24501066499368
320344 512 0 24501066778009
320856 512 0 24501067056650
321368 512 0 24501067335290
321880 512 0 24501067613931
322392 512 0 24501067892571
322904 512 0 24501068171212
323416 512 0 24501068449852
323928 512 0 24501068728493
324440 512 0 24501069007134
324952 512 0 24501069285774
325464 512 0 24501069564415
325976 512 0 24501069843055
326488 512 0 24501070121696
327000 512 0 24501070400337
327512 512 0 24501070678978
328024 512 0 24501070957618
328536 512 0 24501071236259
329048 512 0 24501071514899
329560 512 0 24501071793540
330072 512 0 24501072072181
330584 512 0 24501072350821
331096 512 0 24501072629462
331608 512 0 24501072908102
332120 512 0 24501073186743
332632 512 0 24501073465383
333144 512 0 24501073744024
333656 512 0 24501074022665
334168 512 0 24501074301305
334680 512 0 24501074579946
335192 512 0 24501074858586
335704 512 0 24501075137227
336216 512 0 24501075415867
336728 512 0 24501075694508
337240 512 0 24501075973149
337752 512 0 24501076251789
338264 512 0 24501076530430
338776 512 0 24501076809070
339288 512 0 24501077087711
339800 512 0 24501077366352
340312 512 0 24501077644992
340824 512 0 24501077923633
341336 512 0 24501078202273
341848 512 0 24501078480914
342360 512 0 24501078759554
342872 512 0 24501079038195
343384 512 0 24501079316836
343896 512 0 24501079595476
344408 512 0 24501079874116
344920 512 0 24501080152757
345432 512 0 24501080431397
345944 512 0 24501080710038
346456 512 0 24501080988678
346968 512 0 24501081267319
347480 512 0 24501081545960
347992 512 0 24501081824600
348504 512 0 24501082103241
349016 512 0 24501082381881
349528 512 0 24501082660522
350040 512 0 24501082939163
350552 512 0 24501083217803
351064 512 0 24501083496444
351576 512 0 24501083775084
352088 512 0 24501084053725
352600 512 0 24501084332365
353112 512 0 24501084611006
353624 512 0 24501084889647
354136 512 0 24501085168287
354648 512 0 24501085446928
355160 512 0 24501085725568
355672 512 0 24501086004209
356184 512 0 24501086282849
356696 512 0 24501086561490
357208 512 0 24501086840131
357720 512 0 24501087118771
358232 512 0 24501087397412
358744 512 0 24501087676052
359256 512 0 24501087954693
359768 512 0 24501088233334
360280 512 0 24501088511975
360792 512 0 24501088790615
361304 512 0 24501089069256
361816 512 0 24501089347896
362328 512 0 24501089626537
362840 512 0 24501089905178
363352 512 0 24501090183818
363864 512 0 24501090462459
364376 512 0 24501090741099
364888 512 0 24501091019740
365400 512 0 24501091298380
365912 512 0 24501091577021
366424 512 0 24501091855662
366936 512 0 24501092134302
367448 512 0 24501092412943
367960 512 0 24501092691583
368472 512 0 24501092970224
368984 512 0 24501093248864
369496 512 0 24501093527505
370008 512 0 24501093806146
370520 512 0 24501094084786
371032 512 0 24501094363427
371544 512 0 24501094642067
372056 512 0 24501094920708
372568 512 0 24501095199349
373080 512 0 24501095477989
373592 512 0 24501095756630
374104 512 0 24501096035270
374616 512 0 24501096313911
375128 512 0 24501096592551
375640 512 0 24501096871192
376152 512 0 24501097149833
376664 512 0 24501097428474
377176 512 0 24501097707114
377688 512 0 24501097985755
378200 512 0 24501098264395
378712 512 0 24501098543036
379224 512 0 24501098821677
379736 512 0 24501099100317
380248 512 0 24501099378958
380760 512 0 24501099657598
381272 512 0 24501099936239
381784 512 0 24501100214879
382296 512 0 24501100493520
382808 512 0 24501100772161
383320 512 0 24501101050801
383832 512 0 24501101329442
384344 512 0 24501101608082
384856 512 0 24501101886723
385368 512 0 24501102165364
385880 512 0 24501102444004
386392 512 0 24501102722645
386904 512 0 24501103001285
387416 512 0 24501103279926
387928 512 0 24501103558566
388440 512 0 24501103837207
388952 512 0 24501104115848
389464 512 0 24501104394488
389976 512 0 24501104673129
390488 512 0 24501104951769
391000 512 0 24501105230410
391512 512 0 24501105509051
392024 512 0 24501105787691
392536 512 0 24501106066332
393048 512 0 24501106344973
393560 512 0 24501106623613
394072 512 0 24501106902254
394584 512 0 24501107180894
395096 512 0 24501107459535
395608 512 0 24501107738176
396120 512 0 24501108016816
396632 512 0 24501108295457
397144 512 0 24501108574097
397656 512 0 24501108852738
398168 512 0 24501109131379
398680 512 0 24501109410019
399192 512 0 24501109688660
399704 512 0 24501109967300
400216 512 0 24501110245941
400728 512 0 24501110524581
401240 512 0 24501110803222
401752 512 0 24501111081863
402264 512 0 24501111360503
402776 512 0 24501111639144
403288 512 0 24501111917784
403800 512 0 24501112196425
404312 512 0 24501112475066
404824 512 0 24501112753706
405336 512 0 24501113032347
405848 512 0 24501113310987
406360 512 0 24501113589628
406872 512 0 24501113868268
407384 512 0 24501114146909
407896 512 0 24501114425550
408408 512 0 24501114704190
408920 512 0 24501114982831
409432 512 0 24501115261471
409944 512 0 24501115540111
410456 512 0 24501115818752
410968 512 0 24501116097392
411480 512 0 24501116376033
411992 512 0 24501116654674
412504 512 0 24501116933314
413016 512 0 24501117211955
413528 512 0 24501117490595
414040 512 0 24501117769236
414552 512 0 24501118047876
415064 512 0 24501118326517
415576 512 0 24501118605158
416088 512 0 24501118883798
416600 512 0 24501119162439
417112 512 0 24501119441079
417624 512 0 24501119719720
418136 512 0 24501119998361
418648 512 0 24501120277001
419160 512 0 24501120555642
419672 512 0 24501120834282
420184 512 0 24501121112923
420696 512 0 24501121391563
421208 512 0 24501121670204
421720 512 0 24501121948845
422232 512 0 24501122227485
422744 512 0 24501122506126
423256 512 0 24501122784766
423768 512 0 24501123063407
424280 512 0 24501123342047
424792 512 0 24501123620688
425304 512 0 24501123899329
425816 512 0 24501124177970
426328 512 0 24501124456610
426840 512 0 24501124735251
427352 512 0 24501125013891
427864 512 0 24501125292532
428376 512 0 24501125571173
428888 512 0 24501125849813
429400 512 0 24501126128454
429912 512 0 24501126407094
430424 512 0 24501126685735
430936 512 0 24501126964376
431448 512 0 24501127243016
431960 512 0 24501127521657
432472 512 0 24501127800297
432984 512 0 24501128078938
433496 512 0 24501128357578
434008 512 0 24501128636219
434520 512 0 24501128914860
435032 512 0 24501129193500
435544 512 0 24501129472141
436056 512 0 24501129750781
436568 512 0 24501130029422
437080 512 0 24501130308062
437592 512 0 24501130586703
438104 512 0 24501130865344
438616 512 0 24501131143984
439128 512 0 24501131422625
439640 512 0 24501131701265
440152 512 0 24501131979906
440664 512 0 24501132258547
441176 512 0 24501132537187
441688 512 0 24501132815828
442200 512 0 24501133094469
442712 512 0 24501133373109
443224 512 0 24501133651750
443736 512 0 24501133930390
444248 512 0 24501134209031
444760 512 0 24501134487672
445272 512 0 24501134766312
445784 512 0 24501135044953
446296 512 0 24501135323593
446808 512 0 24501135602234
447320 512 0 24501135880875
447832 512 0 24501136159515
448344 512 0 24501136438156
448856 512 0 24501136716796
449368 512 0 24501136995437
449880 512 0 24501137274077
450392 512 0 24501137552718
450904 512 0 24501137831359
451416 512 0 24501138109999
451928 512 0 24501138388640
452440 512 0 24501138667280
452952 512 0 24501138945921
453464 512 0 24501139224562
453976 512 0 24501139503202
454488 512 0 24501139781843
455000 512 0 24501140060483
455512 512 0 24501140339124
456024 512 0 24501140617764
456536 512 0 24501140896405
457048 512 0 24501141175046
457560 512 0 24501141453686
458072 512 0 24501141732327
458584 512 0 24501142010968
459096 512 0 24501142289608
459608 512 0 24501142568249
460120 512 0 24501142846890
460632 512 0 24501143125530
461144 512 0 24501143404171
461656 512 0 24501143682811
462168 512 0 24501143961452
462680 512 0 24501144240092
463192 512 0 24501144518733
463704 512 0 24501144797374
464216 512 0 24501145076014
464728 512 0 24501145354655
465240 512 0 24501145633295
465752 512 0 24501145911936
466264 512 0 24501146190577
466776 512 0 24501146469217
467288 512 0 24501146747858
467800 512 0 24501147026498
468312 512 0 24501147305139
468824 512 0 24501147583779
469336 512 0 24501147862420
469848 512 0 24501148141061
470360 512 0 24501148419701
470872 512 0 24501148698342
471384 512 0 24501148976982
471896 512 0 24501149255623
472408 512 0 24501149534264
472920 512 0 24501149812904
473432 512 0 24501150091545
473944 512 0 24501150370185
474456 512 0 24501150648826
474968 512 0 24501150927467
475480 512 0 24501151206107
475992 512 0 24501151484748
476504 512 0 24501151763389
477016 512 0 24501152042029
477528 512 0 24501152320670
478040 512 0 24501152599310
478552 512 0 24501152877951
479064 512 0 24501153156591
479576 512 0 24501153435232
480088 512 0 24501153713873
480600 512 0 24501153992513
481112 512 0 24501154271154
481624 512 0 24501154549794
482136 512 0 24501154828435
482648 512 0 24501155107076
483160 512 0 24501155385716
483672 512 0 24501155664357
484184 512 0 24501155942997
484696 512 0 24501156221638
485208 512 0 24501156500278
485720 512 0 24501156778919
486232 512 0 24501157057560
486744 512 0 24501157336200
487256 512 0 24501157614841
487768 512 0 24501157893481
488280 512 0 24501158172122
488792 512 0 24501158450763
489304 512 0 24501158729403
489816 512 0 24501159008044
490328 512 0 24501159286684
490840 512 0 24501159565325
491352 512 0 24501159843966
491864 512 0 24501160122606
492376 512 0 24501160401247
492888 512 0 24501160679888
493400 512 0 24501160958528
493912 512 0 24501161237169
494424 512 0 24501161515809
494936 512 0 24501161794450
495448 512 0 24501162073090
495960 512 0 24501162351731
496472 512 0 24501162630372
496984 512 0 24501162909012
497496 512 0 24501163187653
498008 512 0 24501163466293
498520 512 0 24501163744934
499032 512 0 24501164023575
499544 512 0 24501164302215
500056 512 0 24501164580856
500568 512 0 24501164859496
501080 512 0 24501165138137
501592 512 0 24501165416778
502104 512 0 24501165695418
502616 512 0 24501165974059
503128 512 0 24501166252699
503640 512 0 24501166531340
504152 512 0 24501166809980
504664 512 0 24501167088621
505176 512 0 24501167367262
505688 512 0 24501167645902
506200 512 0 24501167924543
506712 512 0 24501168203183
507224 512 0 24501168481824
507736 512 0 24501168760466
508248 512 0 24501169039107
508760 512 0 24501169317747
509272 512 0 24501169596388
509784 512 0 24501169875028
510296 512 0 24501170153669
510808 512 0 24501170432309
511320 512 0 24501170710950
511832 512 0 24501170989591
512344 512 0 24501171268231
512856 512 0 24501171546872
513368 512 0 24501171825512
513880 512 0 24501172104153
514392 512 0 24501172382794
514904 512 0 24501172661434
515416 512 0 24501172940075
515928 512 0 24501173218715
516440 512 0 24501173497356
516952 512 0 24501173775997
517464 512 0 24501174054637
517976 512 0 24501174333278
518488 512 0 24501174611918
519000 512 0 24501174890559
519512 512 0 24501175169200
520024 512 0 24501175447840
520536 512 0 24501175726481
521048 512 0 24501176005121
521560 512 0 24501176283762
522072 512 0 24501176562402
522584 512 0 24501176841043
523096 512 0 24501177119684
523608 512 0 24501177398324
524120 512 0 24501177676965
524632 512 0 24501177955606
525144 512 0 24501178234246
525656 512 0 24501178512887
526168 512 0 24501178791527
526680 512 0 24501179070168
527192 512 0 24501179348808
527704 512 0 24501179627449
528216 512 0 24501179906090
528728 512 0 24501180184730
529240 512 0 24501180463371
529752 512 0 24501180742011
530264 512 0 24501181020652
530776 512 0 24501181299293
531288 512 0 24501181577933
531800 512 0 24501181856574
532312 512 0 24501182135214
532824 512 0 24501182413855
533336 512 0 24501182692496
533848 512 0 24501182971136
534360 512 0 24501183249777
534872 512 0 24501183528417
535384 512 0 24501183807058
535896 512 0 24501184085699
536408 512 0 24501184364339
536920 512 0 24501184642980
537432 512 0 24501184921620
537944 512 0 24501185200261
538456 512 0 24501185478901
538968 512 0 24501185757542
539480 512 0 24501186036183
539992 512 0 24501186314823
540504 512 0 24501186593464
541016 512 0 24501186872105
541528 512 0 24501187150745
542040 512 0 24501187429386
542552 512 0 24501187708026
543064 512 0 24501187986667
543576 512 0 24501188265308
544088 512 0 24501188543948
544600 512 0 24501188822589
545112 512 0 24501189101229
545624 512 0 24501189379870
546136 512 0 24501189658510
546648 512 0 24501189937151
547160 512 0 24501190215792
547672 512 0 24501190494432
548184 512 0 24501190773073
548696 512 0 24501191051713
549208 512 0 24501191330354
549720 512 0 24501191608995
550232 512 0 24501191887635
550744 512 0 24501192166276
551256 512 0 24501192444916
551768 512 0 24501192723557
552280 512 0 24501193002198
552792 512 0 24501193280838
553304 512 0 24501193559479
553816 512 0 24501193838119
554328 512 0 24501194116760
554840 512 0 24501194395400
555352 512 0 24501194674041
555864 512 0 24501194952682
556376 512 0 24501195231322
556888 512 0 24501195509963
557400 512 0 24501195788604
557912 512 0 24501196067244
558424 512 0 24501196345885
558936 512 0 24501196624525
559448 512 0 24501196903166
559960 512 0 24501197181807
560472 512 0 24501197460447
560984 512 0 24501197739088
561496 512 0 24501198017728
562008 512 0 24501198296369
562520 512 0 24501198575009
563032 512 0 24501198853650
563544 512 0 24501199132291
564056 512 0 24501199410931
564568 512 0 24501199689572
565080 512 0 24501199968212
565592 512 0 24501200246853
566104 512 0 24501200525494
566616 512 0 24501200804134
567128 512 0 24501201082775
567640 512 0 24501201361415
568152 512 0 24501201640056
568664 512 0 24501201918697
569176 512 0 24501202197337
569688 512 0 24501202475978
570200 512 0 24501202754618
570712 512 0 24501203033259
571224 512 0 24501203311900
571736 512 0 24501203590540
572248 512 0 24501203869181
572760 512 0 24501204147821
573272 512 0 24501204426462
573784 512 0 24501204705103
574296 512 0 24501204983743
574808 512 0 24501205262384
575320 512 0 24501205541024
575832 512 0 24501205819665
576344 512 0 24501206098306
576856 512 0 24501206376946
577368 512 0 24501206655587
577880 512 0 24501206934227
578392 512 0 24501207212868
578904 512 0 24501207491508
579416 512 0 24501207770149
579928 512 0 24501208048790
580440 512 0 24501208327430
580952 512 0 24501208606071
581464 512 0 24501208884711
581976 512 0 24501209163352
582488 512 0 24501209441993
583000 512 0 24501209720633
583512 512 0 24501209999274
584024 512 0 24501210277914
584536 512 0 24501210556555
585048 512 0 24501210835196
585560 512 0 24501211113836
586072 512 0 24501211392477
586584 512 0 24501211671117
587096 512 0 24501211949758
587608 512 0 24501212228399
588120 512 0 24501212507039
588632 512 0 24501212785680
589144 512 0 24501213064320
589656 512 0 24501213342961
590168 512 0 24501213621602
590680 512 0 24501213900242
591192 512 0 24501214178883
591704 512 0 24501214457523
592216 512 0 24501214736164
592728 512 0 24501215014805
593240 512 0 24501215293445
593752 512 0 24501215572086
594264 512 0 24501215850726
594776 512 0 24501216129367
595288 512 0 24501216408007
595800 512 0 24501216686648
596312 512 0 24501216965289
596824 512 0 24501217243929
597336 512 0 24501217522570
597848 512 0 24501217801210
598360 512 0 24501218079851
598872 512 0 24501218358492
599384 512 0 24501218637132
599896 512 0 24501218915773
600408 512 0 24501219194413
600920 512 0 24501219473054
601432 512 0 24501219751695
601944 512 0 24501220030335
602456 512 0 24501220308976
602968 512 0 24501220587616
603480 512 0 24501220866257
603992 512 0 24501221144898
604504 512 0 24501221423538
605016 512 0 24501221702179
605528 512 0 24501221980819
606040 512 0 24501222259461
606552 512 0 24501222538102
607064 512 0 24501222816742
607576 512 0 24501223095383
608088 512 0 24501223374023
608600 512 0 24501223652664
609112 512 0 24501223931305
609624 512 0 24501224209945
610136 512 0 24501224488586
610648 512 0 24501224767226
611160 512 0 24501225045867
611672 512 0 24501225324508
612184 512 0 24501225603148
612696 512 0 24501225881789
613208 512 0 24501226160429
613720 512 0 24501226439070
614232 512 0 24501226717711
614744 512 0 24501226996351
615256 512 0 24501227274992
615768 512 0 24501227553632
616280 512 0 24501227832273
616792 512 0 24501228110914
617304 512 0 24501228389554
617816 512 0 24501228668195
618328 512 0 24501228946835
618840 512 0 24501229225476
619352 512 0 24501229504117
619864 512 0 24501229782757
620376 512 0 24501230061398
620888 512 0 24501230340038
621400 512 0 24501230618679
621912 512 0 24501230897320
622424 512 0 24501231175960
622936 512 0 24501231454601
623448 512 0 24501231733241
623960 512 0 24501232011882
624472 512 0 24501232290522
624984 512 0 24501232569163
625496 512 0 24501232847804
626008 512 0 24501233126444
626520 512 0 24501233405085
627032 512 0 24501233683725
627544 512 0 24501233962366
628056 512 0 24501234241007
628568 512 0 24501234519647
629080 512 0 24501234798288
629592 512 0 24501235076928
630104 512 0 24501235355569
630616 512 0 24501235634210
631128 512 0 24501235912850
631640 512 0 24501236191491
632152 512 0 24501236470131
632664 512 0 24501236748772
633176 512 0 24501237027413
633688 512 0 24501237306053
634200 512 0 24501237584694
634712 512 0 24501237863334
635224 512 0 24501238141975
635736 512 0 24501238420616
636248 512 0 24501238699256
636760 512 0 24501238977897
637272 512 0 24501239256537
637784 512 0 24501239535178
638296 512 0 24501239813819
638808 512 0 24501240092459
639320 512 0 24501240371100
639832 512 0 24501240649740
640344 512 0 24501240928381
640856 512 0 24501241207021
641368 512 0 24501241485662
641880 512 0 24501241764303
642392 512 0 24501242042943
642904 512 0 24501242321584
643416 512 0 24501242600224
643928 512 0 24501242878865
644440 512 0 24501243157506
644952 512 0 24501243436146
645464 512 0 24501243714787
645976 512 0 24501243993427
646488 512 0 24501244272068
647000 512 0 24501244550709
647512 512 0 24501244829349
648024 512 0 24501245107990
648536 512 0 24501245386630
649048 512 0 24501245665271
649560 512 0 24501245943912
650072 512 0 24501246222552
650584 512 0 24501246501193
651096 512 0 24501246779833
651608 512 0 24501247058474
652120 512 0 24501247337115
652632 512 0 24501247615755
653144 512 0 24501247894396
653656 512 0 24501248173036
654168 512 0 24501248451677
654680 512 0 24501248730318
655192 512 0 24501249008958
655704 512 0 24501249287599
656216 512 0 24501249566239
656728 512 0 24501249844880
657240 512 0 24501250123520
657752 512 0 24501250402161
658264 512 0 24501250680802
658776 512 0 24501250959442
659288 512 0 24501251238083
659800 512 0 24501251516723
660312 512 0 24501251795364
660824 512 0 24501252074005
661336 512 0 24501252352645
661848 512 0 24501252631286
662360 512 0 24501252909926
662872 512 0 24501253188567
663384 512 0 24501253467208
663896 512 0 24501253745848
664408 512 0 24501254024489
664920 512 0 24501254303129
665432 512 0 24501254581770
665944 512 0 24501254860411
666456 512 0 24501255139051
666968 512 0 24501255417692
667480 512 0 24501255696332
667992 512 0 24501255974973
668504 512 0 24501256253614
669016 512 0 24501256532254
669528 512 0 24501256810895
670040 512 0 24501257089535
670552 512 0 24501257368176
671064 512 0 24501257646817
671576 512 0 24501257925457
672088 512 0 24501258204098
672600 512 0 24501258482738
673112 512 0 24501258761379
673624 512 0 24501259040019
674136 512 0 24501259318660
674648 512 0 24501259597301
675160 512 0 24501259875941
675672 512 0 24501260154582
676184 512 0 24501260433222
676696 512 0 24501260711863
677208 512 0 24501260990504
677720 512 0 24501261269144
678232 512 0 24501261547785
678744 512 0 24501261826425
679256 512 0 24501262105066
679768 512 0 24501262383707
680280 512 0 24501262662347
680792 512 0 24501262940988
681304 512 0 24501263219628
681816 512 0 24501263498269
682328 512 0 24501263776910
682840 512 0 24501264055550
683352 512 0 24501264334191
683864 512 0 24501264612831
684376 512 0 24501264891472
684888 512 0 24501265170113
685400 512 0 24501265448753
685912 512 0 24501265727394
686424 512 0 24501266006034
686936 512 0 24501266284675
687448 512 0 24501266563316
687960 512 0 24501266841956
688472 512 0 24501267120597
688984 512 0 24501267399237
689496 512 0 24501267677878
690008 512 0 24501267956518
690520 512 0 24501268235159
691032 512 0 24501268513800
691544 512 0 24501268792440
692056 512 0 24501269071081
692568 512 0 24501269349721
693080 512 0 24501269628362
693592 512 0 24501269907003
694104 512 0 24501270185643
694616 512 0 24501270464284
695128 512 0 24501270742924
695640 512 0 24501271021565
696152 512 0 24501271300206
696664 512 0 24501271578846
697176 512 0 24501271857487
697688 512 0 24501272136127
698200 512 0 24501272414768
698712 512 0 24501272693409
699224 512 0 24501272972049
699736 512 0 24501273250690
700248 512 0 24501273529330
700760 512 0 24501273807971
701272 512 0 24501274086612
701784 512 0 24501274365252
702296 512 0 24501274643893
702808 512 0 24501274922533
703320 512 0 24501275201174
703832 512 0 24501275479815
704344 512 0 24501275758455
704856 512 0 24501276037096
705368 512 0 24501276315736
705880 512 0 24501276594377
706392 512 0 24501276873017
706904 512 0 24501277151658
707416 512 0 24501277430299
707928 512 0 24501277708939
708440 512 0 24501277987580
708952 512 0 24501278266220
709464 512 0 24501278544861
709976 512 0 24501278823502
710488 512 0 24501279102142
711000 512 0 24501279380783
711512 512 0 24501279659423
712024 512 0 24501279938064
712536 512 0 24501280216705
713048 512 0 24501280495345
713560 512 0 24501280773986
714072 512 0 24501281052626
714584 512 0 24501281331267
715096 512 0 24501281609908
715608 512 0 24501281888548
716120 512 0 24501282167189
716632 512 0 24501282445829
717144 512 0 24501282724470
717656 512 0 24501283003111
718168 512 0 24501283281751
718680 512 0 24501283560392
719192 512 0 24501283839032
719704 512 0 24501284117673
720216 512 0 24501284396313
720728 512 0 24501284674954
721240 512 0 24501284953595
721752 512 0 24501285232235
722264 512 0 24501285510876
722776 512 0 24501285789516
723288 512 0 24501286068157
723800 512 0 24501286346798
724312 512 0 24501286625438
724824 512 0 24501286904079
725336 512 0 24501287182719
725848 512 0 24501287461360
726360 512 0 24501287740001
726872 512 0 24501288018641
727384 512 0 24501288297282
727896 512 0 24501288575922
728408 512 0 24501288854563
728920 512 0 24501289133204
729432 512 0 24501289411844
729944 512 0 24501289690485
730456 512 0 24501289969125
730968 512 0 24501290247766
731480 512 0 24501290526407
731992 512 0 24501290805047
732504 512 0 24501291083688
733016 512 0 24501291362328
733528 512 0 24501291640969
734040 512 0 24501291919610
734552 512 0 24501292198250
735064 512 0 24501292476891
735576 512 0 24501292755531
736088 512 0 24501293034172
736600 512 0 24501293312812
737112 512 0 24501293591453
737624 512 0 24501293870094
738136 512 0 24501294148734
738648 512 0 24501294427375
739160 512 0 24501294706015
739672 512 0 24501294984656
740184 512 0 24501295263297
740696 512 0 24501295541937
741208 512 0 24501295820578
741720 512 0 24501296099218
742232 512 0 24501296377859
742744 512 0 24501296656500
743256 512 0 24501296935140
743768 512 0 24501297213781
744280 512 0 24501297492421
744792 512 0 24501297771062
745304 512 0 24501298049703
745816 512 0 24501298328343
746328 512 0 24501298606984
746840 512 0 24501298885624
747352 512 0 24501299164265
747864 512 0 24501299442906
748376 512 0 24501299721546
748888 512 0 24501300000187
749400 512 0 24501300278827
749912 512 0 24501300557468
750424 512 0 24501300836109
750936 512 0 24501301114749
751448 512 0 24501301393390
751960 512 0 24501301672030
752472 512 0 24501301950671
752984 512 0 24501302229311
753496 512 0 24501302507952
754008 512 0 24501302786593
754520 512 0 24501303065233
755032 512 0 24501303343874
755544 512 0 24501303622514
756056 512 0 24501303901155
756568 512 0 24501304179796
757080 512 0 24501304458436
757592 512 0 24501304737077
758104 512 0 24501305015717
758616 512 0 24501305294358
759128 512 0 24501305572999
759640 512 0 24501305851639
760152 512 0 24501306130280
760664 512 0 24501306408920
761176 512 0 24501306687561
761688 512 0 24501306966202
762200 512 0 24501307244842
762712 512 0 24501307523483
763224 512 0 24501307802123
763736 512 0 24501308080764
764248 512 0 24501308359405
764760 512 0 24501308638045
765272 512 0 24501308916686
765784 512 0 24501309195326
766296 512 0 24501309473967
766808 512 0 24501309752608
767320 512 0 24501310031248
767832 512 0 24501310309889
768344 512 0 24501310588529
768856 512 0 24501310867170
769368 512 0 24501311145810
769880 512 0 24501311424451
770392 512 0 24501311703092
770904 512 0 24501311981732
771416 512 0 24501312260373
771928 512 0 24501312539013
772440 512 0 24501312817654
772952 512 0 24501313096295
773464 512 0 24501313374935
773976 512 0 24501313653576
774488 512 0 24501313932216
775000 512 0 24501314210857
775512 512 0 24501314489498
776024 512 0 24501314768138
776536 512 0 24501315046779
777048 512 0 24501315325419
777560 512 0 24501315604060
778072 512 0 24501315882701
778584 512 0 24501316161341
779096 512 0 24501316439982
779608 512 0 24501316718622
780120 512 0 24501316997263
780632 512 0 24501317275904
781144 512 0 24501317554544
781656 512 0 24501317833185
782168 512 0 24501318111825
782680 512 0 24501318390466
783192 512 0 24501318669107
783704 512 0 24501318947747
784216 512 0 24501319226388
784728 512 0 24501319505028
785240 512 0 24501319783669
785752 512 0 24501320062309
786264 512 0 24501320340950
786776 512 0 24501320619591
787288 512 0 24501320898231
787800 512 0 24501321176872
788312 512 0 24501321455512
788824 512 0 24501321734153
789336 512 0 24501322012794
789848 512 0 24501322291434
790360 512 0 24501322570075
790872 512 0 24501322848715
791384 512 0 24501323127356
791896 512 0 24501323405997
792408 512 0 24501323684637
792920 512 0 24501323963278
793432 512 0 24501324241918
793944 512 0 24501324520559
794456 512 0 24501324799200
794968 512 0 24501325077840
795480 512 0 24501325356481
795992 512 0 24501325635121
796504 512 0 24501325913762
797016 512 0 24501326192403
797528 512 0 24501326471043
798040 512 0 24501326749684
798552 512 0 24501327028324
799064 512 0 24501327306965
799576 512 0 24501327585606
800088 512 0 24501327864246
800600 512 0 24501328142887
801112 512 0 24501328421527
801624 512 0 24501328700168
802136 512 0 24501328978808
802648 512 0 24501329257449
803160 512 0 24501329536090
803672 512 0 24501329814730
804184 512 0 24501330093371
804696 512 0 24501330372011
805208 512 0 24501330650652
805720 512 0 24501330929293
806232 512 0 24501331207933
806744 512 0 24501331486574
807256 512 0 24501331765214
807768 512 0 24501332043855
808280 512 0 24501332322496
808792 512 0 24501332601136
809304 512 0 24501332879777
809816 512 0 24501333158417
810328 512 0 24501333437058
810840 512 0 24501333715699
811352 512 0 24501333994339
811864 512 0 24501334272980
812376 512 0 24501334551620
812888 512 0 24501334830261
813400 512 0 24501335108902
813912 512 0 24501335387542
814424 512 0 24501335666183
814936 512 0 24501335944823
815448 512 0 24501336223464
815960 512 0 24501336502105
816472 512 0 24501336780745
816984 512 0 24501337059386
817496 512 0 24501337338026
818008 512 0 24501337616667
818520 512 0 24501337895307
819032 512 0 24501338173948
819544 512 0 24501338452589
820056 512 0 24501338731229
820568 512 0 24501339009870
821080 512 0 24501339288510
821592 512 0 24501339567151
822104 512 0 24501339845792
822616 512 0 24501340124432
823128 512 0 24501340403073
823640 512 0 24501340681713
824152 512 0 24501340960354
824664 512 0 24501341238995
825176 512 0 24501341517635
825688 512 0 24501341796276
826200 512 0 24501342074916
826712 512 0 24501342353557
827224 512 0 24501342632198
827736 512 0 24501342910838
828248 512 0 24501343189479
828760 512 0 24501343468119
829272 512 0 24501343746760
829784 512 0 24501344025401
830296 512 0 24501344304041
830808 512 0 24501344582682
831320 512 0 24501344861322
831832 512 0 24501345139963
832344 512 0 24501345418604
832856 512 0 24501345697244
833368 512 0 24501345975885
833880 512 0 24501346254525
834392 512 0 24501346533166
834904 512 0 24501346811806
835416 512 0 24501347090447
835928 512 0 24501347369088
836440 512 0 24501347647728
836952 512 0 24501347926369
837464 512 0 24501348205009
837976 512 0 24501348483650
838488 512 0 24501348762291
839000 512 0 24501349040931
839512 512 0 24501349319572
840024 512 0 24501349598212
840536 512 0 24501349876853
841048 512 0 24501350155494
841560 512 0 24501350434134
842072 512 0 24501350712775
842584 512 0 24501350991415
843096 512 0 24501351270056
843608 512 0 24501351548697
844120 512 0 24501351827337
844632 512 0 24501352105978
845144 512 0 24501352384618
845656 512 0 24501352663259
846168 512 0 24501352941900
846680 512 0 24501353220540
847192 512 0 24501353499181
847704 512 0 24501353777821
848216 512 0 24501354056462
848728 512 0 24501354335103
849240 512 0 24501354613743
849752 512 0 24501354892384
850264 512 0 24501355171024
850776 512 0 24501355449665
851288 512 0 24501355728305
851800 512 0 24501356006945
852312 512 0 24501356285586
852824 512 0 24501356564226
853336 512 0 24501356842867
853848 512 0 24501357121507
854360 512 0 24501357400148
854872 512 0 24501357678789
855384 512 0 24501357957429
855896 512 0 24501358236070
856408 512 0 24501358514710
856920 512 0 24501358793351
857432 512 0 24501359071991
857944 512 0 24501359350632
858456 512 0 24501359629273
858968 512 0 24501359907913
859480 512 0 24501360186554
859992 512 0 24501360465194
860504 512 0 24501360743835
861016 512 0 24501361022476
861528 512 0 24501361301116
862040 512 0 24501361579757
862552 512 0 24501361858397
863064 512 0 24501362137038
863576 512 0 24501362415679
864088 512 0 24501362694319
864600 512 0 24501362972960
865112 512 0 24501363251600
865624 512 0 24501363530241
866136 512 0 24501363808882
866648 512 0 24501364087522
867160 512 0 24501364366163
867672 512 0 24501364644803
868184 512 0 24501364923444
868696 512 0 24501365202085
869208 512 0 24501365480725
869720 512 0 24501365759366
870232 512 0 24501366038006
870744 512 0 24501366316647
871256 512 0 24501366595288
871768 512 0 24501366873928
872280 512 0 24501367152569
872792 512 0 24501367431209
873304 512 0 24501367709850
873816 512 0 24501367988490
874328 512 0 24501368267131
874840 512 0 24501368545772
875352 512 0 24501368824412
875864 512 0 24501369103053
876376 512 0 24501369381693
876888 512 0 24501369660334
877400 512 0 24501369938975
877912 512 0 24501370217615
878424 512 0 24501370496256
878936 512 0 24501370774896
879448 512 0 24501371053537
879960 512 0 24501371332178
880472 512 0 24501371610818
880984 512 0 24501371889459
881496 512 0 24501372168099
882008 512 0 24501372446740
882520 512 0 24501372725381
883032 512 0 24501373004021
883544 512 0 24501373282662
884056 512 0 24501373561302
884568 512 0 24501373839943
885080 512 0 24501374118584
885592 512 0 24501374397224
886104 512 0 24501374675865
886616 512 0 24501374954505
887128 512 0 24501375233146
887640 512 0 24501375511787
888152 512 0 24501375790427
888664 512 0 24501376069068
889176 512 0 24501376347708
889688 512 0 24501376626349
890200 512 0 24501376904989
890712 512 0 24501377183630
891224 512 0 24501377462271
891736 512 0 24501377740911
892248 512 0 24501378019552
892760 512 0 24501378298192
893272 512 0 24501378576833
893784 512 0 24501378855474
894296 512 0 24501379134114
894808 512 0 24501379412755
895320 512 0 24501379691395
895832 512 0 24501379970036
896344 512 0 24501380248677
896856 512 0 24501380527317
897368 512 0 24501380805958
897880 512 0 24501381084598
898392 512 0 24501381363239
898904 512 0 24501381641880
899416 512 0 24501381920520
899928 512 0 24501382199161
900440 512 0 24501382477801
900952 512 0 24501382756442
901464 512 0 24501383035083
901976 512 0 24501383313723
902488 512 0 24501383592364
903000 512 0 24501383871004
903512 512 0 24501384149645
904024 512 0 24501384428286
904536 512 0 24501384706926
905048 512 0 24501384985567
905560 512 0 24501385264207
906072 512 0 24501385542848
906584 512 0 24501385821488
907096 512 0 24501386100129
907608 512 0 24501386378770
908120 512 0 24501386657410
908632 512 0 24501386936051
909144 512 0 24501387214691
909656 512 0 24501387493332
910168 512 0 24501387771973
910680 512 0 24501388050613
911192 512 0 24501388329254
911704 512 0 24501388607894
912216 512 0 24501388886535
912728 512 0 24501389165176
913240 512 0 24501389443816
913752 512 0 24501389722457
914264 512 0 24501390001097
914776 512 0 24501390279738
915288 512 0 24501390558379
915800 512 0 24501390837019
916312 512 0 24501391115660
916824 512 0 24501391394300
917336 512 0 24501391672941
917848 512 0 24501391951582
918360 512 0 24501392230222
918872 512 0 24501392508863
919384 512 0 24501392787503
919896 512 0 24501393066144
920408 512 0 24501393344785
920920 512 0 24501393623425
921432 512 0 24501393902066
921944 512 0 24501394180706
922456 512 0 24501394459347
922968 512 0 24501394737988
923480 512 0 24501395016628
923992 512 0 24501395295269
924504 512 0 24501395573909
925016 512 0 24501395852550
925528 512 0 24501396131190
926040 512 0 24501396409831
926552 512 0 24501396688472
927064 512 0 24501396967112
927576 512 0 24501397245753
928088 512 0 24501397524393
928600 512 0 24501397803034
929112 512 0 24501398081675
929624 512 0 24501398360315
930136 512 0 24501398638956
930648 512 0 24501398917596
931160 512 0 24501399196237
931672 512 0 24501399474878
932184 512 0 24501399753518
932696 512 0 24501400032159
933208 512 0 24501400310799
933720 512 0 24501400589440
934232 512 0 24501400868081
934744 512 0 24501401146721
935256 512 0 24501401425362
935768 512 0 24501401704002
936280 512 0 24501401982643
936792 512 0 24501402261284
937304 512 0 24501402539924
937816 512 0 24501402818565
938328 512 0 24501403097205
938840 512 0 24501403375846
939352 512 0 24501403654487
939864 512 0 24501403933127
940376 512 0 24501404211768
940888 512 0 24501404490408
941400 512 0 24501404769049
941912 512 0 24501405047689
942424 512 0 24501405326330
942936 512 0 24501405604971
943448 512 0 24501405883611
943960 512 0 24501406162252
944472 512 0 24501406440892
944984 512 0 24501406719533
945496 512 0 24501406998174
946008 512 0 24501407276814
946520 512 0 24501407555455
947032 512 0 24501407834095
947544 512 0 24501408112736
948056 512 0 24501408391377
948568 512 0 24501408670017
949080 512 0 24501408948658
949592 512 0 24501409227298
950104 512 0 24501409505939
950616 512 0 24501409784580
951128 512 0 24501410063220
951640 512 0 24501410341861
952152 512 0 24501410620501
952664 512 0 24501410899142
953176 512 0 24501411177783
953688 512 0 24501411456423
954200 512 0 24501411735064
954712 512 0 24501412013704
955224 512 0 24501412292345
955736 512 0 24501412570986
956248 512 0 24501412849626
956760 512 0 24501413128267
957272 512 0 24501413406907
957784 512 0 24501413685548
958296 512 0 24501413964188
958808 512 0 24501414242829
959320 512 0 24501414521470
959832 512 0 24501414800110
960344 512 0 24501415078751
960856 512 0 24501415357391
961368 512 0 24501415636032
961880 512 0 24501415914673
962392 512 0 24501416193313
962904 512 0 24501416471954
963416 512 0 24501416750594
963928 512 0 24501417029235
964440 512 0 24501417307876
964952 512 0 24501417586516
965464 512 0 24501417865157
965976 512 0 24501418143797
966488 512 0 24501418422437
967000 512 0 24501418701078
967512 512 0 24501418979718
968024 512 0 24501419258359
968536 512 0 24501419536999
969048 512 0 24501419815640
969560 512 0 24501420094280
970072 512 0 24501420372921
970584 512 0 24501420651562
971096 512 0 24501420930202
971608 512 0 24501421208843
972120 512 0 24501421487483
972632 512 0 24501421766124
973144 512 0 24501422044765
973656 512 0 24501422323405
974168 512 0 24501422602046
974680 512 0 24501422880686
975192 512 0 24501423159327
975704 512 0 24501423437968
976216 512 0 24501423716608
976728 512 0 24501423995249
977240 512 0 24501424273889
977752 512 0 24501424552530
978264 512 0 24501424831170
978776 512 0 24501425109811
979288 512 0 24501425388452
979800 512 0 24501425667092
980312 512 0 24501425945733
980824 512 0 24501426224373
981336 512 0 24501426503014
981848 512 0 24501426781655
982360 512 0 24501427060295
982872 512 0 24501427338936
983384 512 0 24501427617577
983896 512 0 24501427896217
984408 512 0 24501428174858
984920 512 0 24501428453498
985432 512 0 24501428732139
985944 512 0 24501429010779
986456 512 0 24501429289420
986968 512 0 24501429568061
987480 512 0 24501429846701
987992 512 0 24501430125342
988504 512 0 24501430403982
989016 512 0 24501430682623
989528 512 0 24501430961264
990040 512 0 24501431239904
990552 512 0 24501431518545
991064 512 0 24501431797185
991576 512 0 24501432075826
992088 512 0 24501432354467
992600 512 0 24501432633107
993112 512 0 24501432911748
993624 512 0 24501433190388
994136 512 0 24501433469029
994648 512 0 24501433747669
995160 512 0 24501434026310
995672 512 0 24501434304951
996184 512 0 24501434583591
996696 512 0 24501434862232
997208 512 0 24501435140872
997720 512 0 24501435419513
998232 512 0 24501435698154
998744 512 0 24501435976794
999256 512 0 24501436255435
999768 512 0 24501436534076
1000280 512 0 24501436812716
1000792 512 0 24501437091357
1001304 512 0 24501437369997
1001816 512 0 24501437648638
1002328 512 0 24501437927278
1002840 512 0 24501438205919
1003352 512 0 24501438484560
1003864 512 0 24501438763200
1004376 512 0 24501439041841
1004888 512 0 24501439320481
1005400 512 0 24501439599122
1005912 512 0 24501439877763
1006424 512 0 24501440156403
1006936 512 0 24501440435044
1007448 512 0 24501440713684
1007960 512 0 24501440992325
1008472 512 0 24501441270966
1008984 512 0 24501441549606
1009496 512 0 24501441828247
1010008 512 0 24501442106887
1010520 512 0 24501442385528
1011032 512 0 24501442664169
1011544 512 0 24501442942809
1012056 512 0 24501443221450
1012568 512 0 24501443500090
1013080 512 0 24501443778731
1013592 512 0 24501444057371
1014104 512 0 24501444336012
1014616 512 0 24501444614653
1015128 512 0 24501444893293
1015640 512 0 24501445171934
1016152 512 0 24501445450575
1016664 512 0 24501445729215
1017176 512 0 24501446007856
1017688 512 0 24501446286496
1018200 512 0 24501446565137
1018712 512 0 24501446843777
1019224 512 0 24501447122418
1019736 512 0 24501447401059
1020248 512 0 24501447679699
1020760 512 0 24501447958340
1021272 512 0 24501448236980
1021784 512 0 24501448515621
1022296 512 0 24501448794262
1022808 512 0 24501449072902
1023320 512 0 24501449351543
1023832 512 0 24501449630183
1024344 512 0 24501449908824
1024856 512 0 24501450187465
1025368 512 0 24501450466105
1025880 512 0 24501450744746
1026392 512 0 24501451023386
1026904 512 0 24501451302027
1027416 512 0 24501451580668
1027928 512 0 24501451859308
1028440 512 0 24501452137949
1028952 512 0 24501452416589
1029464 512 0 24501452695230
1029976 512 0 24501452973870
1030488 512 0 24501453252511
1031000 512 0 24501453531152
1031512 512 0 24501453809792
1032024 512 0 24501454088432
1032536 512 0 24501454367072
1033048 512 0 24501454645713
1033560 512 0 24501454924354
1034072 512 0 24501455202994
1034584 512 0 24501455481635
1035096 512 0 24501455760275
1035608 512 0 24501456038916
1036120 512 0 24501456317557
1036632 512 0 24501456596197
1037144 512 0 24501456874838
1037656 512 0 24501457153478
1038168 512 0 24501457432119
1038680 512 0 24501457710760
1039192 512 0 24501457989400
1039704 512 0 24501458268041
1040216 512 0 24501458546681
1040728 512 0 24501458825322
1041240 512 0 24501459103962
1041752 512 0 24501459382603
1042264 512 0 24501459661244
1042776 512 0 24501459939884
1043288 512 0 24501460218525
1043800 512 0 24501460497165
1044312 512 0 24501460775806
1044824 512 0 24501461054447
1045336 512 0 24501461333087
1045848 512 0 24501461611728
1046360 512 0 24501461890368
1046872 512 0 24501462169009
1047384 512 0 24501462447649
1047896 512 0 24501462726290
1048408 512 0 24501463004931
1048920 512 0 24501463283571
1049432 512 0 24501463562212
1049944 512 0 24501463840853
1050456 512 0 24501464119493
1050968 512 0 24501464398134
1051480 512 0 24501464676774
1051992 512 0 24501464955415
1052504 512 0 24501465234056
1053016 512 0 24501465512696
1053528 512 0 24501465791337
1054040 512 0 24501466069977
1054552 512 0 24501466348618
1055064 512 0 24501466627259
1055576 512 0 24501466905899
1056088 512 0 24501467184540
1056600 512 0 24501467463180
1057112 512 0 24501467741821
1057624 512 0 24501468020461
1058136 512 0 24501468299102
1058648 512 0 24501468577743
1059160 512 0 24501468856383
1059672 512 0 24501469135024
1060184 512 0 24501469413664
1060696 512 0 24501469692305
1061208 512 0 24501469970946
1061720 512 0 24501470249586
1062232 512 0 24501470528227
1062744 512 0 24501470806867
1063256 512 0 24501471085508
1063768 512 0 24501471364149
1064280 512 0 24501471642789
1064792 512 0 24501471921430
1065304 512 0 24501472200070
1065816 512 0 24501472478711
1066328 512 0 24501472757352
1066840 512 0 24501473035992
1067352 512 0 24501473314633
1067864 512 0 24501473593273
1068376 512 0 24501473871914
1068888 512 0 24501474150555
1069400 512 0 24501474429195
1069912 512 0 24501474707836
1070424 512 0 24501474986476
1070936 512 0 24501475265117
1071448 512 0 24501475543758
1071960 512 0 24501475822398
1072472 512 0 24501476101039
1072984 512 0 24501476379679
1073496 512 0 24501476658320
1074008 512 0 24501476936960
1074520 512 0 24501477215601
1075032 512 0 24501477494242
1075544 512 0 24501477772882
1076056 512 0 24501478051523
1076568 512 0 24501478330163
1077080 512 0 24501478608804
1077592 512 0 24501478887445
1078104 512 0 24501479166085
1078616 512 0 24501479444726
1079128 512 0 24501479723366
1079640 512 0 24501480002007
1080152 512 0 24501480280648
1080664 512 0 24501480559288
1081176 512 0 24501480837928
1081688 512 0 24501481116568
1082200 512 0 24501481395209
1082712 512 0 24501481673850
1083224 512 0 24501481952490
1083736 512 0 24501482231131
1084248 512 0 24501482509771
1084760 512 0 24501482788412
1085272 512 0 24501483067053
1085784 512 0 24501483345693
1086296 512 0 24501483624334
1086808 512 0 24501483902974
1087320 512 0 24501484181615
1087832 512 0 24501484460255
1088344 512 0 24501484738896
1088856 512 0 24501485017537
1089368 512 0 24501485296177
1089880 512 0 24501485574818
1090392 512 0 24501485853458
1090904 512 0 24501486132099
1091416 512 0 24501486410740
1091928 512 0 24501486689380
1092440 512 0 24501486968021
1092952 512 0 24501487246661
1093464 512 0 24501487525302
1093976 512 0 24501487803942
1094488 512 0 24501488082583
1095000 512 0 24501488361224
1095512 512 0 24501488639864
1096024 512 0 24501488918505
1096536 512 0 24501489197145
1097048 512 0 24501489475786
1097560 512 0 24501489754427
1098072 512 0 24501490033067
1098584 512 0 24501490311708
1099096 512 0 24501490590349
1099608 512 0 24501490868989
1100120 512 0 24501491147630
1100632 512 0 24501491426270
1101144 512 0 24501491704911
1101656 512 0 24501491983552
1102168 512 0 24501492262192
1102680 512 0 24501492540833
1103192 512 0 24501492819473
1103704 512 0 24501493098114
1104216 512 0 24501493376754
1104728 512 0 24501493655395
1105240 512 0 24501493934036
1105752 512 0 24501494212676
1106264 512 0 24501494491317
1106776 512 0 24501494769957
1107288 512 0 24501495048598
1107800 512 0 24501495327239
1108312 512 0 24501495605879
1108824 512 0 24501495884520
1109336 512 0 24501496163160
1109848 512 0 24501496441801
1110360 512 0 24501496720442
1110872 512 0 24501496999082
1111384 512 0 24501497277723
1111896 512 0 24501497556363
1112408 512 0 24501497835004
1112920 512 0 24501498113644
1113432 512 0 24501498392285
1113944 512 0 24501498670926
1114456 512 0 24501498949566
1114968 512 0 24501499228207
1115480 512 0 24501499506848
1115992 512 0 24501499785488
1116504 512 0 24501500064129
1117016 512 0 24501500342769
1117528 512 0 24501500621410
1118040 512 0 24501500900051
1118552 512 0 24501501178691
1119064 512 0 24501501457332
1119576 512 0 24501501735972
1120088 512 0 24501502014613
1120600 512 0 24501502293254
1121112 512 0 24501502571894
1121624 512 0 24501502850535
1122136 512 0 24501503129175
1122648 512 0 24501503407816
1123160 512 0 24501503686456
1123672 512 0 24501503965097
1124184 512 0 24501504243738
1124696 512 0 24501504522378
1125208 512 0 24501504801019
1125720 512 0 24501505079659
1126232 512 0 24501505358300
1126744 512 0 24501505636941
1127256 512 0 24501505915581
1127768 512 0 24501506194222
1128280 512 0 24501506472862
1128792 512 0 24501506751503
1129304 512 0 24501507030143
1129816 512 0 24501507308784
1130328 512 0 24501507587425
1130840 512 0 24501507866065
1131352 512 0 24501508144706
1131864 512 0 24501508423347
1132376 512 0 24501508701987
1132888 512 0 24501508980628
1133400 512 0 24501509259268
1133912 512 0 24501509537909
1134424 512 0 24501509816550
1134936 512 0 24501510095190
1135448 512 0 24501510373831
1135960 512 0 24501510652471
1136472 512 0 24501510931112
1136984 512 0 24501511209753
1137496 512 0 24501511488393
1138008 512 0 24501511767034
1138520 512 0 24501512045674
1139032 512 0 24501512324315
1139544 512 0 24501512602955
1140056 512 0 24501512881596
1140568 512 0 24501513160237
1141080 512 0 24501513438877
1141592 512 0 24501513717518
1142104 512 0 24501513996158
1142616 512 0 24501514274799
1143128 512 0 24501514553440
1143640 512 0 24501514832080
1144152 512 0 24501515110721
1144664 512 0 24501515389361
1145176 512 0 24501515668002
1145688 512 0 24501515946643
1146200 512 0 24501516225283
1146712 512 0 24501516503925
1147224 512 0 24501516782566
1147736 512 0 24501517061206
1148248 512 0 24501517339847
1148760 512 0 24501517618487
1149272 512 0 24501517897128
1149784 512 0 24501518175769
1150296 512 0 24501518454409
1150808 512 0 24501518733050
1151320 512 0 24501519011690
1151832 512 0 24501519290331
1152344 512 0 24501519568972
1152856 512 0 24501519847612
1153368 512 0 24501520126253
1153880 512 0 24501520404893
1154392 512 0 24501520683534
1154904 512 0 24501520962174
1155416 512 0 24501521240815
1155928 512 0 24501521519456
1156440 512 0 24501521798096
1156952 512 0 24501522076737
1157464 512 0 24501522355377
1157976 512 0 24501522634018
1158488 512 0 24501522912659
1159000 512 0 24501523191299
1159512 512 0 24501523469940
1160024 512 0 24501523748580
1160536 512 0 24501524027221
1161048 512 0 24501524305862
1161560 512 0 24501524584502
1162072 512 0 24501524863143
1162584 512 0 24501525141783
1163096 512 0 24501525420424
1163608 512 0 24501525699065
1164120 512 0 24501525977705
1164632 512 0 24501526256346
1165144 512 0 24501526534986
1165656 512 0 24501526813627
1166168 512 0 24501527092268
1166680 512 0 24501527370908
1167192 512 0 24501527649549
1167704 512 0 24501527928189
1168216 512 0 24501528206830
1168728 512 0 24501528485471
1169240 512 0 24501528764111
1169752 512 0 24501529042752
1170264 512 0 24501529321392
1170776 512 0 24501529600033
1171288 512 0 24501529878673
1171800 512 0 24501530157314
1172312 512 0 24501530435955
1172824 512 0 24501530714595
1173336 512 0 24501530993236
1173848 512 0 24501531271876
1174360 512 0 24501531550517
1174872 512 0 24501531829158
1175384 512 0 24501532107798
1175896 512 0 24501532386439
1176408 512 0 24501532665079
1176920 512 0 24501532943720
1177432 512 0 24501533222361
1177944 512 0 24501533501001
1178456 512 0 24501533779642
1178968 512 0 24501534058282
1179480 512 0 24501534336923
1179992 512 0 24501534615564
1180504 512 0 24501534894204
1181016 512 0 24501535172845
1181528 512 0 24501535451485
1182040 512 0 24501535730126
1182552 512 0 24501536008767
1183064 512 0 24501536287407
1183576 512 0 24501536566048
1184088 512 0 24501536844688
1184600 512 0 24501537123329
1185112 512 0 24501537401970
1185624 512 0 24501537680610
1186136 512 0 24501537959251
1186648 512 0 24501538237891
1187160 512 0 24501538516532
1187672 512 0 24501538795172
1188184 512 0 24501539073813
1188696 512 0 24501539352454
1189208 512 0 24501539631094
1189720 512 0 24501539909735
1190232 512 0 24501540188375
1190744 512 0 24501540467016
1191256 512 0 24501540745657
1191768 512 0 24501541024297
1192280 512 0 24501541302938
1192792 512 0 24501541581578
1193304 512 0 24501541860219
1193816 512 0 24501542138860
1194328 512 0 24501542417500
1194840 512 0 24501542696141
1195352 512 0 24501542974781
1195864 512 0 24501543253423
1196376 512 0 24501543532064
1196888 512 0 24501543810704
1197400 512 0 24501544089345
1197912 512 0 24501544367985
1198424 512 0 24501544646626
1198936 512 0 24501544925267
1199448 512 0 24501545203907
1199960 512 0 24501545482548
1200472 512 0 24501545761188
1200984 512 0 24501546039829
1201496 512 0 24501546318470
1202008 512 0 24501546597110
1202520 512 0 24501546875751
1203032 512 0 24501547154391
1203544 512 0 24501547433032
1204056 512 0 24501547711673
1204568 512 0 24501547990313
1205080 512 0 24501548268954
1205592 512 0 24501548547594
1206104 512 0 24501548826235
1206616 512 0 24501549104876
1207128 512 0 24501549383516
1207640 512 0 24501549662157
1208152 512 0 24501549940797
1208664 512 0 24501550219438
1209176 512 0 24501550498079
1209688 512 0 24501550776719
1210200 512 0 24501551055360
1210712 512 0 24501551334000
1211224 512 0 24501551612641
1211736 512 0 24501551891282
1212248 512 0 24501552169923
1212760 512 0 24501552448564
1213272 512 0 24501552727204
1213784 512 0 24501553005845
1214296 512 0 24501553284486
1214808 512 0 24501553563126
1215320 512 0 24501553841767
1215832 512 0 24501554120407
1216344 512 0 24501554399048
1216856 512 0 24501554677689
1217368 512 0 24501554956329
1217880 512 0 24501555234970
1218392 512 0 24501555513610
1218904 512 0 24501555792251
1219416 512 0 24501556070892
1219928 512 0 24501556349532
1220440 512 0 24501556628173
1220952 512 0 24501556906813
1221464 512 0 24501557185454
1221976 512 0 24501557464095
1222488 512 0 24501557742735
1223000 512 0 24501558021376
1223512 512 0 24501558300016
1224024 512 0 24501558578657
1224536 512 0 24501558857298
1225048 512 0 24501559135938
1225560 512 0 24501559414579
1226072 512 0 24501559693219
1226584 512 0 24501559971860
1227096 512 0 24501560250501
1227608 512 0 24501560529141
1228120 512 0 24501560807782
1228632 512 0 24501561086423
1229144 512 0 24501561365064
1229656 512 0 24501561643704
1230168 512 0 24501561922345
1230680 512 0 24501562200986
1231192 512 0 24501562479626
1231704 512 0 24501562758267
1232216 512 0 24501563036907
1232728 512 0 24501563315548
1233240 512 0 24501563594189
1233752 512 0 24501563872829
1234264 512 0 24501564151470
1234776 512 0 24501564430111
1235288 512 0 24501564708751
1235800 512 0 24501564987392
1236312 512 0 24501565266032
1236824 512 0 24501565544673
1237336 512 0 24501565823314
1237848 512 0 24501566101954
1238360 512 0 24501566380595
1238872 512 0 24501566659235
1239384 512 0 24501566937876
1239896 512 0 24501567216517
1240408 512 0 24501567495157
1240920 512 0 24501567773798
1241432 512 0 24501568052438
1241944 512 0 24501568331079
1242456 512 0 24501568609720
1242968 512 0 24501568888360
1243480 512 0 24501569167001
1243992 512 0 24501569445641
1244504 512 0 24501569724282
1245016 512 0 24501570002924
1245528 512 0 24501570281565
1246040 512 0 24501570560206
1246552 512 0 24501570838846
1247064 512 0 24501571117487
1247576 512 0 24501571396127
1248088 512 0 24501571674768
1248600 512 0 24501571953409
1249112 512 0 24501572232049
1249624 512 0 24501572510690
1250136 512 0 24501572789331
1250648 512 0 24501573067971
1251160 512 0 24501573346612
1251672 512 0 24501573625252
1252184 512 0 24501573903893
1252696 512 0 24501574182534
1253208 512 0 24501574461174
1253720 512 0 24501574739815
1254232 512 0 24501575018455
1254744 512 0 24501575297096
1255256 512 0 24501575575737
1255768 512 0 24501575854377
1256280 512 0 24501576133018
1256792 512 0 24501576411658
1257304 512 0 24501576690299
1257816 512 0 24501576968940
1258328 512 0 24501577247580
1258840 512 0 24501577526221
1259352 512 0 24501577804861
1259864 512 0 24501578083502
1260376 512 0 24501578362143
1260888 512 0 24501578640783
1261400 512 0 24501578919426
1261912 512 0 24501579198066
1262424 512 0 24501579476707
1262936 512 0 24501579755347
1263448 512 0 24501580033988
1263960 512 0 24501580312629
1264472 512 0 24501580591269
1264984 512 0 24501580869910
1265496 512 0 24501581148551
1266008 512 0 24501581427191
1266520 512 0 24501581705832
1267032 512 0 24501581984472
1267544 512 0 24501582263113
1268056 512 0 24501582541754
1268568 512 0 24501582820394
1269080 512 0 24501583099035
1269592 512 0 24501583377675
1270104 512 0 24501583656316
1270616 512 0 24501583934957
1271128 512 0 24501584213597
1271640 512 0 24501584492238
1272152 512 0 24501584770878
1272664 512 0 24501585049519
1273176 512 0 24501585328160
1273688 512 0 24501585606800
1274200 512 0 24501585885441
1274712 512 0 24501586164082
1275224 512 0 24501586442722
1275736 512 0 24501586721363
1276248 512 0 24501587000003
1276760 512 0 24501587278644
1277272 512 0 24501587557285
1277784 512 0 24501587835928
1278296 512 0 24501588114568
1278808 512 0 24501588393209
1279320 512 0 24501588671850
1279832 512 0 24501588950490
1280344 512 0 24501589229131
1280856 512 0 24501589507772
1281368 512 0 24501589786412
1281880 512 0 24501590065053
1282392 512 0 24501590343693
1282904 512 0 24501590622334
1283416 512 0 24501590900975
1283928 512 0 24501591179615
1284440 512 0 24501591458256
1284952 512 0 24501591736897
1285464 512 0 24501592015537
1285976 512 0 24501592294178
1286488 512 0 24501592572818
1287000 512 0 24501592851459
1287512 512 0 24501593130100
1288024 512 0 24501593408740
1288536 512 0 24501593687381
1289048 512 0 24501593966021
1289560 512 0 24501594244662
1290072 512 0 24501594523303
1290584 512 0 24501594801943
1291096 512 0 24501595080584
1291608 512 0 24501595359225
1292120 512 0 24501595637865
1292632 512 0 24501595916506
1293144 512 0 24501596195146
1293656 512 0 24501596473787
1294168 512 0 24501596752431
1294680 512 0 24501597031072
1295192 512 0 24501597309712
1295704 512 0 24501597588353
1296216 512 0 24501597866994
1296728 512 0 24501598145634
1297240 512 0 24501598424275
1297752 512 0 24501598702916
1298264 512 0 24501598981556
1298776 512 0 24501599260197
1299288 512 0 24501599538837
1299800 512 0 24501599817478
1300312 512 0 24501600096119
1300824 512 0 24501600374759
1301336 512 0 24501600653400
1301848 512 0 24501600932041
1302360 512 0 24501601210681
1302872 512 0 24501601489322
1303384 512 0 24501601767963
1303896 512 0 24501602046603
1304408 512 0 24501602325244
1304920 512 0 24501602603884
1305432 512 0 24501602882525
1305944 512 0 24501603161166
1306456 512 0 24501603439806
1306968 512 0 24501603718447
1307480 512 0 24501603997088
1307992 512 0 24501604275728
1308504 512 0 24501604554369
1309016 512 0 24501604833009
1309528 512 0 24501605111650
1310040 512 0 24501605390291
1310552 512 0 24501605668934
1311064 512 0 24501605947575
1311576 512 0 24501606226216
1312088 512 0 24501606504856
1312600 512 0 24501606783497
1313112 512 0 24501607062138
1313624 512 0 24501607340778
1314136 512 0 24501607619419
1314648 512 0 24501607898060
1315160 512 0 24501608176700
1315672 512 0 24501608455341
1316184 512 0 24501608733981
1316696 512 0 24501609012622
1317208 512 0 24501609291263
1317720 512 0 24501609569903
1318232 512 0 24501609848544
1318744 512 0 24501610127185
1319256 512 0 24501610405825
1319768 512 0 24501610684466
1320280 512 0 24501610963107
1320792 512 0 24501611241747
1321304 512 0 24501611520388
1321816 512 0 24501611799028
1322328 512 0 24501612077669
1322840 512 0 24501612356310
1323352 512 0 24501612634950
1323864 512 0 24501612913591
1324376 512 0 24501613192232
1324888 512 0 24501613470872
1325400 512 0 24501613749513
1325912 512 0 24501614028154
1326424 512 0 24501614306794
1326936 512 0 24501614585438
1327448 512 0 24501614864078
1327960 512 0 24501615142719
1328472 512 0 24501615421360
1328984 512 0 24501615700000
1329496 512 0 24501615978641
1330008 512 0 24501616257282
1330520 512 0 24501616535922
1331032 512 0 24501616814563
1331544 512 0 24501617093204
1332056 512 0 24501617371844
1332568 512 0 24501617650485
1333080 512 0 24501617929125
1333592 512 0 24501618207766
1334104 512 0 24501618486407
1334616 512 0 24501618765047
1335128 512 0 24501619043688
1335640 512 0 24501619322329
1336152 512 0 24501619600969
1336664 512 0 24501619879610
1337176 512 0 24501620158251
1337688 512 0 24501620436891
1338200 512 0 24501620715532
1338712 512 0 24501620994173
1339224 512 0 24501621272813
1339736 512 0 24501621551454
1340248 512 0 24501621830095
1340760 512 0 24501622108735
1341272 512 0 24501622387376
1341784 512 0 24501622666016
1342296 512 0 24501622944657
1342808 512 0 24501623223298
1343320 512 0 24501623501942
1343832 512 0 24501623780583
1344344 512 0 24501624059223
1344856 512 0 24501624337864
1345368 512 0 24501624616505
1345880 512 0 24501624895145
1346392 512 0 24501625173786
1346904 512 0 24501625452427
1347416 512 0 24501625731067
1347928 512 0 24501626009708
1348440 512 0 24501626288349
1348952 512 0 24501626566989
1349464 512 0 24501626845630
1349976 512 0 24501627124271
1350488 512 0 24501627402911
1351000 512 0 24501627681552
1351512 512 0 24501627960193
1352024 512 0 24501628238833
1352536 512 0 24501628517474
1353048 512 0 24501628796115
1353560 512 0 24501629074755
1354072 512 0 24501629353396
1354584 512 0 24501629632036
1355096 512 0 24501629910677
1355608 512 0 24501630189318
1356120 512 0 24501630467958
1356632 512 0 24501630746599
1357144 512 0 24501631025240
1357656 512 0 24501631303880
1358168 512 0 24501631582521
1358680 512 0 24501631861162
1359192 512 0 24501632139802
1359704 512 0 24501632418445
1360216 512 0 24501632697086
1360728 512 0 24501632975727
1361240 512 0 24501633254367
1361752 512 0 24501633533008
1362264 512 0 24501633811649
1362776 512 0 24501634090289
1363288 512 0 24501634368930
1363800 512 0 24501634647571
1364312 512 0 24501634926211
1364824 512 0 24501635204852
1365336 512 0 24501635483493
1365848 512 0 24501635762133
1366360 512 0 24501636040774
1366872 512 0 24501636319415
1367384 512 0 24501636598055
1367896 512 0 24501636876696
1368408 512 0 24501637155337
1368920 512 0 24501637433977
1369432 512 0 24501637712618
1369944 512 0 24501637991258
1370456 512 0 24501638269899
1370968 512 0 24501638548540
1371480 512 0 24501638827180
1371992 512 0 24501639105821
1372504 512 0 24501639384462
1373016 512 0 24501639663102
1373528 512 0 24501639941743
1374040 512 0 24501640220384
1374552 512 0 24501640499024
1375064 512 0 24501640777665
1375576 512 0 24501641056306
1376088 512 0 24501641334950
1376600 512 0 24501641613590
1377112 512 0 24501641892231
1377624 512 0 24501642170872
1378136 512 0 24501642449512
1378648 512 0 24501642728153
1379160 512 0 24501643006794
1379672 512 0 24501643285434
1380184 512 0 24501643564075
1380696 512 0 24501643842716
1381208 512 0 24501644121356
1381720 512 0 24501644399997
1382232 512 0 24501644678638
1382744 512 0 24501644957278
1383256 512 0 24501645235919
1383768 512 0 24501645514560
1384280 512 0 24501645793200
1384792 512 0 24501646071841
1385304 512 0 24501646350482
1385816 512 0 24501646629122
1386328 512 0 24501646907763
1386840 512 0 24501647186404
1387352 512 0 24501647465044
1387864 512 0 24501647743685
1388376 512 0 24501648022326
1388888 512 0 24501648300966
1389400 512 0 24501648579607
1389912 512 0 24501648858248
1390424 512 0 24501649136888
1390936 512 0 24501649415529
1391448 512 0 24501649694170
1391960 512 0 24501649972810
1392472 512 0 24501650251454
1392984 512 0 24501650530094
1393496 512 0 24501650808735
1394008 512 0 24501651087376
1394520 512 0 24501651366016
1395032 512 0 24501651644657
1395544 512 0 24501651923298
1396056 512 0 24501652201939
1396568 512 0 24501652480579
1397080 512 0 24501652759220
1397592 512 0 24501653037861
1398104 512 0 24501653316501
1398616 512 0 24501653595142
1399128 512 0 24501653873783
1399640 512 0 24501654152423
1400152 512 0 24501654431064
1400664 512 0 24501654709705
1401176 512 0 24501654988345
1401688 512 0 24501655266986
1402200 512 0 24501655545627
1402712 512 0 24501655824267
1403224 512 0 24501656102908
1403736 512 0 24501656381549
1404248 512 0 24501656660189
1404760 512 0 24501656938830
1405272 512 0 24501657217471
1405784 512 0 24501657496111
1406296 512 0 24501657774752
1406808 512 0 24501658053393
1407320 512 0 24501658332033
1407832 512 0 24501658610674
1408344 512 0 24501658889315
1408856 512 0 24501659167958
1409368 512 0 24501659446599
1409880 512 0 24501659725239
1410392 512 0 24501660003880
1410904 512 0 24501660282521
1411416 512 0 24501660561161
1411928 512 0 24501660839802
1412440 512 0 24501661118443
1412952 512 0 24501661397083
1413464 512 0 24501661675724
1413976 512 0 24501661954365
1414488 512 0 24501662233006
1415000 512 0 24501662511646
1415512 512 0 24501662790287
1416024 512 0 24501663068928
1416536 512 0 24501663347568
1417048 512 0 24501663626209
1417560 512 0 24501663904850
1418072 512 0 24501664183490
1418584 512 0 24501664462131
1419096 512 0 24501664740772
1419608 512 0 24501665019412
1420120 512 0 24501665298053
1420632 512 0 24501665576694
1421144 512 0 24501665855334
1421656 512 0 24501666133975
1422168 512 0 24501666412616
1422680 512 0 24501666691257
1423192 512 0 24501666969897
1423704 512 0 24501667248538
1424216 512 0 24501667527179
1424728 512 0 24501667805819
1425240 512 0 24501668084462
1425752 512 0 24501668363103
1426264 512 0 24501668641744
1426776 512 0 24501668920384
1427288 512 0 24501669199025
1427800 512 0 24501669477666
1428312 512 0 24501669756306
1428824 512 0 24501670034947
1429336 512 0 24501670313588
1429848 512 0 24501670592228
1430360 512 0 24501670870869
1430872 512 0 24501671149510
1431384 512 0 24501671428151
1431896 512 0 24501671706791
1432408 512 0 24501671985432
1432920 512 0 24501672264073
1433432 512 0 24501672542713
1433944 512 0 24501672821354
1434456 512 0 24501673099995
1434968 512 0 24501673378635
1435480 512 0 24501673657276
1435992 512 0 24501673935917
1436504 512 0 24501674214557
1437016 512 0 24501674493198
1437528 512 0 24501674771839
1438040 512 0 24501675050480
1438552 512 0 24501675329120
1439064 512 0 24501675607761
1439576 512 0 24501675886402
1440088 512 0 24501676165042
1440600 512 0 24501676443683
1441112 512 0 24501676722324
1441624 512 0 24501677000967
1442136 512 0 24501677279608
