192 512 0 24503098773782
704 512 0 24503099052421
1216 512 0 24503099331061
1728 512 0 24503099609700
2240 512 0 24503099888340
2752 512 0 24503100166979
3264 512 0 24503100445619
3776 512 0 24503100724258
4288 512 0 24503101002898
4800 512 0 24503101281537
5312 512 0 24503101560176
5824 512 0 24503101838816
6336 512 0 24503102117455
6848 512 0 24503102396095
7360 512 0 24503102674734
7872 512 0 24503102953374
8384 512 0 24503103232013
8896 512 0 24503103510653
9408 512 0 24503103789292
9920 512 0 24503104067932
10432 512 0 24503104346571
10944 512 0 24503104625211
11456 512 0 24503104903850
11968 512 0 24503105182490
12480 512 0 24503105461129
12992 512 0 24503105739769
13504 512 0 24503106018408
14016 512 0 24503106297047
14528 512 0 24503106575687
15040 512 0 24503106854326
15552 512 0 24503107132966
16064 512 0 24503107411605
16576 512 0 24503107690245
17088 512 0 24503107968884
17600 512 0 24503108247524
18112 512 0 24503108526163
18624 512 0 24503108804803
19136 512 0 24503109083442
19648 512 0 24503109362082
20160 512 0 24503109640721
20672 512 0 24503109919361
21184 512 0 24503110198000
21696 512 0 24503110476639
22208 512 0 24503110755279
22720 512 0 24503111033918
23232 512 0 24503111312558
23744 512 0 24503111591197
24256 512 0 24503111869837
24768 512 0 24503112148476
25280 512 0 24503112427116
25792 512 0 24503112705755
26304 512 0 24503112984395
26816 512 0 24503113263034
27328 512 0 24503113541674
27840 512 0 24503113820313
28352 512 0 24503114098953
28864 512 0 24503114377592
29376 512 0 24503114656232
29888 512 0 24503114934871
30400 512 0 24503115213510
30912 512 0 24503115492150
31424 512 0 24503115770789
31936 512 0 24503116049429
32448 512 0 24503116328067
32960 512 0 24503116606706
33472 512 0 24503116885345
33984 512 0 24503117163985
34496 512 0 24503117442624
35008 512 0 24503117721264
35520 512 0 24503117999903
36032 512 0 24503118278543
36544 512 0 24503118557182
37056 512 0 24503118835822
37568 512 0 24503119114461
38080 512 0 24503119393100
38592 512 0 24503119671740
39104 512 0 24503119950379
39616 512 0 24503120229019
40128 512 0 24503120507658
40640 512 0 24503120786298
41152 512 0 24503121064937
41664 512 0 24503121343577
42176 512 0 24503121622216
42688 512 0 24503121900856
43200 512 0 24503122179495
43712 512 0 24503122458134
44224 512 0 24503122736774
44736 512 0 24503123015413
45248 512 0 24503123294053
45760 512 0 24503123572692
46272 512 0 24503123851332
46784 512 0 24503124129971
47296 512 0 24503124408611
47808 512 0 24503124687250
48320 512 0 24503124965889
48832 512 0 24503125244530
49344 512 0 24503125523170
49856 512 0 24503125801809
50368 512 0 24503126080449
50880 512 0 24503126359088
51392 512 0 24503126637727
51904 512 0 24503126916367
52416 512 0 24503127195006
52928 512 0 24503127473646
53440 512 0 24503127752285
53952 512 0 24503128030925
54464 512 0 24503128309564
54976 512 0 24503128588204
55488 512 0 24503128866843
56000 512 0 24503129145483
56512 512 0 24503129424122
57024 512 0 24503129702762
57536 512 0 24503129981401
58048 512 0 24503130260040
58560 512 0 24503130538680
59072 512 0 24503130817319
59584 512 0 24503131095959
60096 512 0 24503131374598
60608 512 0 24503131653238
61120 512 0 24503131931877
61632 512 0 24503132210517
62144 512 0 24503132489156
62656 512 0 24503132767796
63168 512 0 24503133046435
63680 512 0 24503133325075
64192 512 0 24503133603714
64704 512 0 24503133882353
65216 512 0 24503134160992
65728 512 0 24503134439631
66240 512 0 24503134718271
66752 512 0 24503134996910
67264 512 0 24503135275550
67776 512 0 24503135554189
68288 512 0 24503135832828
68800 512 0 24503136111468
69312 512 0 24503136390107
69824 512 0 24503136668747
70336 512 0 24503136947386
70848 512 0 24503137226026
71360 512 0 24503137504665
71872 512 0 24503137783305
72384 512 0 24503138061944
72896 512 0 24503138340584
73408 512 0 24503138619223
73920 512 0 24503138897862
74432 512 0 24503139176502
74944 512 0 24503139455141
75456 512 0 24503139733781
75968 512 0 24503140012420
76480 512 0 24503140291060
76992 512 0 24503140569699
77504 512 0 24503140848339
78016 512 0 24503141126978
78528 512 0 24503141405617
79040 512 0 24503141684257
79552 512 0 24503141962896
80064 512 0 24503142241536
80576 512 0 24503142520175
81088 512 0 24503142798815
81600 512 0 24503143077455
82112 512 0 24503143356095
82624 512 0 24503143634734
83136 512 0 24503143913373
83648 512 0 24503144192013
84160 512 0 24503144470652
84672 512 0 24503144749292
85184 512 0 24503145027931
85696 512 0 24503145306571
86208 512 0 24503145585210
86720 512 0 24503145863850
87232 512 0 24503146142489
87744 512 0 24503146421129
88256 512 0 24503146699768
88768 512 0 24503146978407
89280 512 0 24503147257047
89792 512 0 24503147535686
90304 512 0 24503147814326
90816 512 0 24503148092965
91328 512 0 24503148371605
91840 512 0 24503148650244
92352 512 0 24503148928884
92864 512 0 24503149207523
93376 512 0 24503149486163
93888 512 0 24503149764802
94400 512 0 24503150043442
94912 512 0 24503150322081
95424 512 0 24503150600720
95936 512 0 24503150879360
96448 512 0 24503151157999
96960 512 0 24503151436639
97472 512 0 24503151715278
97984 512 0 24503151993942
98496 512 0 24503152272582
99008 512 0 24503152551221
99520 512 0 24503152829861
100032 512 0 24503153108501
100544 512 0 24503153387141
101056 512 0 24503153665780
101568 512 0 24503153944420
102080 512 0 24503154223060
102592 512 0 24503154501699
103104 512 0 24503154780339
103616 512 0 24503155058979
104128 512 0 24503155337619
104640 512 0 24503155616258
105152 512 0 24503155894898
105664 512 0 24503156173538
106176 512 0 24503156452177
106688 512 0 24503156730817
107200 512 0 24503157009457
107712 512 0 24503157288097
108224 512 0 24503157566736
108736 512 0 24503157845376
109248 512 0 24503158124016
109760 512 0 24503158402655
110272 512 0 24503158681295
110784 512 0 24503158959935
111296 512 0 24503159238575
111808 512 0 24503159517214
112320 512 0 24503159795854
112832 512 0 24503160074494
113344 512 0 24503160353133
113856 512 0 24503160631773
114368 512 0 24503160910446
114880 512 0 24503161189086
115392 512 0 24503161467726
115904 512 0 24503161746366
116416 512 0 24503162025006
116928 512 0 24503162303646
117440 512 0 24503162582286
117952 512 0 24503162860926
118464 512 0 24503163139566
118976 512 0 24503163418206
119488 512 0 24503163696846
120000 512 0 24503163975487
120512 512 0 24503164254127
121024 512 0 24503164532767
121536 512 0 24503164811407
122048 512 0 24503165090047
122560 512 0 24503165368687
123072 512 0 24503165647327
123584 512 0 24503165925967
124096 512 0 24503166204607
124608 512 0 24503166483247
125120 512 0 24503166761887
125632 512 0 24503167040527
126144 512 0 24503167319167
126656 512 0 24503167597807
127168 512 0 24503167876447
127680 512 0 24503168155087
128192 512 0 24503168433728
128704 512 0 24503168712368
129216 512 0 24503168991008
129728 512 0 24503169269648
130240 512 0 24503169548288
130752 512 0 24503169826944
131264 512 0 24503170105584
131776 512 0 24503170384224
132288 512 0 24503170662865
132800 512 0 24503170941505
133312 512 0 24503171220145
133824 512 0 24503171498785
134336 512 0 24503171777425
134848 512 0 24503172056065
135360 512 0 24503172334706
135872 512 0 24503172613346
136384 512 0 24503172891986
136896 512 0 24503173170626
137408 512 0 24503173449266
137920 512 0 24503173727906
138432 512 0 24503174006547
138944 512 0 24503174285187
139456 512 0 24503174563827
139968 512 0 24503174842467
140480 512 0 24503175121107
140992 512 0 24503175399747
141504 512 0 24503175678388
142016 512 0 24503175957028
142528 512 0 24503176235668
143040 512 0 24503176514308
143552 512 0 24503176792948
144064 512 0 24503177071588
144576 512 0 24503177350228
145088 512 0 24503177628869
145600 512 0 24503177907509
146112 512 0 24503178186149
146624 512 0 24503178464789
147136 512 0 24503178743441
147648 512 0 24503179022082
148160 512 0 24503179300722
148672 512 0 24503179579362
149184 512 0 24503179858002
149696 512 0 24503180136643
150208 512 0 24503180415283
150720 512 0 24503180693923
151232 512 0 24503180972563
151744 512 0 24503181251204
152256 512 0 24503181529844
152768 512 0 24503181808484
153280 512 0 24503182087124
153792 512 0 24503182365765
154304 512 0 24503182644405
154816 512 0 24503182923045
155328 512 0 24503183201685
155840 512 0 24503183480326
156352 512 0 24503183758966
156864 512 0 24503184037606
157376 512 0 24503184316246
157888 512 0 24503184594887
158400 512 0 24503184873527
158912 512 0 24503185152167
159424 512 0 24503185430807
159936 512 0 24503185709447
160448 512 0 24503185988088
160960 512 0 24503186266728
161472 512 0 24503186545368
161984 512 0 24503186824008
162496 512 0 24503187102649
163008 512 0 24503187381289
163520 512 0 24503187659941
164032 512 0 24503187938581
164544 512 0 24503188217221
165056 512 0 24503188495862
165568 512 0 24503188774502
166080 512 0 24503189053142
166592 512 0 24503189331783
167104 512 0 24503189610423
167616 512 0 24503189889063
168128 512 0 24503190167704
168640 512 0 24503190446344
169152 512 0 24503190724984
169664 512 0 24503191003625
170176 512 0 24503191282265
170688 512 0 24503191560905
171200 512 0 24503191839545
171712 512 0 24503192118186
172224 512 0 24503192396826
172736 512 0 24503192675466
173248 512 0 24503192954107
173760 512 0 24503193232747
174272 512 0 24503193511387
174784 512 0 24503193790028
175296 512 0 24503194068668
175808 512 0 24503194347308
176320 512 0 24503194625949
176832 512 0 24503194904589
177344 512 0 24503195183229
177856 512 0 24503195461870
178368 512 0 24503195740510
178880 512 0 24503196019150
179392 512 0 24503196297790
179904 512 0 24503196576438
180416 512 0 24503196855079
180928 512 0 24503197133719
181440 512 0 24503197412359
181952 512 0 24503197691000
182464 512 0 24503197969640
182976 512 0 24503198248280
183488 512 0 24503198526921
184000 512 0 24503198805561
184512 512 0 24503199084201
185024 512 0 24503199362842
185536 512 0 24503199641482
186048 512 0 24503199920123
186560 512 0 24503200198763
187072 512 0 24503200477403
187584 512 0 24503200756044
188096 512 0 24503201034684
188608 512 0 24503201313324
189120 512 0 24503201591965
189632 512 0 24503201870605
190144 512 0 24503202149245
190656 512 0 24503202427886
191168 512 0 24503202706526
191680 512 0 24503202985167
192192 512 0 24503203263807
192704 512 0 24503203542447
193216 512 0 24503203821088
193728 512 0 24503204099728
194240 512 0 24503204378368
194752 512 0 24503204657009
195264 512 0 24503204935649
195776 512 0 24503205214289
196288 512 0 24503205492935
196800 512 0 24503205771576
197312 512 0 24503206050216
197824 512 0 24503206328857
198336 512 0 24503206607497
198848 512 0 24503206886137
199360 512 0 24503207164778
199872 512 0 24503207443418
200384 512 0 24503207722059
200896 512 0 24503208000699
201408 512 0 24503208279339
201920 512 0 24503208557980
202432 512 0 24503208836620
202944 512 0 24503209115260
203456 512 0 24503209393901
203968 512 0 24503209672541
204480 512 0 24503209951182
204992 512 0 24503210229822
205504 512 0 24503210508462
206016 512 0 24503210787103
206528 512 0 24503211065743
207040 512 0 24503211344384
207552 512 0 24503211623024
208064 512 0 24503211901664
208576 512 0 24503212180305
209088 512 0 24503212458945
209600 512 0 24503212737586
210112 512 0 24503213016226
210624 512 0 24503213294866
211136 512 0 24503213573507
211648 512 0 24503213852147
212160 512 0 24503214130788
212672 512 0 24503214409433
213184 512 0 24503214688074
213696 512 0 24503214966714
214208 512 0 24503215245355
214720 512 0 24503215523995
215232 512 0 24503215802636
215744 512 0 24503216081276
216256 512 0 24503216359916
216768 512 0 24503216638557
217280 512 0 24503216917197
217792 512 0 24503217195838
218304 512 0 24503217474478
218816 512 0 24503217753119
219328 512 0 24503218031759
219840 512 0 24503218310399
220352 512 0 24503218589040
220864 512 0 24503218867680
221376 512 0 24503219146321
221888 512 0 24503219424961
222400 512 0 24503219703602
222912 512 0 24503219982242
223424 512 0 24503220260882
223936 512 0 24503220539523
224448 512 0 24503220818163
224960 512 0 24503221096804
225472 512 0 24503221375444
225984 512 0 24503221654085
226496 512 0 24503221932725
227008 512 0 24503222211365
227520 512 0 24503222490006
228032 512 0 24503222768646
228544 512 0 24503223047287
229056 512 0 24503223325931
229568 512 0 24503223604572
230080 512 0 24503223883212
230592 512 0 24503224161853
231104 512 0 24503224440493
231616 512 0 24503224719134
232128 512 0 24503224997774
232640 512 0 24503225276414
233152 512 0 24503225555055
233664 512 0 24503225833695
234176 512 0 24503226112336
234688 512 0 24503226390976
235200 512 0 24503226669617
235712 512 0 24503226948257
236224 512 0 24503227226898
236736 512 0 24503227505538
237248 512 0 24503227784179
237760 512 0 24503228062819
238272 512 0 24503228341459
238784 512 0 24503228620100
239296 512 0 24503228898740
239808 512 0 24503229177381
240320 512 0 24503229456021
240832 512 0 24503229734662
241344 512 0 24503230013302
241856 512 0 24503230291943
242368 512 0 24503230570583
242880 512 0 24503230849224
243392 512 0 24503231127864
243904 512 0 24503231406504
244416 512 0 24503231685145
244928 512 0 24503231963785
245440 512 0 24503232242428
245952 512 0 24503232521068
246464 512 0 24503232799709
246976 512 0 24503233078349
247488 512 0 24503233356989
248000 512 0 24503233635630
248512 512 0 24503233914270
249024 512 0 24503234192911
249536 512 0 24503234471551
250048 512 0 24503234750192
250560 512 0 24503235028832
251072 512 0 24503235307473
251584 512 0 24503235586113
252096 512 0 24503235864754
252608 512 0 24503236143394
253120 512 0 24503236422035
253632 512 0 24503236700675
254144 512 0 24503236979316
254656 512 0 24503237257956
255168 512 0 24503237536596
255680 512 0 24503237815237
256192 512 0 24503238093877
256704 512 0 24503238372518
257216 512 0 24503238651158
257728 512 0 24503238929799
258240 512 0 24503239208439
258752 512 0 24503239487080
259264 512 0 24503239765720
259776 512 0 24503240044361
260288 512 0 24503240323001
260800 512 0 24503240601642
261312 512 0 24503240880282
261824 512 0 24503241158925
262336 512 0 24503241437565
262848 512 0 24503241716206
263360 512 0 24503241994846
263872 512 0 24503242273487
264384 512 0 24503242552127
264896 512 0 24503242830768
265408 512 0 24503243109408
265920 512 0 24503243388049
266432 512 0 24503243666689
266944 512 0 24503243945330
267456 512 0 24503244223970
267968 512 0 24503244502610
268480 512 0 24503244781251
268992 512 0 24503245059891
269504 512 0 24503245338532
270016 512 0 24503245617172
270528 512 0 24503245895813
271040 512 0 24503246174453
271552 512 0 24503246453094
272064 512 0 24503246731734
272576 512 0 24503247010375
273088 512 0 24503247289015
273600 512 0 24503247567656
274112 512 0 24503247846296
274624 512 0 24503248124937
275136 512 0 24503248403577
275648 512 0 24503248682218
276160 512 0 24503248960858
276672 512 0 24503249239499
277184 512 0 24503249518139
277696 512 0 24503249796779
278208 512 0 24503250075421
278720 512 0 24503250354061
279232 512 0 24503250632702
279744 512 0 24503250911342
280256 512 0 24503251189983
280768 512 0 24503251468623
281280 512 0 24503251747264
281792 512 0 24503252025904
282304 512 0 24503252304545
282816 512 0 24503252583185
283328 512 0 24503252861826
283840 512 0 24503253140466
284352 512 0 24503253419107
284864 512 0 24503253697747
285376 512 0 24503253976388
285888 512 0 24503254255028
286400 512 0 24503254533669
286912 512 0 24503254812309
287424 512 0 24503255090949
287936 512 0 24503255369590
288448 512 0 24503255648230
288960 512 0 24503255926871
289472 512 0 24503256205511
289984 512 0 24503256484152
290496 512 0 24503256762792
291008 512 0 24503257041433
291520 512 0 24503257320073
292032 512 0 24503257598714
292544 512 0 24503257877354
293056 512 0 24503258155995
293568 512 0 24503258434635
294080 512 0 24503258713276
294592 512 0 24503258991918
295104 512 0 24503259270559
295616 512 0 24503259549199
296128 512 0 24503259827840
296640 512 0 24503260106480
297152 512 0 24503260385120
297664 512 0 24503260663761
298176 512 0 24503260942401
298688 512 0 24503261221042
299200 512 0 24503261499682
299712 512 0 24503261778323
300224 512 0 24503262056963
300736 512 0 24503262335604
301248 512 0 24503262614244
301760 512 0 24503262892885
302272 512 0 24503263171525
302784 512 0 24503263450166
303296 512 0 24503263728806
303808 512 0 24503264007447
304320 512 0 24503264286087
304832 512 0 24503264564728
305344 512 0 24503264843368
305856 512 0 24503265122009
306368 512 0 24503265400649
306880 512 0 24503265679290
307392 512 0 24503265957930
307904 512 0 24503266236571
308416 512 0 24503266515211
308928 512 0 24503266793852
309440 512 0 24503267072492
309952 512 0 24503267351132
310464 512 0 24503267629773
310976 512 0 24503267908415
311488 512 0 24503268187056
312000 512 0 24503268465696
312512 512 0 24503268744337
313024 512 0 24503269022977
313536 512 0 24503269301618
314048 512 0 24503269580258
314560 512 0 24503269858899
315072 512 0 24503270137539
315584 512 0 24503270416180
316096 512 0 24503270694820
316608 512 0 24503270973461
317120 512 0 24503271252101
317632 512 0 24503271530742
318144 512 0 24503271809382
318656 512 0 24503272088023
319168 512 0 24503272366663
319680 512 0 24503272645303
320192 512 0 24503272923944
320704 512 0 24503273202584
321216 512 0 24503273481225
321728 512 0 24503273759865
322240 512 0 24503274038506
322752 512 0 24503274317146
323264 512 0 24503274595787
323776 512 0 24503274874427
324288 512 0 24503275153068
324800 512 0 24503275431708
325312 512 0 24503275710349
325824 512 0 24503275988989
326336 512 0 24503276267630
326848 512 0 24503276546270
327360 512 0 24503276824911
327872 512 0 24503277103552
328384 512 0 24503277382192
328896 512 0 24503277660833
329408 512 0 24503277939473
329920 512 0 24503278218114
330432 512 0 24503278496754
330944 512 0 24503278775395
331456 512 0 24503279054035
331968 512 0 24503279332676
332480 512 0 24503279611316
332992 512 0 24503279889957
333504 512 0 24503280168597
334016 512 0 24503280447238
334528 512 0 24503280725878
335040 512 0 24503281004519
335552 512 0 24503281283159
336064 512 0 24503281561800
336576 512 0 24503281840440
337088 512 0 24503282119081
337600 512 0 24503282397721
338112 512 0 24503282676362
338624 512 0 24503282955002
339136 512 0 24503283233642
339648 512 0 24503283512283
340160 512 0 24503283790923
340672 512 0 24503284069564
341184 512 0 24503284348204
341696 512 0 24503284626845
342208 512 0 24503284905485
342720 512 0 24503285184126
343232 512 0 24503285462766
343744 512 0 24503285741408
344256 512 0 24503286020049
344768 512 0 24503286298689
345280 512 0 24503286577330
345792 512 0 24503286855970
346304 512 0 24503287134611
346816 512 0 24503287413251
347328 512 0 24503287691892
347840 512 0 24503287970532
348352 512 0 24503288249173
348864 512 0 24503288527813
349376 512 0 24503288806454
349888 512 0 24503289085094
350400 512 0 24503289363735
350912 512 0 24503289642375
351424 512 0 24503289921016
351936 512 0 24503290199656
352448 512 0 24503290478297
352960 512 0 24503290756937
353472 512 0 24503291035578
353984 512 0 24503291314218
354496 512 0 24503291592859
355008 512 0 24503291871499
355520 512 0 24503292150140
356032 512 0 24503292428780
356544 512 0 24503292707421
357056 512 0 24503292986061
357568 512 0 24503293264702
358080 512 0 24503293543342
358592 512 0 24503293821983
359104 512 0 24503294100623
359616 512 0 24503294379264
360128 512 0 24503294657906
360640 512 0 24503294936546
361152 512 0 24503295215187
361664 512 0 24503295493827
362176 512 0 24503295772468
362688 512 0 24503296051108
363200 512 0 24503296329749
363712 512 0 24503296608389
364224 512 0 24503296887030
364736 512 0 24503297165670
365248 512 0 24503297444311
365760 512 0 24503297722951
366272 512 0 24503298001591
366784 512 0 24503298280232
367296 512 0 24503298558872
367808 512 0 24503298837513
368320 512 0 24503299116153
368832 512 0 24503299394794
369344 512 0 24503299673434
369856 512 0 24503299952075
370368 512 0 24503300230715
370880 512 0 24503300509356
371392 512 0 24503300787996
371904 512 0 24503301066637
372416 512 0 24503301345277
372928 512 0 24503301623918
373440 512 0 24503301902558
373952 512 0 24503302181199
374464 512 0 24503302459839
374976 512 0 24503302738480
375488 512 0 24503303017120
376000 512 0 24503303295761
376512 512 0 24503303574402
377024 512 0 24503303853042
377536 512 0 24503304131683
378048 512 0 24503304410323
378560 512 0 24503304688964
379072 512 0 24503304967604
379584 512 0 24503305246245
380096 512 0 24503305524885
380608 512 0 24503305803526
381120 512 0 24503306082166
381632 512 0 24503306360807
382144 512 0 24503306639447
382656 512 0 24503306918088
383168 512 0 24503307196728
383680 512 0 24503307475369
384192 512 0 24503307754009
384704 512 0 24503308032649
385216 512 0 24503308311290
385728 512 0 24503308589930
386240 512 0 24503308868571
386752 512 0 24503309147211
387264 512 0 24503309425852
387776 512 0 24503309704492
388288 512 0 24503309983133
388800 512 0 24503310261773
389312 512 0 24503310540414
389824 512 0 24503310819054
390336 512 0 24503311097695
390848 512 0 24503311376335
391360 512 0 24503311654976
391872 512 0 24503311933616
392384 512 0 24503312212257
392896 512 0 24503312490899
393408 512 0 24503312769539
393920 512 0 24503313048180
394432 512 0 24503313326820
394944 512 0 24503313605461
395456 512 0 24503313884101
395968 512 0 24503314162742
396480 512 0 24503314441382
396992 512 0 24503314720023
397504 512 0 24503314998663
398016 512 0 24503315277304
398528 512 0 24503315555944
399040 512 0 24503315834585
399552 512 0 24503316113225
400064 512 0 24503316391866
400576 512 0 24503316670506
401088 512 0 24503316949147
401600 512 0 24503317227787
402112 512 0 24503317506428
402624 512 0 24503317785068
403136 512 0 24503318063709
403648 512 0 24503318342349
404160 512 0 24503318620990
404672 512 0 24503318899630
405184 512 0 24503319178271
405696 512 0 24503319456911
406208 512 0 24503319735552
406720 512 0 24503320014192
407232 512 0 24503320292833
407744 512 0 24503320571473
408256 512 0 24503320850114
408768 512 0 24503321128754
409280 512 0 24503321407396
409792 512 0 24503321686036
410304 512 0 24503321964677
410816 512 0 24503322243317
411328 512 0 24503322521958
411840 512 0 24503322800598
412352 512 0 24503323079239
412864 512 0 24503323357879
413376 512 0 24503323636520
413888 512 0 24503323915160
414400 512 0 24503324193801
414912 512 0 24503324472441
415424 512 0 24503324751082
415936 512 0 24503325029722
416448 512 0 24503325308363
416960 512 0 24503325587003
417472 512 0 24503325865644
417984 512 0 24503326144284
418496 512 0 24503326422925
419008 512 0 24503326701565
419520 512 0 24503326980206
420032 512 0 24503327258846
420544 512 0 24503327537487
421056 512 0 24503327816127
421568 512 0 24503328094768
422080 512 0 24503328373408
422592 512 0 24503328652049
423104 512 0 24503328930689
423616 512 0 24503329209330
424128 512 0 24503329487970
424640 512 0 24503329766611
425152 512 0 24503330045251
425664 512 0 24503330323893
426176 512 0 24503330602533
426688 512 0 24503330881174
427200 512 0 24503331159814
427712 512 0 24503331438455
428224 512 0 24503331717095
428736 512 0 24503331995736
429248 512 0 24503332274376
429760 512 0 24503332553017
430272 512 0 24503332831657
430784 512 0 24503333110298
431296 512 0 24503333388938
431808 512 0 24503333667579
432320 512 0 24503333946219
432832 512 0 24503334224860
433344 512 0 24503334503500
433856 512 0 24503334782141
434368 512 0 24503335060781
434880 512 0 24503335339422
435392 512 0 24503335618062
435904 512 0 24503335896703
436416 512 0 24503336175343
436928 512 0 24503336453984
437440 512 0 24503336732624
437952 512 0 24503337011265
438464 512 0 24503337289905
438976 512 0 24503337568546
439488 512 0 24503337847187
440000 512 0 24503338125827
440512 512 0 24503338404468
441024 512 0 24503338683108
441536 512 0 24503338961749
442048 512 0 24503339240389
442560 512 0 24503339519029
443072 512 0 24503339797670
443584 512 0 24503340076310
444096 512 0 24503340354951
444608 512 0 24503340633591
445120 512 0 24503340912232
445632 512 0 24503341190872
446144 512 0 24503341469513
446656 512 0 24503341748153
447168 512 0 24503342026794
447680 512 0 24503342305434
448192 512 0 24503342584075
448704 512 0 24503342862715
449216 512 0 24503343141356
449728 512 0 24503343419996
450240 512 0 24503343698637
450752 512 0 24503343977277
451264 512 0 24503344255918
451776 512 0 24503344534558
452288 512 0 24503344813199
452800 512 0 24503345091839
453312 512 0 24503345370480
453824 512 0 24503345649120
454336 512 0 24503345927761
454848 512 0 24503346206401
455360 512 0 24503346485042
455872 512 0 24503346763682
456384 512 0 24503347042323
456896 512 0 24503347320963
457408 512 0 24503347599604
457920 512 0 24503347878244
458432 512 0 24503348156886
458944 512 0 24503348435526
459456 512 0 24503348714167
459968 512 0 24503348992807
460480 512 0 24503349271448
460992 512 0 24503349550088
461504 512 0 24503349828729
462016 512 0 24503350107369
462528 512 0 24503350386010
463040 512 0 24503350664650
463552 512 0 24503350943291
464064 512 0 24503351221932
464576 512 0 24503351500572
465088 512 0 24503351779213
465600 512 0 24503352057853
466112 512 0 24503352336494
466624 512 0 24503352615134
467136 512 0 24503352893775
467648 512 0 24503353172415
468160 512 0 24503353451056
468672 512 0 24503353729696
469184 512 0 24503354008337
469696 512 0 24503354286977
470208 512 0 24503354565618
470720 512 0 24503354844258
471232 512 0 24503355122899
471744 512 0 24503355401539
472256 512 0 24503355680180
472768 512 0 24503355958820
473280 512 0 24503356237461
473792 512 0 24503356516101
474304 512 0 24503356794742
474816 512 0 24503357073382
475328 512 0 24503357352022
475840 512 0 24503357630663
476352 512 0 24503357909303
476864 512 0 24503358187944
477376 512 0 24503358466584
477888 512 0 24503358745225
478400 512 0 24503359023865
478912 512 0 24503359302506
479424 512 0 24503359581146
479936 512 0 24503359859787
480448 512 0 24503360138427
480960 512 0 24503360417068
481472 512 0 24503360695708
481984 512 0 24503360974349
482496 512 0 24503361252990
483008 512 0 24503361531630
483520 512 0 24503361810271
484032 512 0 24503362088911
484544 512 0 24503362367552
485056 512 0 24503362646192
485568 512 0 24503362924833
486080 512 0 24503363203473
486592 512 0 24503363482114
487104 512 0 24503363760754
487616 512 0 24503364039395
488128 512 0 24503364318035
488640 512 0 24503364596676
489152 512 0 24503364875316
489664 512 0 24503365153957
490176 512 0 24503365432597
490688 512 0 24503365711238
491200 512 0 24503365989879
491712 512 0 24503366268519
492224 512 0 24503366547160
492736 512 0 24503366825801
493248 512 0 24503367104441
493760 512 0 24503367383082
494272 512 0 24503367661722
494784 512 0 24503367940363
495296 512 0 24503368219003
495808 512 0 24503368497644
496320 512 0 24503368776284
496832 512 0 24503369054925
497344 512 0 24503369333565
497856 512 0 24503369612206
498368 512 0 24503369890846
498880 512 0 24503370169487
499392 512 0 24503370448127
499904 512 0 24503370726768
500416 512 0 24503371005408
500928 512 0 24503371284049
501440 512 0 24503371562689
501952 512 0 24503371841330
502464 512 0 24503372119970
502976 512 0 24503372398611
503488 512 0 24503372677251
504000 512 0 24503372955892
504512 512 0 24503373234532
505024 512 0 24503373513173
505536 512 0 24503373791813
506048 512 0 24503374070454
506560 512 0 24503374349094
507072 512 0 24503374627735
507584 512 0 24503374906376
508096 512 0 24503375185017
508608 512 0 24503375463657
509120 512 0 24503375742298
509632 512 0 24503376020938
510144 512 0 24503376299579
510656 512 0 24503376578219
511168 512 0 24503376856860
511680 512 0 24503377135500
512192 512 0 24503377414141
512704 512 0 24503377692781
513216 512 0 24503377971422
513728 512 0 24503378250062
514240 512 0 24503378528703
514752 512 0 24503378807343
515264 512 0 24503379085984
515776 512 0 24503379364624
516288 512 0 24503379643265
516800 512 0 24503379921905
517312 512 0 24503380200546
517824 512 0 24503380479186
518336 512 0 24503380757827
518848 512 0 24503381036467
519360 512 0 24503381315108
519872 512 0 24503381593748
520384 512 0 24503381872389
520896 512 0 24503382151029
521408 512 0 24503382429670
521920 512 0 24503382708310
522432 512 0 24503382986951
522944 512 0 24503383265591
523456 512 0 24503383544232
523968 512 0 24503383822872
524480 512 0 24503384101513
524992 512 0 24503384380153
525504 512 0 24503384658794
526016 512 0 24503384937434
526528 512 0 24503385216075
527040 512 0 24503385494715
527552 512 0 24503385773356
528064 512 0 24503386051996
528576 512 0 24503386330637
529088 512 0 24503386609277
529600 512 0 24503386887918
530112 512 0 24503387166558
530624 512 0 24503387445199
531136 512 0 24503387723839
531648 512 0 24503388002480
532160 512 0 24503388281120
532672 512 0 24503388559761
533184 512 0 24503388838401
533696 512 0 24503389117042
534208 512 0 24503389395682
534720 512 0 24503389674323
535232 512 0 24503389952963
535744 512 0 24503390231604
536256 512 0 24503390510244
536768 512 0 24503390788885
537280 512 0 24503391067525
537792 512 0 24503391346166
538304 512 0 24503391624806
538816 512 0 24503391903447
539328 512 0 24503392182087
539840 512 0 24503392460728
540352 512 0 24503392739369
540864 512 0 24503393018010
541376 512 0 24503393296650
541888 512 0 24503393575291
542400 512 0 24503393853931
542912 512 0 24503394132572
543424 512 0 24503394411212
543936 512 0 24503394689853
544448 512 0 24503394968493
544960 512 0 24503395247134
545472 512 0 24503395525774
545984 512 0 24503395804415
546496 512 0 24503396083055
547008 512 0 24503396361696
547520 512 0 24503396640336
548032 512 0 24503396918977
548544 512 0 24503397197617
549056 512 0 24503397476258
549568 512 0 24503397754898
550080 512 0 24503398033539
550592 512 0 24503398312179
551104 512 0 24503398590820
551616 512 0 24503398869460
552128 512 0 24503399148101
552640 512 0 24503399426741
553152 512 0 24503399705382
553664 512 0 24503399984022
554176 512 0 24503400262663
554688 512 0 24503400541303
555200 512 0 24503400819944
555712 512 0 24503401098584
556224 512 0 24503401377225
556736 512 0 24503401655866
557248 512 0 24503401934507
557760 512 0 24503402213147
558272 512 0 24503402491788
558784 512 0 24503402770428
559296 512 0 24503403049069
559808 512 0 24503403327709
560320 512 0 24503403606350
560832 512 0 24503403884990
561344 512 0 24503404163631
561856 512 0 24503404442271
562368 512 0 24503404720912
562880 512 0 24503404999552
563392 512 0 24503405278193
563904 512 0 24503405556833
564416 512 0 24503405835474
564928 512 0 24503406114114
565440 512 0 24503406392755
565952 512 0 24503406671395
566464 512 0 24503406950036
566976 512 0 24503407228676
567488 512 0 24503407507317
568000 512 0 24503407785957
568512 512 0 24503408064598
569024 512 0 24503408343238
569536 512 0 24503408621879
570048 512 0 24503408900520
570560 512 0 24503409179160
571072 512 0 24503409457801
571584 512 0 24503409736441
572096 512 0 24503410015082
572608 512 0 24503410293722
573120 512 0 24503410572362
573632 512 0 24503410851003
574144 512 0 24503411129643
574656 512 0 24503411408284
575168 512 0 24503411686924
575680 512 0 24503411965565
576192 512 0 24503412244205
576704 512 0 24503412522846
577216 512 0 24503412801486
577728 512 0 24503413080127
578240 512 0 24503413358767
578752 512 0 24503413637408
579264 512 0 24503413916048
579776 512 0 24503414194689
580288 512 0 24503414473329
580800 512 0 24503414751970
581312 512 0 24503415030610
581824 512 0 24503415309251
582336 512 0 24503415587891
582848 512 0 24503415866532
583360 512 0 24503416145172
583872 512 0 24503416423813
584384 512 0 24503416702453
584896 512 0 24503416981094
585408 512 0 24503417259734
585920 512 0 24503417538375
586432 512 0 24503417817015
586944 512 0 24503418095656
587456 512 0 24503418374296
587968 512 0 24503418652937
588480 512 0 24503418931577
588992 512 0 24503419210218
589504 512 0 24503419488859
590016 512 0 24503419767500
590528 512 0 24503420046140
591040 512 0 24503420324781
591552 512 0 24503420603421
592064 512 0 24503420882062
592576 512 0 24503421160702
593088 512 0 24503421439343
593600 512 0 24503421717983
594112 512 0 24503421996624
594624 512 0 24503422275264
595136 512 0 24503422553905
595648 512 0 24503422832545
596160 512 0 24503423111186
596672 512 0 24503423389826
597184 512 0 24503423668467
597696 512 0 24503423947107
598208 512 0 24503424225748
598720 512 0 24503424504388
599232 512 0 24503424783029
599744 512 0 24503425061669
600256 512 0 24503425340310
600768 512 0 24503425618950
601280 512 0 24503425897591
601792 512 0 24503426176232
602304 512 0 24503426454872
602816 512 0 24503426733513
603328 512 0 24503427012153
603840 512 0 24503427290794
604352 512 0 24503427569434
604864 512 0 24503427848075
605376 512 0 24503428126715
605888 512 0 24503428405356
606400 512 0 24503428683997
606912 512 0 24503428962637
607424 512 0 24503429241278
607936 512 0 24503429519918
608448 512 0 24503429798559
608960 512 0 24503430077199
609472 512 0 24503430355840
609984 512 0 24503430634480
610496 512 0 24503430913121
611008 512 0 24503431191761
611520 512 0 24503431470402
612032 512 0 24503431749042
612544 512 0 24503432027683
613056 512 0 24503432306323
613568 512 0 24503432584964
614080 512 0 24503432863604
614592 512 0 24503433142245
615104 512 0 24503433420885
615616 512 0 24503433699526
616128 512 0 24503433978167
616640 512 0 24503434256807
617152 512 0 24503434535448
617664 512 0 24503434814088
618176 512 0 24503435092729
618688 512 0 24503435371369
619200 512 0 24503435650010
619712 512 0 24503435928650
620224 512 0 24503436207291
620736 512 0 24503436485931
621248 512 0 24503436764572
621760 512 0 24503437043212
622272 512 0 24503437321853
622784 512 0 24503437600494
623296 512 0 24503437879134
623808 512 0 24503438157775
624320 512 0 24503438436415
624832 512 0 24503438715056
625344 512 0 24503438993696
625856 512 0 24503439272337
626368 512 0 24503439550977
626880 512 0 24503439829618
627392 512 0 24503440108258
627904 512 0 24503440386899
628416 512 0 24503440665539
628928 512 0 24503440944180
629440 512 0 24503441222820
629952 512 0 24503441501461
630464 512 0 24503441780102
630976 512 0 24503442058742
631488 512 0 24503442337383
632000 512 0 24503442616023
632512 512 0 24503442894664
633024 512 0 24503443173304
633536 512 0 24503443451945
634048 512 0 24503443730585
634560 512 0 24503444009226
635072 512 0 24503444287866
635584 512 0 24503444566507
636096 512 0 24503444845147
636608 512 0 24503445123788
637120 512 0 24503445402428
637632 512 0 24503445681069
638144 512 0 24503445959709
638656 512 0 24503446238350
639168 512 0 24503446516991
639680 512 0 24503446795631
640192 512 0 24503447074272
640704 512 0 24503447352912
641216 512 0 24503447631553
641728 512 0 24503447910193
642240 512 0 24503448188834
642752 512 0 24503448467474
643264 512 0 24503448746115
643776 512 0 24503449024755
644288 512 0 24503449303396
644800 512 0 24503449582037
645312 512 0 24503449860677
645824 512 0 24503450139318
646336 512 0 24503450417958
646848 512 0 24503450696599
647360 512 0 24503450975239
647872 512 0 24503451253880
648384 512 0 24503451532520
648896 512 0 24503451811161
649408 512 0 24503452089801
649920 512 0 24503452368442
650432 512 0 24503452647082
650944 512 0 24503452925723
651456 512 0 24503453204363
651968 512 0 24503453483004
652480 512 0 24503453761644
652992 512 0 24503454040285
653504 512 0 24503454318925
654016 512 0 24503454597566
654528 512 0 24503454876206
655040 512 0 24503455154846
655552 512 0 24503455433487
656064 512 0 24503455712127
656576 512 0 24503455990768
657088 512 0 24503456269408
657600 512 0 24503456548049
658112 512 0 24503456826689
658624 512 0 24503457105330
659136 512 0 24503457383970
659648 512 0 24503457662611
660160 512 0 24503457941251
660672 512 0 24503458219892
661184 512 0 24503458498532
661696 512 0 24503458777173
662208 512 0 24503459055813
662720 512 0 24503459334454
663232 512 0 24503459613095
663744 512 0 24503459891735
664256 512 0 24503460170376
664768 512 0 24503460449016
665280 512 0 24503460727657
665792 512 0 24503461006297
666304 512 0 24503461284938
666816 512 0 24503461563578
667328 512 0 24503461842219
667840 512 0 24503462120859
668352 512 0 24503462399500
668864 512 0 24503462678140
669376 512 0 24503462956781
669888 512 0 24503463235421
670400 512 0 24503463514062
670912 512 0 24503463792702
671424 512 0 24503464071343
671936 512 0 24503464349984
672448 512 0 24503464628624
672960 512 0 24503464907265
673472 512 0 24503465185905
673984 512 0 24503465464546
674496 512 0 24503465743186
675008 512 0 24503466021827
675520 512 0 24503466300467
676032 512 0 24503466579108
676544 512 0 24503466857748
677056 512 0 24503467136389
677568 512 0 24503467415029
678080 512 0 24503467693670
678592 512 0 24503467972311
679104 512 0 24503468250951
679616 512 0 24503468529592
680128 512 0 24503468808232
680640 512 0 24503469086873
681152 512 0 24503469365513
681664 512 0 24503469644154
682176 512 0 24503469922794
682688 512 0 24503470201435
683200 512 0 24503470480075
683712 512 0 24503470758716
684224 512 0 24503471037356
684736 512 0 24503471315997
685248 512 0 24503471594637
685760 512 0 24503471873278
686272 512 0 24503472151918
686784 512 0 24503472430559
687296 512 0 24503472709199
687808 512 0 24503472987840
688320 512 0 24503473266481
688832 512 0 24503473545121
689344 512 0 24503473823762
689856 512 0 24503474102402
690368 512 0 24503474381043
690880 512 0 24503474659683
691392 512 0 24503474938324
691904 512 0 24503475216964
692416 512 0 24503475495605
692928 512 0 24503475774246
693440 512 0 24503476052886
693952 512 0 24503476331527
694464 512 0 24503476610167
694976 512 0 24503476888808
695488 512 0 24503477167448
696000 512 0 24503477446089
696512 512 0 24503477724729
697024 512 0 24503478003370
697536 512 0 24503478282010
698048 512 0 24503478560651
698560 512 0 24503478839291
699072 512 0 24503479117932
699584 512 0 24503479396572
700096 512 0 24503479675213
700608 512 0 24503479953853
701120 512 0 24503480232494
701632 512 0 24503480511134
702144 512 0 24503480789775
702656 512 0 24503481068415
703168 512 0 24503481347056
703680 512 0 24503481625696
704192 512 0 24503481904336
704704 512 0 24503482182977
705216 512 0 24503482461617
705728 512 0 24503482740258
706240 512 0 24503483018898
706752 512 0 24503483297539
707264 512 0 24503483576179
707776 512 0 24503483854820
708288 512 0 24503484133460
708800 512 0 24503484412101
709312 512 0 24503484690741
709824 512 0 24503484969382
710336 512 0 24503485248022
710848 512 0 24503485526663
711360 512 0 24503485805304
711872 512 0 24503486083944
712384 512 0 24503486362585
712896 512 0 24503486641225
713408 512 0 24503486919866
713920 512 0 24503487198506
714432 512 0 24503487477147
714944 512 0 24503487755787
715456 512 0 24503488034428
715968 512 0 24503488313068
716480 512 0 24503488591709
716992 512 0 24503488870349
717504 512 0 24503489148990
718016 512 0 24503489427630
718528 512 0 24503489706271
719040 512 0 24503489984911
719552 512 0 24503490263552
720064 512 0 24503490542192
720576 512 0 24503490820833
721088 512 0 24503491099474
721600 512 0 24503491378114
722112 512 0 24503491656755
722624 512 0 24503491935395
723136 512 0 24503492214036
723648 512 0 24503492492676
724160 512 0 24503492771317
724672 512 0 24503493049957
725184 512 0 24503493328598
725696 512 0 24503493607238
726208 512 0 24503493885879
726720 512 0 24503494164520
727232 512 0 24503494443160
727744 512 0 24503494721801
728256 512 0 24503495000441
728768 512 0 24503495279082
729280 512 0 24503495557722
729792 512 0 24503495836363
730304 512 0 24503496115003
730816 512 0 24503496393644
731328 512 0 24503496672284
731840 512 0 24503496950925
732352 512 0 24503497229565
732864 512 0 24503497508206
733376 512 0 24503497786846
733888 512 0 24503498065487
734400 512 0 24503498344127
734912 512 0 24503498622768
735424 512 0 24503498901408
735936 512 0 24503499180049
736448 512 0 24503499458689
736960 512 0 24503499737329
737472 512 0 24503500015970
737984 512 0 24503500294610
738496 512 0 24503500573251
739008 512 0 24503500851891
739520 512 0 24503501130532
740032 512 0 24503501409172
740544 512 0 24503501687813
741056 512 0 24503501966453
741568 512 0 24503502245094
742080 512 0 24503502523734
742592 512 0 24503502802375
743104 512 0 24503503081015
743616 512 0 24503503359656
744128 512 0 24503503638296
744640 512 0 24503503916937
745152 512 0 24503504195578
745664 512 0 24503504474218
746176 512 0 24503504752859
746688 512 0 24503505031499
747200 512 0 24503505310140
747712 512 0 24503505588780
748224 512 0 24503505867421
748736 512 0 24503506146061
749248 512 0 24503506424702
749760 512 0 24503506703342
750272 512 0 24503506981983
750784 512 0 24503507260623
751296 512 0 24503507539264
751808 512 0 24503507817904
752320 512 0 24503508096545
752832 512 0 24503508375185
753344 512 0 24503508653826
753856 512 0 24503508932467
754368 512 0 24503509211107
754880 512 0 24503509489748
755392 512 0 24503509768388
755904 512 0 24503510047029
756416 512 0 24503510325669
756928 512 0 24503510604310
757440 512 0 24503510882950
757952 512 0 24503511161591
758464 512 0 24503511440231
758976 512 0 24503511718872
759488 512 0 24503511997512
760000 512 0 24503512276153
760512 512 0 24503512554794
761024 512 0 24503512833434
761536 512 0 24503513112075
762048 512 0 24503513390715
762560 512 0 24503513669356
763072 512 0 24503513947996
763584 512 0 24503514226637
764096 512 0 24503514505277
764608 512 0 24503514783918
765120 512 0 24503515062558
765632 512 0 24503515341199
766144 512 0 24503515619839
766656 512 0 24503515898480
767168 512 0 24503516177120
767680 512 0 24503516455761
768192 512 0 24503516734401
768704 512 0 24503517013042
769216 512 0 24503517291682
769728 512 0 24503517570322
770240 512 0 24503517848963
770752 512 0 24503518127603
771264 512 0 24503518406244
771776 512 0 24503518684884
772288 512 0 24503518963525
772800 512 0 24503519242165
773312 512 0 24503519520806
773824 512 0 24503519799446
774336 512 0 24503520078087
774848 512 0 24503520356727
775360 512 0 24503520635368
775872 512 0 24503520914008
776384 512 0 24503521192649
776896 512 0 24503521471289
777408 512 0 24503521749930
777920 512 0 24503522028570
778432 512 0 24503522307211
778944 512 0 24503522585852
779456 512 0 24503522864492
779968 512 0 24503523143133
780480 512 0 24503523421773
780992 512 0 24503523700414
781504 512 0 24503523979054
782016 512 0 24503524257695
782528 512 0 24503524536335
783040 512 0 24503524814976
783552 512 0 24503525093616
784064 512 0 24503525372257
784576 512 0 24503525650897
785088 512 0 24503525929538
785600 512 0 24503526208178
786112 512 0 24503526486818
786624 512 0 24503526765459
787136 512 0 24503527044099
787648 512 0 24503527322740
788160 512 0 24503527601380
788672 512 0 24503527880021
789184 512 0 24503528158661
789696 512 0 24503528437302
790208 512 0 24503528715942
790720 512 0 24503528994583
791232 512 0 24503529273223
791744 512 0 24503529551864
792256 512 0 24503529830504
792768 512 0 24503530109145
793280 512 0 24503530387785
793792 512 0 24503530666426
794304 512 0 24503530945066
794816 512 0 24503531223707
795328 512 0 24503531502347
795840 512 0 24503531780988
796352 512 0 24503532059628
796864 512 0 24503532338269
797376 512 0 24503532616909
797888 512 0 24503532895550
798400 512 0 24503533174191
798912 512 0 24503533452831
799424 512 0 24503533731472
799936 512 0 24503534010112
800448 512 0 24503534288753
800960 512 0 24503534567393
801472 512 0 24503534846034
801984 512 0 24503535124674
802496 512 0 24503535403315
803008 512 0 24503535681956
803520 512 0 24503535960596
804032 512 0 24503536239237
804544 512 0 24503536517877
805056 512 0 24503536796518
805568 512 0 24503537075158
806080 512 0 24503537353799
806592 512 0 24503537632439
807104 512 0 24503537911080
807616 512 0 24503538189720
808128 512 0 24503538468361
808640 512 0 24503538747001
809152 512 0 24503539025642
809664 512 0 24503539304282
810176 512 0 24503539582923
810688 512 0 24503539861563
811200 512 0 24503540140204
811712 512 0 24503540418845
812224 512 0 24503540697485
812736 512 0 24503540976126
813248 512 0 24503541254766
813760 512 0 24503541533407
814272 512 0 24503541812047
814784 512 0 24503542090688
815296 512 0 24503542369328
815808 512 0 24503542647969
816320 512 0 24503542926609
816832 512 0 24503543205250
817344 512 0 24503543483890
817856 512 0 24503543762531
818368 512 0 24503544041171
818880 512 0 24503544319811
819392 512 0 24503544598452
819904 512 0 24503544877092
820416 512 0 24503545155733
820928 512 0 24503545434373
821440 512 0 24503545713014
821952 512 0 24503545991654
822464 512 0 24503546270295
822976 512 0 24503546548935
823488 512 0 24503546827576
824000 512 0 24503547106216
824512 512 0 24503547384857
825024 512 0 24503547663497
825536 512 0 24503547942138
826048 512 0 24503548220778
826560 512 0 24503548499419
827072 512 0 24503548778059
827584 512 0 24503549056700
828096 512 0 24503549335340
828608 512 0 24503549613981
829120 512 0 24503549892621
829632 512 0 24503550171262
830144 512 0 24503550449902
830656 512 0 24503550728543
831168 512 0 24503551007184
831680 512 0 24503551285824
832192 512 0 24503551564465
832704 512 0 24503551843105
833216 512 0 24503552121746
833728 512 0 24503552400386
834240 512 0 24503552679027
834752 512 0 24503552957667
835264 512 0 24503553236307
835776 512 0 24503553514948
836288 512 0 24503553793588
836800 512 0 24503554072229
837312 512 0 24503554350869
837824 512 0 24503554629510
838336 512 0 24503554908150
838848 512 0 24503555186791
839360 512 0 24503555465431
839872 512 0 24503555744072
840384 512 0 24503556022712
840896 512 0 24503556301353
841408 512 0 24503556579993
841920 512 0 24503556858634
842432 512 0 24503557137274
842944 512 0 24503557415915
843456 512 0 24503557694555
843968 512 0 24503557973196
844480 512 0 24503558251836
844992 512 0 24503558530477
845504 512 0 24503558809117
846016 512 0 24503559087758
846528 512 0 24503559366398
847040 512 0 24503559645039
847552 512 0 24503559923679
848064 512 0 24503560202320
848576 512 0 24503560480960
849088 512 0 24503560759601
849600 512 0 24503561038241
850112 512 0 24503561316882
850624 512 0 24503561595523
851136 512 0 24503561874163
851648 512 0 24503562152803
852160 512 0 24503562431444
852672 512 0 24503562710084
853184 512 0 24503562988725
853696 512 0 24503563267365
854208 512 0 24503563546006
854720 512 0 24503563824646
855232 512 0 24503564103287
855744 512 0 24503564381927
856256 512 0 24503564660568
856768 512 0 24503564939208
857280 512 0 24503565217849
857792 512 0 24503565496489
858304 512 0 24503565775130
858816 512 0 24503566053770
859328 512 0 24503566332411
859840 512 0 24503566611051
860352 512 0 24503566889692
860864 512 0 24503567168332
861376 512 0 24503567446973
861888 512 0 24503567725613
862400 512 0 24503568004254
862912 512 0 24503568282894
863424 512 0 24503568561535
863936 512 0 24503568840175
864448 512 0 24503569118816
864960 512 0 24503569397456
865472 512 0 24503569676097
865984 512 0 24503569954737
866496 512 0 24503570233378
867008 512 0 24503570512018
867520 512 0 24503570790659
868032 512 0 24503571069300
868544 512 0 24503571347941
869056 512 0 24503571626581
869568 512 0 24503571905222
870080 512 0 24503572183862
870592 512 0 24503572462503
871104 512 0 24503572741143
871616 512 0 24503573019784
872128 512 0 24503573298424
872640 512 0 24503573577065
873152 512 0 24503573855705
873664 512 0 24503574134346
874176 512 0 24503574412986
874688 512 0 24503574691627
875200 512 0 24503574970267
875712 512 0 24503575248908
876224 512 0 24503575527548
876736 512 0 24503575806189
877248 512 0 24503576084829
877760 512 0 24503576363470
878272 512 0 24503576642110
878784 512 0 24503576920751
879296 512 0 24503577199391
879808 512 0 24503577478032
880320 512 0 24503577756672
880832 512 0 24503578035313
881344 512 0 24503578313953
881856 512 0 24503578592594
882368 512 0 24503578871235
882880 512 0 24503579149875
883392 512 0 24503579428516
883904 512 0 24503579707156
884416 512 0 24503579985796
884928 512 0 24503580264437
885440 512 0 24503580543077
885952 512 0 24503580821718
886464 512 0 24503581100358
886976 512 0 24503581378999
887488 512 0 24503581657639
888000 512 0 24503581936280
888512 512 0 24503582214920
889024 512 0 24503582493561
889536 512 0 24503582772201
890048 512 0 24503583050842
890560 512 0 24503583329482
891072 512 0 24503583608123
891584 512 0 24503583886763
892096 512 0 24503584165404
892608 512 0 24503584444044
893120 512 0 24503584722685
893632 512 0 24503585001325
894144 512 0 24503585279966
894656 512 0 24503585558606
895168 512 0 24503585837247
895680 512 0 24503586115887
896192 512 0 24503586394528
896704 512 0 24503586673168
897216 512 0 24503586951809
897728 512 0 24503587230449
898240 512 0 24503587509090
898752 512 0 24503587787730
899264 512 0 24503588066371
899776 512 0 24503588345011
900288 512 0 24503588623652
900800 512 0 24503588902293
901312 512 0 24503589180934
901824 512 0 24503589459574
902336 512 0 24503589738215
902848 512 0 24503590016855
903360 512 0 24503590295496
903872 512 0 24503590574136
904384 512 0 24503590852777
904896 512 0 24503591131417
905408 512 0 24503591410058
905920 512 0 24503591688698
906432 512 0 24503591967339
906944 512 0 24503592245979
907456 512 0 24503592524620
907968 512 0 24503592803260
908480 512 0 24503593081901
908992 512 0 24503593360541
909504 512 0 24503593639182
910016 512 0 24503593917822
910528 512 0 24503594196463
911040 512 0 24503594475103
911552 512 0 24503594753744
912064 512 0 24503595032384
912576 512 0 24503595311025
913088 512 0 24503595589665
913600 512 0 24503595868306
914112 512 0 24503596146947
914624 512 0 24503596425587
915136 512 0 24503596704228
915648 512 0 24503596982868
916160 512 0 24503597261509
916672 512 0 24503597540149
917184 512 0 24503597818789
917696 512 0 24503598097430
918208 512 0 24503598376070
918720 512 0 24503598654711
919232 512 0 24503598933351
919744 512 0 24503599211992
920256 512 0 24503599490632
920768 512 0 24503599769273
921280 512 0 24503600047913
921792 512 0 24503600326554
922304 512 0 24503600605194
922816 512 0 24503600883835
923328 512 0 24503601162475
923840 512 0 24503601441116
924352 512 0 24503601719756
924864 512 0 24503601998397
925376 512 0 24503602277037
925888 512 0 24503602555678
926400 512 0 24503602834318
926912 512 0 24503603112959
927424 512 0 24503603391599
927936 512 0 24503603670240
928448 512 0 24503603948880
928960 512 0 24503604227521
929472 512 0 24503604506161
929984 512 0 24503604784802
930496 512 0 24503605063442
931008 512 0 24503605342083
931520 512 0 24503605620723
932032 512 0 24503605899364
932544 512 0 24503606178004
933056 512 0 24503606456645
933568 512 0 24503606735286
934080 512 0 24503607013927
934592 512 0 24503607292567
935104 512 0 24503607571208
935616 512 0 24503607849848
936128 512 0 24503608128489
936640 512 0 24503608407129
937152 512 0 24503608685770
937664 512 0 24503608964410
938176 512 0 24503609243051
938688 512 0 24503609521691
939200 512 0 24503609800332
939712 512 0 24503610078972
940224 512 0 24503610357613
940736 512 0 24503610636253
941248 512 0 24503610914894
941760 512 0 24503611193534
942272 512 0 24503611472175
942784 512 0 24503611750815
943296 512 0 24503612029456
943808 512 0 24503612308096
944320 512 0 24503612586737
944832 512 0 24503612865377
945344 512 0 24503613144018
945856 512 0 24503613422659
946368 512 0 24503613701299
946880 512 0 24503613979940
947392 512 0 24503614258580
947904 512 0 24503614537221
948416 512 0 24503614815861
948928 512 0 24503615094502
949440 512 0 24503615373142
949952 512 0 24503615651782
950464 512 0 24503615930423
950976 512 0 24503616209063
951488 512 0 24503616487704
952000 512 0 24503616766344
952512 512 0 24503617044985
953024 512 0 24503617323625
953536 512 0 24503617602266
954048 512 0 24503617880906
954560 512 0 24503618159547
955072 512 0 24503618438187
955584 512 0 24503618716828
956096 512 0 24503618995468
956608 512 0 24503619274109
957120 512 0 24503619552749
957632 512 0 24503619831390
958144 512 0 24503620110030
958656 512 0 24503620388671
959168 512 0 24503620667311
959680 512 0 24503620945952
960192 512 0 24503621224592
960704 512 0 24503621503233
961216 512 0 24503621781873
961728 512 0 24503622060514
962240 512 0 24503622339154
962752 512 0 24503622617795
963264 512 0 24503622896435
963776 512 0 24503623175076
964288 512 0 24503623453716
964800 512 0 24503623732357
965312 512 0 24503624010998
965824 512 0 24503624289638
966336 512 0 24503624568278
966848 512 0 24503624846919
967360 512 0 24503625125559
967872 512 0 24503625404200
968384 512 0 24503625682840
968896 512 0 24503625961481
969408 512 0 24503626240121
969920 512 0 24503626518762
970432 512 0 24503626797402
970944 512 0 24503627076043
971456 512 0 24503627354683
971968 512 0 24503627633324
972480 512 0 24503627911964
972992 512 0 24503628190605
973504 512 0 24503628469245
974016 512 0 24503628747886
974528 512 0 24503629026526
975040 512 0 24503629305167
975552 512 0 24503629583807
976064 512 0 24503629862448
976576 512 0 24503630141088
977088 512 0 24503630419729
977600 512 0 24503630698369
978112 512 0 24503630977010
978624 512 0 24503631255650
979136 512 0 24503631534291
979648 512 0 24503631812931
980160 512 0 24503632091572
980672 512 0 24503632370212
981184 512 0 24503632648853
981696 512 0 24503632927493
982208 512 0 24503633206134
982720 512 0 24503633484775
983232 512 0 24503633763416
983744 512 0 24503634042056
984256 512 0 24503634320697
984768 512 0 24503634599337
985280 512 0 24503634877978
985792 512 0 24503635156618
986304 512 0 24503635435259
986816 512 0 24503635713899
987328 512 0 24503635992540
987840 512 0 24503636271180
988352 512 0 24503636549821
988864 512 0 24503636828461
989376 512 0 24503637107102
989888 512 0 24503637385742
990400 512 0 24503637664383
990912 512 0 24503637943023
991424 512 0 24503638221664
991936 512 0 24503638500304
992448 512 0 24503638778945
992960 512 0 24503639057585
993472 512 0 24503639336226
993984 512 0 24503639614866
994496 512 0 24503639893507
995008 512 0 24503640172147
995520 512 0 24503640450788
996032 512 0 24503640729428
996544 512 0 24503641008069
997056 512 0 24503641286710
997568 512 0 24503641565350
998080 512 0 24503641843991
998592 512 0 24503642122631
999104 512 0 24503642401271
999616 512 0 24503642679912
1000128 512 0 24503642958552
1000640 512 0 24503643237193
1001152 512 0 24503643515833
1001664 512 0 24503643794474
1002176 512 0 24503644073114
1002688 512 0 24503644351755
1003200 512 0 24503644630395
1003712 512 0 24503644909036
1004224 512 0 24503645187676
1004736 512 0 24503645466317
1005248 512 0 24503645744957
1005760 512 0 24503646023598
1006272 512 0 24503646302238
1006784 512 0 24503646580879
1007296 512 0 24503646859519
1007808 512 0 24503647138160
1008320 512 0 24503647416800
1008832 512 0 24503647695441
1009344 512 0 24503647974081
1009856 512 0 24503648252722
1010368 512 0 24503648531362
1010880 512 0 24503648810003
1011392 512 0 24503649088643
1011904 512 0 24503649367284
1012416 512 0 24503649645924
1012928 512 0 24503649924565
1013440 512 0 24503650203205
1013952 512 0 24503650481846
1014464 512 0 24503650760486
1014976 512 0 24503651039127
1015488 512 0 24503651317768
1016000 512 0 24503651596409
1016512 512 0 24503651875049
1017024 512 0 24503652153690
1017536 512 0 24503652432330
1018048 512 0 24503652710971
1018560 512 0 24503652989611
1019072 512 0 24503653268252
1019584 512 0 24503653546892
1020096 512 0 24503653825533
1020608 512 0 24503654104173
1021120 512 0 24503654382814
1021632 512 0 24503654661454
1022144 512 0 24503654940095
1022656 512 0 24503655218735
1023168 512 0 24503655497376
1023680 512 0 24503655776016
1024192 512 0 24503656054657
1024704 512 0 24503656333297
1025216 512 0 24503656611938
1025728 512 0 24503656890578
1026240 512 0 24503657169219
1026752 512 0 24503657447859
1027264 512 0 24503657726500
1027776 512 0 24503658005140
1028288 512 0 24503658283781
1028800 512 0 24503658562422
1029312 512 0 24503658841062
1029824 512 0 24503659119703
1030336 512 0 24503659398343
1030848 512 0 24503659676984
1031360 512 0 24503659955624
1031872 512 0 24503660234264
1032384 512 0 24503660512905
1032896 512 0 24503660791545
1033408 512 0 24503661070186
1033920 512 0 24503661348826
1034432 512 0 24503661627467
1034944 512 0 24503661906107
1035456 512 0 24503662184748
1035968 512 0 24503662463388
1036480 512 0 24503662742029
1036992 512 0 24503663020669
1037504 512 0 24503663299310
1038016 512 0 24503663577950
1038528 512 0 24503663856591
1039040 512 0 24503664135231
1039552 512 0 24503664413872
1040064 512 0 24503664692512
1040576 512 0 24503664971153
1041088 512 0 24503665249793
1041600 512 0 24503665528434
1042112 512 0 24503665807074
1042624 512 0 24503666085715
1043136 512 0 24503666364355
1043648 512 0 24503666642996
1044160 512 0 24503666921636
1044672 512 0 24503667200277
1045184 512 0 24503667478917
1045696 512 0 24503667757558
1046208 512 0 24503668036198
1046720 512 0 24503668314839
1047232 512 0 24503668593479
1047744 512 0 24503668872120
1048256 512 0 24503669150761
1048768 512 0 24503669429402
1049280 512 0 24503669708042
1049792 512 0 24503669986683
1050304 512 0 24503670265323
1050816 512 0 24503670543964
1051328 512 0 24503670822604
1051840 512 0 24503671101245
1052352 512 0 24503671379885
1052864 512 0 24503671658526
1053376 512 0 24503671937166
1053888 512 0 24503672215807
1054400 512 0 24503672494447
1054912 512 0 24503672773088
1055424 512 0 24503673051728
1055936 512 0 24503673330369
1056448 512 0 24503673609009
1056960 512 0 24503673887650
1057472 512 0 24503674166290
1057984 512 0 24503674444931
1058496 512 0 24503674723571
1059008 512 0 24503675002212
1059520 512 0 24503675280852
1060032 512 0 24503675559493
1060544 512 0 24503675838134
1061056 512 0 24503676116774
1061568 512 0 24503676395415
1062080 512 0 24503676674055
1062592 512 0 24503676952696
1063104 512 0 24503677231336
1063616 512 0 24503677509977
1064128 512 0 24503677788617
1064640 512 0 24503678067257
1065152 512 0 24503678345898
1065664 512 0 24503678624538
1066176 512 0 24503678903179
1066688 512 0 24503679181819
1067200 512 0 24503679460460
1067712 512 0 24503679739100
1068224 512 0 24503680017741
1068736 512 0 24503680296381
1069248 512 0 24503680575022
1069760 512 0 24503680853662
1070272 512 0 24503681132303
1070784 512 0 24503681410943
1071296 512 0 24503681689584
1071808 512 0 24503681968224
1072320 512 0 24503682246865
1072832 512 0 24503682525505
1073344 512 0 24503682804146
1073856 512 0 24503683082786
1074368 512 0 24503683361427
1074880 512 0 24503683640067
1075392 512 0 24503683918708
1075904 512 0 24503684197348
1076416 512 0 24503684475989
1076928 512 0 24503684754629
1077440 512 0 24503685033270
1077952 512 0 24503685311910
1078464 512 0 24503685590551
1078976 512 0 24503685869191
1079488 512 0 24503686147832
1080000 512 0 24503686426473
1080512 512 0 24503686705113
1081024 512 0 24503686983754
1081536 512 0 24503687262395
1082048 512 0 24503687541035
1082560 512 0 24503687819676
1083072 512 0 24503688098316
1083584 512 0 24503688376957
1084096 512 0 24503688655597
1084608 512 0 24503688934238
1085120 512 0 24503689212878
1085632 512 0 24503689491519
1086144 512 0 24503689770159
1086656 512 0 24503690048800
1087168 512 0 24503690327440
1087680 512 0 24503690606081
1088192 512 0 24503690884721
1088704 512 0 24503691163362
1089216 512 0 24503691442002
1089728 512 0 24503691720643
1090240 512 0 24503691999283
1090752 512 0 24503692277924
1091264 512 0 24503692556564
1091776 512 0 24503692835205
1092288 512 0 24503693113845
1092800 512 0 24503693392486
1093312 512 0 24503693671127
1093824 512 0 24503693949767
1094336 512 0 24503694228408
1094848 512 0 24503694507048
1095360 512 0 24503694785689
1095872 512 0 24503695064329
1096384 512 0 24503695342970
1096896 512 0 24503695621610
1097408 512 0 24503695900251
1097920 512 0 24503696178892
1098432 512 0 24503696457532
1098944 512 0 24503696736173
1099456 512 0 24503697014813
1099968 512 0 24503697293454
1100480 512 0 24503697572094
1100992 512 0 24503697850735
1101504 512 0 24503698129375
1102016 512 0 24503698408016
1102528 512 0 24503698686656
1103040 512 0 24503698965297
1103552 512 0 24503699243937
1104064 512 0 24503699522578
1104576 512 0 24503699801218
1105088 512 0 24503700079859
1105600 512 0 24503700358499
1106112 512 0 24503700637140
1106624 512 0 24503700915781
1107136 512 0 24503701194421
1107648 512 0 24503701473062
1108160 512 0 24503701751702
1108672 512 0 24503702030343
1109184 512 0 24503702308983
1109696 512 0 24503702587624
1110208 512 0 24503702866264
1110720 512 0 24503703144905
1111232 512 0 24503703423545
1111744 512 0 24503703702186
1112256 512 0 24503703980826
1112768 512 0 24503704259467
1113280 512 0 24503704538107
1113792 512 0 24503704816747
1114304 512 0 24503705095388
1114816 512 0 24503705374028
1115328 512 0 24503705652669
1115840 512 0 24503705931309
1116352 512 0 24503706209950
1116864 512 0 24503706488590
1117376 512 0 24503706767231
1117888 512 0 24503707045871
1118400 512 0 24503707324512
1118912 512 0 24503707603152
1119424 512 0 24503707881793
1119936 512 0 24503708160433
1120448 512 0 24503708439074
1120960 512 0 24503708717714
1121472 512 0 24503708996355
1121984 512 0 24503709274995
1122496 512 0 24503709553636
1123008 512 0 24503709832276
1123520 512 0 24503710110917
1124032 512 0 24503710389557
1124544 512 0 24503710668198
1125056 512 0 24503710946838
1125568 512 0 24503711225479
1126080 512 0 24503711504120
1126592 512 0 24503711782760
1127104 512 0 24503712061401
1127616 512 0 24503712340041
1128128 512 0 24503712618682
1128640 512 0 24503712897322
1129152 512 0 24503713175963
1129664 512 0 24503713454603
1130176 512 0 24503713733244
1130688 512 0 24503714011885
1131200 512 0 24503714290525
1131712 512 0 24503714569166
1132224 512 0 24503714847806
1132736 512 0 24503715126447
1133248 512 0 24503715405087
1133760 512 0 24503715683728
1134272 512 0 24503715962368
1134784 512 0 24503716241009
1135296 512 0 24503716519649
1135808 512 0 24503716798290
1136320 512 0 24503717076930
1136832 512 0 24503717355571
1137344 512 0 24503717634211
1137856 512 0 24503717912852
1138368 512 0 24503718191492
1138880 512 0 24503718470133
1139392 512 0 24503718748774
1139904 512 0 24503719027414
1140416 512 0 24503719306055
1140928 512 0 24503719584695
1141440 512 0 24503719863336
1141952 512 0 24503720141976
1142464 512 0 24503720420617
1142976 512 0 24503720699257
1143488 512 0 24503720977898
1144000 512 0 24503721256538
1144512 512 0 24503721535179
1145024 512 0 24503721813819
1145536 512 0 24503722092460
1146048 512 0 24503722371100
1146560 512 0 24503722649740
1147072 512 0 24503722928381
1147584 512 0 24503723207021
1148096 512 0 24503723485662
1148608 512 0 24503723764302
1149120 512 0 24503724042943
1149632 512 0 24503724321583
1150144 512 0 24503724600224
1150656 512 0 24503724878864
1151168 512 0 24503725157505
1151680 512 0 24503725436145
1152192 512 0 24503725714786
1152704 512 0 24503725993426
1153216 512 0 24503726272067
1153728 512 0 24503726550707
1154240 512 0 24503726829348
1154752 512 0 24503727107988
1155264 512 0 24503727386629
1155776 512 0 24503727665269
1156288 512 0 24503727943910
1156800 512 0 24503728222550
1157312 512 0 24503728501191
1157824 512 0 24503728779831
1158336 512 0 24503729058472
1158848 512 0 24503729337113
1159360 512 0 24503729615753
1159872 512 0 24503729894394
1160384 512 0 24503730173034
1160896 512 0 24503730451675
1161408 512 0 24503730730315
1161920 512 0 24503731008956
1162432 512 0 24503731287596
1162944 512 0 24503731566237
1163456 512 0 24503731844878
1163968 512 0 24503732123518
1164480 512 0 24503732402159
1164992 512 0 24503732680799
1165504 512 0 24503732959440
1166016 512 0 24503733238080
1166528 512 0 24503733516721
1167040 512 0 24503733795361
1167552 512 0 24503734074002
1168064 512 0 24503734352642
1168576 512 0 24503734631283
1169088 512 0 24503734909923
1169600 512 0 24503735188564
1170112 512 0 24503735467204
1170624 512 0 24503735745845
1171136 512 0 24503736024485
1171648 512 0 24503736303126
1172160 512 0 24503736581767
1172672 512 0 24503736860407
1173184 512 0 24503737139048
1173696 512 0 24503737417688
1174208 512 0 24503737696329
1174720 512 0 24503737974969
1175232 512 0 24503738253610
1175744 512 0 24503738532250
1176256 512 0 24503738810891
1176768 512 0 24503739089531
1177280 512 0 24503739368172
1177792 512 0 24503739646812
1178304 512 0 24503739925453
1178816 512 0 24503740204093
1179328 512 0 24503740482734
1179840 512 0 24503740761375
1180352 512 0 24503741040015
1180864 512 0 24503741318656
1181376 512 0 24503741597296
1181888 512 0 24503741875937
1182400 512 0 24503742154577
1182912 512 0 24503742433218
1183424 512 0 24503742711858
1183936 512 0 24503742990499
1184448 512 0 24503743269139
1184960 512 0 24503743547780
1185472 512 0 24503743826420
1185984 512 0 24503744105061
1186496 512 0 24503744383702
1187008 512 0 24503744662342
1187520 512 0 24503744940983
1188032 512 0 24503745219623
1188544 512 0 24503745498264
1189056 512 0 24503745776904
1189568 512 0 24503746055545
1190080 512 0 24503746334185
1190592 512 0 24503746612826
1191104 512 0 24503746891466
1191616 512 0 24503747170107
1192128 512 0 24503747448747
1192640 512 0 24503747727388
1193152 512 0 24503748006028
1193664 512 0 24503748284669
1194176 512 0 24503748563309
1194688 512 0 24503748841950
1195200 512 0 24503749120590
1195712 512 0 24503749399230
1196224 512 0 24503749677871
1196736 512 0 24503749956511
1197248 512 0 24503750235152
1197760 512 0 24503750513792
1198272 512 0 24503750792433
1198784 512 0 24503751071073
1199296 512 0 24503751349714
1199808 512 0 24503751628354
1200320 512 0 24503751906995
1200832 512 0 24503752185635
1201344 512 0 24503752464276
1201856 512 0 24503752742916
1202368 512 0 24503753021557
1202880 512 0 24503753300197
1203392 512 0 24503753578838
1203904 512 0 24503753857478
1204416 512 0 24503754136119
1204928 512 0 24503754414759
1205440 512 0 24503754693400
1205952 512 0 24503754972041
1206464 512 0 24503755250681
1206976 512 0 24503755529322
1207488 512 0 24503755807962
1208000 512 0 24503756086603
1208512 512 0 24503756365243
1209024 512 0 24503756643884
1209536 512 0 24503756922524
1210048 512 0 24503757201165
1210560 512 0 24503757479805
1211072 512 0 24503757758446
1211584 512 0 24503758037086
1212096 512 0 24503758315727
1212608 512 0 24503758594368
1213120 512 0 24503758873008
1213632 512 0 24503759151649
1214144 512 0 24503759430289
1214656 512 0 24503759708930
1215168 512 0 24503759987570
1215680 512 0 24503760266211
1216192 512 0 24503760544851
1216704 512 0 24503760823492
1217216 512 0 24503761102132
1217728 512 0 24503761380773
1218240 512 0 24503761659413
1218752 512 0 24503761938054
1219264 512 0 24503762216694
1219776 512 0 24503762495335
1220288 512 0 24503762773976
1220800 512 0 24503763052616
1221312 512 0 24503763331257
1221824 512 0 24503763609897
1222336 512 0 24503763888538
1222848 512 0 24503764167178
1223360 512 0 24503764445819
1223872 512 0 24503764724459
1224384 512 0 24503765003100
1224896 512 0 24503765281740
1225408 512 0 24503765560381
1225920 512 0 24503765839021
1226432 512 0 24503766117662
1226944 512 0 24503766396302
1227456 512 0 24503766674943
1227968 512 0 24503766953583
1228480 512 0 24503767232224
1228992 512 0 24503767510865
1229504 512 0 24503767789505
1230016 512 0 24503768068146
1230528 512 0 24503768346786
1231040 512 0 24503768625427
1231552 512 0 24503768904067
1232064 512 0 24503769182708
1232576 512 0 24503769461348
1233088 512 0 24503769739989
1233600 512 0 24503770018629
1234112 512 0 24503770297270
1234624 512 0 24503770575911
1235136 512 0 24503770854551
1235648 512 0 24503771133192
1236160 512 0 24503771411832
1236672 512 0 24503771690473
1237184 512 0 24503771969113
1237696 512 0 24503772247754
1238208 512 0 24503772526394
1238720 512 0 24503772805035
1239232 512 0 24503773083675
1239744 512 0 24503773362316
1240256 512 0 24503773640956
1240768 512 0 24503773919597
1241280 512 0 24503774198237
1241792 512 0 24503774476878
1242304 512 0 24503774755518
1242816 512 0 24503775034159
1243328 512 0 24503775312799
1243840 512 0 24503775591440
1244352 512 0 24503775870080
1244864 512 0 24503776148721
1245376 512 0 24503776427362
1245888 512 0 24503776706002
1246400 512 0 24503776984643
1246912 512 0 24503777263283
1247424 512 0 24503777541924
1247936 512 0 24503777820564
1248448 512 0 24503778099205
1248960 512 0 24503778377845
1249472 512 0 24503778656486
1249984 512 0 24503778935127
1250496 512 0 24503779213767
1251008 512 0 24503779492408
1251520 512 0 24503779771048
1252032 512 0 24503780049689
1252544 512 0 24503780328329
1253056 512 0 24503780606970
1253568 512 0 24503780885610
1254080 512 0 24503781164251
1254592 512 0 24503781442891
1255104 512 0 24503781721532
1255616 512 0 24503782000172
1256128 512 0 24503782278813
1256640 512 0 24503782557453
1257152 512 0 24503782836094
1257664 512 0 24503783114734
1258176 512 0 24503783393375
1258688 512 0 24503783672015
1259200 512 0 24503783950656
1259712 512 0 24503784229296
1260224 512 0 24503784507937
1260736 512 0 24503784786577
1261248 512 0 24503785065217
1261760 512 0 24503785343858
1262272 512 0 24503785622498
1262784 512 0 24503785901139
1263296 512 0 24503786179779
1263808 512 0 24503786458420
1264320 512 0 24503786737060
1264832 512 0 24503787015701
1265344 512 0 24503787294341
1265856 512 0 24503787572982
1266368 512 0 24503787851622
1266880 512 0 24503788130263
1267392 512 0 24503788408903
1267904 512 0 24503788687544
1268416 512 0 24503788966185
1268928 512 0 24503789244825
1269440 512 0 24503789523466
1269952 512 0 24503789802106
1270464 512 0 24503790080747
1270976 512 0 24503790359387
1271488 512 0 24503790638028
1272000 512 0 24503790916668
1272512 512 0 24503791195309
1273024 512 0 24503791473949
1273536 512 0 24503791752590
1274048 512 0 24503792031230
1274560 512 0 24503792309871
1275072 512 0 24503792588511
1275584 512 0 24503792867152
1276096 512 0 24503793145792
1276608 512 0 24503793424433
1277120 512 0 24503793703073
1277632 512 0 24503793981714
1278144 512 0 24503794260355
1278656 512 0 24503794538995
1279168 512 0 24503794817636
1279680 512 0 24503795096276
1280192 512 0 24503795374917
1280704 512 0 24503795653557
1281216 512 0 24503795932198
1281728 512 0 24503796210838
1282240 512 0 24503796489479
1282752 512 0 24503796768119
1283264 512 0 24503797046760
1283776 512 0 24503797325401
1284288 512 0 24503797604041
1284800 512 0 24503797882682
1285312 512 0 24503798161322
1285824 512 0 24503798439963
1286336 512 0 24503798718603
1286848 512 0 24503798997244
1287360 512 0 24503799275884
1287872 512 0 24503799554525
1288384 512 0 24503799833165
1288896 512 0 24503800111806
1289408 512 0 24503800390446
1289920 512 0 24503800669087
1290432 512 0 24503800947727
1290944 512 0 24503801226368
1291456 512 0 24503801505008
1291968 512 0 24503801783649
1292480 512 0 24503802062289
1292992 512 0 24503802340930
1293504 512 0 24503802619570
1294016 512 0 24503802898211
1294528 512 0 24503803176852
1295040 512 0 24503803455492
1295552 512 0 24503803734133
1296064 512 0 24503804012773
1296576 512 0 24503804291414
1297088 512 0 24503804570054
1297600 512 0 24503804848695
1298112 512 0 24503805127336
1298624 512 0 24503805405976
1299136 512 0 24503805684617
1299648 512 0 24503805963257
1300160 512 0 24503806241898
1300672 512 0 24503806520538
1301184 512 0 24503806799179
1301696 512 0 24503807077819
1302208 512 0 24503807356460
1302720 512 0 24503807635100
1303232 512 0 24503807913741
1303744 512 0 24503808192381
1304256 512 0 24503808471022
1304768 512 0 24503808749662
1305280 512 0 24503809028303
1305792 512 0 24503809306943
1306304 512 0 24503809585584
1306816 512 0 24503809864224
1307328 512 0 24503810142865
1307840 512 0 24503810421505
1308352 512 0 24503810700146
1308864 512 0 24503810978786
1309376 512 0 24503811257427
1309888 512 0 24503811536067
1310400 512 0 24503811814708
1310912 512 0 24503812093349
1311424 512 0 24503812371989
1311936 512 0 24503812650630
1312448 512 0 24503812929270
1312960 512 0 24503813207911
1313472 512 0 24503813486552
1313984 512 0 24503813765192
1314496 512 0 24503814043833
1315008 512 0 24503814322473
1315520 512 0 24503814601114
1316032 512 0 24503814879754
1316544 512 0 24503815158395
1317056 512 0 24503815437035
1317568 512 0 24503815715676
1318080 512 0 24503815994316
1318592 512 0 24503816272957
1319104 512 0 24503816551597
1319616 512 0 24503816830238
1320128 512 0 24503817108878
1320640 512 0 24503817387519
1321152 512 0 24503817666159
1321664 512 0 24503817944800
1322176 512 0 24503818223440
1322688 512 0 24503818502081
1323200 512 0 24503818780721
1323712 512 0 24503819059362
1324224 512 0 24503819338002
1324736 512 0 24503819616643
1325248 512 0 24503819895284
1325760 512 0 24503820173924
1326272 512 0 24503820452565
1326784 512 0 24503820731204
1327296 512 0 24503821009845
1327808 512 0 24503821288485
1328320 512 0 24503821567126
1328832 512 0 24503821845766
1329344 512 0 24503822124407
1329856 512 0 24503822403047
1330368 512 0 24503822681688
1330880 512 0 24503822960328
1331392 512 0 24503823238969
1331904 512 0 24503823517610
1332416 512 0 24503823796250
1332928 512 0 24503824074891
1333440 512 0 24503824353531
1333952 512 0 24503824632172
1334464 512 0 24503824910812
1334976 512 0 24503825189453
1335488 512 0 24503825468093
1336000 512 0 24503825746734
1336512 512 0 24503826025374
1337024 512 0 24503826304015
1337536 512 0 24503826582655
1338048 512 0 24503826861296
1338560 512 0 24503827139936
1339072 512 0 24503827418577
1339584 512 0 24503827697217
1340096 512 0 24503827975858
1340608 512 0 24503828254498
1341120 512 0 24503828533139
1341632 512 0 24503828811779
1342144 512 0 24503829090420
1342656 512 0 24503829369060
1343168 512 0 24503829647701
1343680 512 0 24503829926342
1344192 512 0 24503830204982
1344704 512 0 24503830483623
1345216 512 0 24503830762263
1345728 512 0 24503831040904
1346240 512 0 24503831319544
1346752 512 0 24503831598185
1347264 512 0 24503831876826
1347776 512 0 24503832155466
1348288 512 0 24503832434107
1348800 512 0 24503832712747
1349312 512 0 24503832991388
1349824 512 0 24503833270028
1350336 512 0 24503833548669
1350848 512 0 24503833827309
1351360 512 0 24503834105950
1351872 512 0 24503834384590
1352384 512 0 24503834663231
1352896 512 0 24503834941871
1353408 512 0 24503835220512
1353920 512 0 24503835499152
1354432 512 0 24503835777793
1354944 512 0 24503836056433
1355456 512 0 24503836335074
1355968 512 0 24503836613714
1356480 512 0 24503836892355
1356992 512 0 24503837170995
1357504 512 0 24503837449636
1358016 512 0 24503837728276
1358528 512 0 24503838006917
1359040 512 0 24503838285557
1359552 512 0 24503838564198
1360064 512 0 24503838842839
1360576 512 0 24503839121479
1361088 512 0 24503839400120
1361600 512 0 24503839678760
1362112 512 0 24503839957401
1362624 512 0 24503840236042
1363136 512 0 24503840514682
1363648 512 0 24503840793323
1364160 512 0 24503841071963
1364672 512 0 24503841350604
1365184 512 0 24503841629244
1365696 512 0 24503841907885
1366208 512 0 24503842186525
1366720 512 0 24503842465166
1367232 512 0 24503842743806
1367744 512 0 24503843022447
1368256 512 0 24503843301087
1368768 512 0 24503843579728
1369280 512 0 24503843858368
1369792 512 0 24503844137009
1370304 512 0 24503844415649
1370816 512 0 24503844694290
1371328 512 0 24503844972930
1371840 512 0 24503845251571
1372352 512 0 24503845530211
1372864 512 0 24503845808852
1373376 512 0 24503846087492
1373888 512 0 24503846366133
1374400 512 0 24503846644774
1374912 512 0 24503846923414
1375424 512 0 24503847202055
1375936 512 0 24503847480695
1376448 512 0 24503847759336
1376960 512 0 24503848037976
1377472 512 0 24503848316617
1377984 512 0 24503848595257
1378496 512 0 24503848873898
1379008 512 0 24503849152539
1379520 512 0 24503849431179
1380032 512 0 24503849709820
1380544 512 0 24503849988460
1381056 512 0 24503850267101
1381568 512 0 24503850545741
1382080 512 0 24503850824382
1382592 512 0 24503851103022
1383104 512 0 24503851381663
1383616 512 0 24503851660303
1384128 512 0 24503851938944
1384640 512 0 24503852217584
1385152 512 0 24503852496225
1385664 512 0 24503852774865
1386176 512 0 24503853053506
1386688 512 0 24503853332146
1387200 512 0 24503853610787
1387712 512 0 24503853889427
1388224 512 0 24503854168068
1388736 512 0 24503854446708
1389248 512 0 24503854725349
1389760 512 0 24503855003990
1390272 512 0 24503855282630
1390784 512 0 24503855561271
1391296 512 0 24503855839911
1391808 512 0 24503856118552
1392320 512 0 24503856397192
1392832 512 0 24503856675833
1393344 512 0 24503856954473
1393856 512 0 24503857233114
1394368 512 0 24503857511755
1394880 512 0 24503857790395
1395392 512 0 24503858069036
1395904 512 0 24503858347676
1396416 512 0 24503858626317
1396928 512 0 24503858904957
1397440 512 0 24503859183598
1397952 512 0 24503859462238
1398464 512 0 24503859740879
1398976 512 0 24503860019519
1399488 512 0 24503860298160
1400000 512 0 24503860576800
1400512 512 0 24503860855441
1401024 512 0 24503861134081
1401536 512 0 24503861412722
1402048 512 0 24503861691362
1402560 512 0 24503861970003
1403072 512 0 24503862248643
1403584 512 0 24503862527284
1404096 512 0 24503862805924
1404608 512 0 24503863084565
1405120 512 0 24503863363206
1405632 512 0 24503863641846
1406144 512 0 24503863920487
1406656 512 0 24503864199127
1407168 512 0 24503864477768
1407680 512 0 24503864756408
1408192 512 0 24503865035049
1408704 512 0 24503865313689
1409216 512 0 24503865592330
1409728 512 0 24503865870971
1410240 512 0 24503866149611
1410752 512 0 24503866428252
1411264 512 0 24503866706892
1411776 512 0 24503866985533
1412288 512 0 24503867264173
1412800 512 0 24503867542814
1413312 512 0 24503867821454
1413824 512 0 24503868100095
1414336 512 0 24503868378735
1414848 512 0 24503868657376
1415360 512 0 24503868936016
1415872 512 0 24503869214657
1416384 512 0 24503869493297
1416896 512 0 24503869771938
1417408 512 0 24503870050578
1417920 512 0 24503870329219
1418432 512 0 24503870607859
1418944 512 0 24503870886500
1419456 512 0 24503871165140
1419968 512 0 24503871443781
1420480 512 0 24503871722422
1420992 512 0 24503872001062
1421504 512 0 24503872279703
1422016 512 0 24503872558343
1422528 512 0 24503872836984
1423040 512 0 24503873115624
1423552 512 0 24503873394265
1424064 512 0 24503873672905
1424576 512 0 24503873951546
1425088 512 0 24503874230186
1425600 512 0 24503874508827
1426112 512 0 24503874787468
1426624 512 0 24503875066108
1427136 512 0 24503875344749
1427648 512 0 24503875623389
1428160 512 0 24503875902030
1428672 512 0 24503876180670
1429184 512 0 24503876459311
1429696 512 0 24503876737951
1430208 512 0 24503877016592
1430720 512 0 24503877295232
1431232 512 0 24503877573873
1431744 512 0 24503877852513
1432256 512 0 24503878131154
1432768 512 0 24503878409794
1433280 512 0 24503878688435
1433792 512 0 24503878967075
1434304 512 0 24503879245716
1434816 512 0 24503879524356
1435328 512 0 24503879802997
1435840 512 0 24503880081638
1436352 512 0 24503880360278
1436864 512 0 24503880638919
1437376 512 0 24503880917559
1437888 512 0 24503881196200
1438400 512 0 24503881474840
1438912 512 0 24503881753481
1439424 512 0 24503882032121
1439936 512 0 24503882310762
1440448 512 0 24503882589402
1440960 512 0 24503882868043
1441472 512 0 24503883146683
1441984 512 0 24503883425324
1442496 512 0 24503883703965
1443008 512 0 24503883982605
1443520 512 0 24503884261246
1444032 512 0 24503884539886
1444544 512 0 24503884818527
1445056 512 0 24503885097167
1445568 512 0 24503885375808
1446080 512 0 24503885654448
1446592 512 0 24503885933089
1447104 512 0 24503886211729
1447616 512 0 24503886490370
1448128 512 0 24503886769010
1448640 512 0 24503887047651
1449152 512 0 24503887326291
1449664 512 0 24503887604932
1450176 512 0 24503887883572
1450688 512 0 24503888162213
1451200 512 0 24503888440853
1451712 512 0 24503888719494
1452224 512 0 24503888998135
1452736 512 0 24503889276775
1453248 512 0 24503889555416
1453760 512 0 24503889834056
1454272 512 0 24503890112697
1454784 512 0 24503890391337
1455296 512 0 24503890669978
1455808 512 0 24503890948618
1456320 512 0 24503891227259
1456832 512 0 24503891505899
1457344 512 0 24503891784540
1457856 512 0 24503892063181
1458368 512 0 24503892341821
1458880 512 0 24503892620462
1459392 512 0 24503892899102
1459904 512 0 24503893177743
1460416 512 0 24503893456383
1460928 512 0 24503893735024
1461440 512 0 24503894013664
1461952 512 0 24503894292305
1462464 512 0 24503894570945
1462976 512 0 24503894849586
1463488 512 0 24503895128226
1464000 512 0 24503895406867
1464512 512 0 24503895685507
1465024 512 0 24503895964148
1465536 512 0 24503896242788
1466048 512 0 24503896521429
1466560 512 0 24503896800069
1467072 512 0 24503897078710
1467584 512 0 24503897357351
1468096 512 0 24503897635991
1468608 512 0 24503897914632
1469120 512 0 24503898193272
1469632 512 0 24503898471913
1470144 512 0 24503898750553
1470656 512 0 24503899029194
1471168 512 0 24503899307834
1471680 512 0 24503899586475
1472192 512 0 24503899865115
1472704 512 0 24503900143756
1473216 512 0 24503900422396
1473728 512 0 24503900701037
1474240 512 0 24503900979678
1474752 512 0 24503901258318
1475264 512 0 24503901536959
1475776 512 0 24503901815599
1476288 512 0 24503902094240
1476800 512 0 24503902372880
1477312 512 0 24503902651521
1477824 512 0 24503902930161
1478336 512 0 24503903208802
1478848 512 0 24503903487442
1479360 512 0 24503903766083
1479872 512 0 24503904044723
1480384 512 0 24503904323364
1480896 512 0 24503904602004
1481408 512 0 24503904880645
1481920 512 0 24503905159285
1482432 512 0 24503905437926
1482944 512 0 24503905716566
1483456 512 0 24503905995207
1483968 512 0 24503906273848
1484480 512 0 24503906552488
1484992 512 0 24503906831129
1485504 512 0 24503907109769
1486016 512 0 24503907388410
1486528 512 0 24503907667050
1487040 512 0 24503907945691
1487552 512 0 24503908224331
1488064 512 0 24503908502972
1488576 512 0 24503908781612
1489088 512 0 24503909060253
1489600 512 0 24503909338893
1490112 512 0 24503909617534
1490624 512 0 24503909896175
1491136 512 0 24503910174815
1491648 512 0 24503910453456
1492160 512 0 24503910732096
1492672 512 0 24503911010737
1493184 512 0 24503911289377
1493696 512 0 24503911568018
1494208 512 0 24503911846658
1494720 512 0 24503912125299
1495232 512 0 24503912403939
1495744 512 0 24503912682580
1496256 512 0 24503912961220
1496768 512 0 24503913239861
1497280 512 0 24503913518501
1497792 512 0 24503913797142
1498304 512 0 24503914075782
1498816 512 0 24503914354423
1499328 512 0 24503914633064
1499840 512 0 24503914911704
1500352 512 0 24503915190345
1500864 512 0 24503915468985
1501376 512 0 24503915747626
1501888 512 0 24503916026266
1502400 512 0 24503916304907
1502912 512 0 24503916583547
1503424 512 0 24503916862188
1503936 512 0 24503917140828
1504448 512 0 24503917419469
1504960 512 0 24503917698109
1505472 512 0 24503917976750
1505984 512 0 24503918255390
1506496 512 0 24503918534031
1507008 512 0 24503918812672
1507520 512 0 24503919091312
1508032 512 0 24503919369953
1508544 512 0 24503919648593
1509056 512 0 24503919927234
1509568 512 0 24503920205874
1510080 512 0 24503920484515
1510592 512 0 24503920763155
1511104 512 0 24503921041796
1511616 512 0 24503921320436
1512128 512 0 24503921599077
1512640 512 0 24503921877717
1513152 512 0 24503922156358
1513664 512 0 24503922434998
1514176 512 0 24503922713639
1514688 512 0 24503922992279
1515200 512 0 24503923270920
1515712 512 0 24503923549561
1516224 512 0 24503923828201
1516736 512 0 24503924106842
1517248 512 0 24503924385482
1517760 512 0 24503924664123
1518272 512 0 24503924942763
1518784 512 0 24503925221404
1519296 512 0 24503925500044
1519808 512 0 24503925778685
1520320 512 0 24503926057325
1520832 512 0 24503926335966
1521344 512 0 24503926614606
1521856 512 0 24503926893247
1522368 512 0 24503927171887
1522880 512 0 24503927450528
1523392 512 0 24503927729169
1523904 512 0 24503928007809
1524416 512 0 24503928286450
1524928 512 0 24503928565090
1525440 512 0 24503928843731
1525952 512 0 24503929122371
1526464 512 0 24503929401012
1526976 512 0 24503929679652
1527488 512 0 24503929958293
1528000 512 0 24503930236933
1528512 512 0 24503930515574
1529024 512 0 24503930794214
1529536 512 0 24503931072855
1530048 512 0 24503931351495
1530560 512 0 24503931630136
1531072 512 0 24503931908776
1531584 512 0 24503932187417
1532096 512 0 24503932466058
1532608 512 0 24503932744698
1533120 512 0 24503933023339
1533632 512 0 24503933301979
1534144 512 0 24503933580620
1534656 512 0 24503933859260
1535168 512 0 24503934137901
1535680 512 0 24503934416541
1536192 512 0 24503934695182
1536704 512 0 24503934973822
1537216 512 0 24503935252463
1537728 512 0 24503935531103
1538240 512 0 24503935809744
1538752 512 0 24503936088384
1539264 512 0 24503936367025
1539776 512 0 24503936645666
1540288 512 0 24503936924306
1540800 512 0 24503937202947
1541312 512 0 24503937481587
1541824 512 0 24503937760228
1542336 512 0 24503938038868
1542848 512 0 24503938317509
1543360 512 0 24503938596149
1543872 512 0 24503938874790
1544384 512 0 24503939153430
1544896 512 0 24503939432071
1545408 512 0 24503939710711
1545920 512 0 24503939989352
1546432 512 0 24503940267992
1546944 512 0 24503940546633
1547456 512 0 24503940825273
1547968 512 0 24503941103914
1548480 512 0 24503941382555
1548992 512 0 24503941661195
1549504 512 0 24503941939836
1550016 512 0 24503942218476
1550528 512 0 24503942497117
1551040 512 0 24503942775757
1551552 512 0 24503943054398
1552064 512 0 24503943333038
1552576 512 0 24503943611679
1553088 512 0 24503943890319
1553600 512 0 24503944168960
1554112 512 0 24503944447600
1554624 512 0 24503944726241
1555136 512 0 24503945004881
1555648 512 0 24503945283522
1556160 512 0 24503945562163
1556672 512 0 24503945840803
1557184 512 0 24503946119444
1557696 512 0 24503946398084
1558208 512 0 24503946676725
1558720 512 0 24503946955365
1559232 512 0 24503947234006
1559744 512 0 24503947512646
1560256 512 0 24503947791287
1560768 512 0 24503948069927
1561280 512 0 24503948348568
1561792 512 0 24503948627208
1562304 512 0 24503948905849
1562816 512 0 24503949184489
1563328 512 0 24503949463130
1563840 512 0 24503949741771
1564352 512 0 24503950020411
1564864 512 0 24503950299052
1565376 512 0 24503950577692
1565888 512 0 24503950856333
1566400 512 0 24503951134973
1566912 512 0 24503951413614
1567424 512 0 24503951692254
1567936 512 0 24503951970895
1568448 512 0 24503952249535
1568960 512 0 24503952528176
1569472 512 0 24503952806816
1569984 512 0 24503953085457
1570496 512 0 24503953364097
1571008 512 0 24503953642738
1571520 512 0 24503953921378
1572032 512 0 24503954200019
1572544 512 0 24503954478660
1573056 512 0 24503954757300
1573568 512 0 24503955035941
1574080 512 0 24503955314581
1574592 512 0 24503955593222
1575104 512 0 24503955871862
1575616 512 0 24503956150503
1576128 512 0 24503956429143
1576640 512 0 24503956707784
1577152 512 0 24503956986424
1577664 512 0 24503957265065
1578176 512 0 24503957543705
1578688 512 0 24503957822346
1579200 512 0 24503958100986
1579712 512 0 24503958379627
1580224 512 0 24503958658268
1580736 512 0 24503958936908
1581248 512 0 24503959215549
1581760 512 0 24503959494189
1582272 512 0 24503959772830
1582784 512 0 24503960051470
1583296 512 0 24503960330111
1583808 512 0 24503960608751
1584320 512 0 24503960887392
1584832 512 0 24503961166032
1585344 512 0 24503961444673
1585856 512 0 24503961723313
1586368 512 0 24503962001954
1586880 512 0 24503962280594
1587392 512 0 24503962559235
1587904 512 0 24503962837875
1588416 512 0 24503963116516
1588928 512 0 24503963395158
1589440 512 0 24503963673798
1589952 512 0 24503963952439
1590464 512 0 24503964231079
1590976 512 0 24503964509720
1591488 512 0 24503964788360
1592000 512 0 24503965067001
1592512 512 0 24503965345641
1593024 512 0 24503965624282
1593536 512 0 24503965902922
1594048 512 0 24503966181563
1594560 512 0 24503966460204
1595072 512 0 24503966738844
1595584 512 0 24503967017485
1596096 512 0 24503967296125
1596608 512 0 24503967574766
1597120 512 0 24503967853406
1597632 512 0 24503968132047
1598144 512 0 24503968410687
1598656 512 0 24503968689328
1599168 512 0 24503968967968
1599680 512 0 24503969246609
1600192 512 0 24503969525249
1600704 512 0 24503969803890
1601216 512 0 24503970082530
1601728 512 0 24503970361171
1602240 512 0 24503970639812
1602752 512 0 24503970918452
1603264 512 0 24503971197093
1603776 512 0 24503971475733
1604288 512 0 24503971754374
1604800 512 0 24503972033014
1605312 512 0 24503972311655
1605824 512 0 24503972590295
1606336 512 0 24503972868936
1606848 512 0 24503973147576
1607360 512 0 24503973426217
1607872 512 0 24503973704857
1608384 512 0 24503973983498
1608896 512 0 24503974262138
1609408 512 0 24503974540779
1609920 512 0 24503974819419
1610432 512 0 24503975098060
1610944 512 0 24503975376701
1611456 512 0 24503975655341
1611968 512 0 24503975933982
1612480 512 0 24503976212622
1612992 512 0 24503976491263
1613504 512 0 24503976769903
1614016 512 0 24503977048544
1614528 512 0 24503977327184
1615040 512 0 24503977605825
1615552 512 0 24503977884465
1616064 512 0 24503978163106
1616576 512 0 24503978441746
1617088 512 0 24503978720387
1617600 512 0 24503978999027
1618112 512 0 24503979277668
1618624 512 0 24503979556309
1619136 512 0 24503979834949
1619648 512 0 24503980113590
1620160 512 0 24503980392230
1620672 512 0 24503980670871
1621184 512 0 24503980949511
1621696 512 0 24503981228153
1622208 512 0 24503981506793
1622720 512 0 24503981785434
1623232 512 0 24503982064074
1623744 512 0 24503982342715
1624256 512 0 24503982621355
1624768 512 0 24503982899996
1625280 512 0 24503983178637
1625792 512 0 24503983457277
1626304 512 0 24503983735918
1626816 512 0 24503984014558
1627328 512 0 24503984293199
1627840 512 0 24503984571839
1628352 512 0 24503984850480
1628864 512 0 24503985129120
1629376 512 0 24503985407761
1629888 512 0 24503985686401
1630400 512 0 24503985965042
1630912 512 0 24503986243682
1631424 512 0 24503986522323
1631936 512 0 24503986800963
1632448 512 0 24503987079604
1632960 512 0 24503987358245
1633472 512 0 24503987636885
1633984 512 0 24503987915526
1634496 512 0 24503988194166
1635008 512 0 24503988472807
1635520 512 0 24503988751447
1636032 512 0 24503989030088
1636544 512 0 24503989308728
1637056 512 0 24503989587369
1637568 512 0 24503989866009
1638080 512 0 24503990144651
1638592 512 0 24503990423291
1639104 512 0 24503990701932
1639616 512 0 24503990980572
1640128 512 0 24503991259213
1640640 512 0 24503991537854
1641152 512 0 24503991816494
1641664 512 0 24503992095135
1642176 512 0 24503992373775
1642688 512 0 24503992652416
1643200 512 0 24503992931056
1643712 512 0 24503993209697
1644224 512 0 24503993488337
1644736 512 0 24503993766978
1645248 512 0 24503994045618
1645760 512 0 24503994324259
1646272 512 0 24503994602899
1646784 512 0 24503994881540
1647296 512 0 24503995160181
1647808 512 0 24503995438821
1648320 512 0 24503995717462
1648832 512 0 24503995996102
1649344 512 0 24503996274743
1649856 512 0 24503996553383
1650368 512 0 24503996832024
1650880 512 0 24503997110664
1651392 512 0 24503997389305
1651904 512 0 24503997667945
1652416 512 0 24503997946586
1652928 512 0 24503998225226
1653440 512 0 24503998503867
1653952 512 0 24503998782508
1654464 512 0 24503999061149
1654976 512 0 24503999339789
1655488 512 0 24503999618430
1656000 512 0 24503999897071
1656512 512 0 24504000175711
1657024 512 0 24504000454352
1657536 512 0 24504000732992
1658048 512 0 24504001011633
1658560 512 0 24504001290273
1659072 512 0 24504001568914
1659584 512 0 24504001847554
1660096 512 0 24504002126195
1660608 512 0 24504002404835
1661120 512 0 24504002683476
1661632 512 0 24504002962117
1662144 512 0 24504003240757
1662656 512 0 24504003519398
1663168 512 0 24504003798038
1663680 512 0 24504004076679
1664192 512 0 24504004355319
1664704 512 0 24504004633960
1665216 512 0 24504004912600
1665728 512 0 24504005191241
1666240 512 0 24504005469881
1666752 512 0 24504005748522
1667264 512 0 24504006027162
1667776 512 0 24504006305803
1668288 512 0 24504006584444
1668800 512 0 24504006863084
1669312 512 0 24504007141725
1669824 512 0 24504007420365
1670336 512 0 24504007699006
1670848 512 0 24504007977648
1671360 512 0 24504008256289
1671872 512 0 24504008534929
1672384 512 0 24504008813570
1672896 512 0 24504009092210
1673408 512 0 24504009370851
1673920 512 0 24504009649491
1674432 512 0 24504009928132
1674944 512 0 24504010206772
1675456 512 0 24504010485413
1675968 512 0 24504010764054
1676480 512 0 24504011042694
1676992 512 0 24504011321335
1677504 512 0 24504011599975
1678016 512 0 24504011878616
1678528 512 0 24504012157256
1679040 512 0 24504012435897
1679552 512 0 24504012714537
1680064 512 0 24504012993178
1680576 512 0 24504013271818
1681088 512 0 24504013550459
1681600 512 0 24504013829100
1682112 512 0 24504014107740
1682624 512 0 24504014386381
1683136 512 0 24504014665021
1683648 512 0 24504014943662
1684160 512 0 24504015222302
1684672 512 0 24504015500943
1685184 512 0 24504015779583
1685696 512 0 24504016058224
1686208 512 0 24504016336864
1686720 512 0 24504016615505
1687232 512 0 24504016894146
1687744 512 0 24504017172787
1688256 512 0 24504017451427
1688768 512 0 24504017730068
1689280 512 0 24504018008708
1689792 512 0 24504018287349
1690304 512 0 24504018565989
1690816 512 0 24504018844630
1691328 512 0 24504019123271
1691840 512 0 24504019401911
1692352 512 0 24504019680552
1692864 512 0 24504019959192
1693376 512 0 24504020237833
1693888 512 0 24504020516473
1694400 512 0 24504020795114
1694912 512 0 24504021073754
1695424 512 0 24504021352395
1695936 512 0 24504021631035
1696448 512 0 24504021909676
1696960 512 0 24504022188317
1697472 512 0 24504022466957
1697984 512 0 24504022745598
1698496 512 0 24504023024238
1699008 512 0 24504023302879
1699520 512 0 24504023581519
1700032 512 0 24504023860160
1700544 512 0 24504024138800
1701056 512 0 24504024417441
1701568 512 0 24504024696082
1702080 512 0 24504024974722
1702592 512 0 24504025253363
1703104 512 0 24504025532003
1703616 512 0 24504025810644
1704128 512 0 24504026089285
1704640 512 0 24504026367925
1705152 512 0 24504026646566
1705664 512 0 24504026925206
1706176 512 0 24504027203847
1706688 512 0 24504027482488
1707200 512 0 24504027761128
1707712 512 0 24504028039769
1708224 512 0 24504028318409
1708736 512 0 24504028597050
1709248 512 0 24504028875690
1709760 512 0 24504029154331
1710272 512 0 24504029432971
1710784 512 0 24504029711612
1711296 512 0 24504029990252
1711808 512 0 24504030268893
1712320 512 0 24504030547534
1712832 512 0 24504030826174
1713344 512 0 24504031104815
1713856 512 0 24504031383455
1714368 512 0 24504031662096
1714880 512 0 24504031940736
1715392 512 0 24504032219377
1715904 512 0 24504032498017
1716416 512 0 24504032776658
1716928 512 0 24504033055298
1717440 512 0 24504033333939
1717952 512 0 24504033612580
1718464 512 0 24504033891220
1718976 512 0 24504034169861
1719488 512 0 24504034448501
1720000 512 0 24504034727142
1720512 512 0 24504035005783
1721024 512 0 24504035284423
1721536 512 0 24504035563064
1722048 512 0 24504035841704
1722560 512 0 24504036120345
1723072 512 0 24504036398986
1723584 512 0 24504036677626
1724096 512 0 24504036956267
1724608 512 0 24504037234907
1725120 512 0 24504037513548
1725632 512 0 24504037792188
1726144 512 0 24504038070829
1726656 512 0 24504038349469
1727168 512 0 24504038628110
1727680 512 0 24504038906751
1728192 512 0 24504039185391
1728704 512 0 24504039464032
1729216 512 0 24504039742672
1729728 512 0 24504040021313
1730240 512 0 24504040299953
1730752 512 0 24504040578594
1731264 512 0 24504040857234
1731776 512 0 24504041135875
1732288 512 0 24504041414515
1732800 512 0 24504041693156
1733312 512 0 24504041971797
1733824 512 0 24504042250437
1734336 512 0 24504042529078
1734848 512 0 24504042807718
1735360 512 0 24504043086359
1735872 512 0 24504043364999
1736384 512 0 24504043643641
1736896 512 0 24504043922282
1737408 512 0 24504044200923
1737920 512 0 24504044479563
1738432 512 0 24504044758204
1738944 512 0 24504045036844
1739456 512 0 24504045315485
1739968 512 0 24504045594125
1740480 512 0 24504045872766
1740992 512 0 24504046151406
1741504 512 0 24504046430047
1742016 512 0 24504046708688
1742528 512 0 24504046987328
1743040 512 0 24504047265969
1743552 512 0 24504047544609
1744064 512 0 24504047823250
1744576 512 0 24504048101890
1745088 512 0 24504048380531
1745600 512 0 24504048659171
