10036 512 0 24503107858911
10548 512 0 24503108137551
11060 512 0 24503108416190
11572 512 0 24503108694830
12084 512 0 24503108973469
12596 512 0 24503109252109
13108 512 0 24503109530748
13620 512 0 24503109809387
14132 512 0 24503110088027
14644 512 0 24503110366666
15156 512 0 24503110645306
15668 512 0 24503110923945
16180 512 0 24503111202585
16692 512 0 24503111481224
17204 512 0 24503111759863
17716 512 0 24503112038503
18228 512 0 24503112317142
18740 512 0 24503112595782
19252 512 0 24503112874421
19764 512 0 24503113153061
20276 512 0 24503113431700
20788 512 0 24503113710340
21300 512 0 24503113988979
21812 512 0 24503114267618
22324 512 0 24503114546258
22836 512 0 24503114824897
23348 512 0 24503115103537
23860 512 0 24503115382176
24372 512 0 24503115660816
24884 512 0 24503115939455
25396 512 0 24503116218113
25908 512 0 24503116496753
26420 512 0 24503116775393
26932 512 0 24503117054032
27444 512 0 24503117332672
27956 512 0 24503117611312
28468 512 0 24503117889952
28980 512 0 24503118168592
29492 512 0 24503118447232
30004 512 0 24503118725872
30516 512 0 24503119004512
31028 512 0 24503119283152
31540 512 0 24503119561792
32052 512 0 24503119840432
32564 512 0 24503120119071
33076 512 0 24503120397711
33588 512 0 24503120676361
34100 512 0 24503120955001
34612 512 0 24503121233642
35124 512 0 24503121512282
35636 512 0 24503121790922
36148 512 0 24503122069562
36660 512 0 24503122348202
37172 512 0 24503122626842
37684 512 0 24503122905483
38196 512 0 24503123184123
38708 512 0 24503123462763
39220 512 0 24503123741403
39732 512 0 24503124020043
40244 512 0 24503124298683
40756 512 0 24503124577324
41268 512 0 24503124855964
41780 512 0 24503125134604
42292 512 0 24503125413245
42804 512 0 24503125691885
43316 512 0 24503125970525
43828 512 0 24503126249165
44340 512 0 24503126527805
44852 512 0 24503126806446
45364 512 0 24503127085086
45876 512 0 24503127363726
46388 512 0 24503127642366
46900 512 0 24503127921006
47412 512 0 24503128199646
47924 512 0 24503128478287
48436 512 0 24503128756927
48948 512 0 24503129035567
49460 512 0 24503129314207
49972 512 0 24503129592852
50484 512 0 24503129871492
50996 512 0 24503130150133
51508 512 0 24503130428773
52020 512 0 24503130707413
52532 512 0 24503130986054
53044 512 0 24503131264694
53556 512 0 24503131543334
54068 512 0 24503131821974
54580 512 0 24503132100615
55092 512 0 24503132379255
55604 512 0 24503132657895
56116 512 0 24503132936536
56628 512 0 24503133215176
57140 512 0 24503133493816
57652 512 0 24503133772456
58164 512 0 24503134051102
58676 512 0 24503134329743
59188 512 0 24503134608383
59700 512 0 24503134887023
60212 512 0 24503135165664
60724 512 0 24503135444304
61236 512 0 24503135722945
61748 512 0 24503136001585
62260 512 0 24503136280225
62772 512 0 24503136558866
63284 512 0 24503136837506
63796 512 0 24503137116146
64308 512 0 24503137394787
64820 512 0 24503137673427
65332 512 0 24503137952068
65844 512 0 24503138230708
66356 512 0 24503138509351
66868 512 0 24503138787992
67380 512 0 24503139066632
67892 512 0 24503139345273
68404 512 0 24503139623913
68916 512 0 24503139902553
69428 512 0 24503140181194
69940 512 0 24503140459834
70452 512 0 24503140738475
70964 512 0 24503141017115
71476 512 0 24503141295756
71988 512 0 24503141574396
72500 512 0 24503141853037
73012 512 0 24503142131677
73524 512 0 24503142410317
74036 512 0 24503142688958
74548 512 0 24503142967599
75060 512 0 24503143246240
75572 512 0 24503143524880
76084 512 0 24503143803521
76596 512 0 24503144082161
77108 512 0 24503144360802
77620 512 0 24503144639442
78132 512 0 24503144918083
78644 512 0 24503145196723
79156 512 0 24503145475364
79668 512 0 24503145754004
80180 512 0 24503146032644
80692 512 0 24503146311285
81204 512 0 24503146589925
81716 512 0 24503146868566
82228 512 0 24503147147206
82740 512 0 24503147425848
83252 512 0 24503147704488
83764 512 0 24503147983129
84276 512 0 24503148261769
84788 512 0 24503148540409
85300 512 0 24503148819050
85812 512 0 24503149097690
86324 512 0 24503149376331
86836 512 0 24503149654971
87348 512 0 24503149933612
87860 512 0 24503150212252
88372 512 0 24503150490893
88884 512 0 24503150769533
89396 512 0 24503151048174
89908 512 0 24503151326814
90420 512 0 24503151605455
90932 512 0 24503151884096
91444 512 0 24503152162736
91956 512 0 24503152441377
92468 512 0 24503152720017
92980 512 0 24503152998658
93492 512 0 24503153277298
94004 512 0 24503153555939
94516 512 0 24503153834579
95028 512 0 24503154113220
95540 512 0 24503154391860
96052 512 0 24503154670501
96564 512 0 24503154949141
97076 512 0 24503155227781
97588 512 0 24503155506422
98100 512 0 24503155785062
98612 512 0 24503156063703
99124 512 0 24503156342345
99636 512 0 24503156620986
100148 512 0 24503156899626
100660 512 0 24503157178267
101172 512 0 24503157456907
101684 512 0 24503157735548
102196 512 0 24503158014188
102708 512 0 24503158292829
103220 512 0 24503158571469
103732 512 0 24503158850110
104244 512 0 24503159128750
104756 512 0 24503159407391
105268 512 0 24503159686031
105780 512 0 24503159964672
106292 512 0 24503160243312
106804 512 0 24503160521953
107316 512 0 24503160800593
107828 512 0 24503161079234
108340 512 0 24503161357874
108852 512 0 24503161636515
109364 512 0 24503161915155
109876 512 0 24503162193796
110388 512 0 24503162472436
110900 512 0 24503162751077
111412 512 0 24503163029717
111924 512 0 24503163308358
112436 512 0 24503163586998
112948 512 0 24503163865639
113460 512 0 24503164144279
113972 512 0 24503164422920
114484 512 0 24503164701560
114996 512 0 24503164980201
115508 512 0 24503165258841
116020 512 0 24503165537482
116532 512 0 24503165816122
117044 512 0 24503166094763
117556 512 0 24503166373403
118068 512 0 24503166652044
118580 512 0 24503166930684
119092 512 0 24503167209325
119604 512 0 24503167487965
120116 512 0 24503167766606
120628 512 0 24503168045246
121140 512 0 24503168323887
121652 512 0 24503168602527
122164 512 0 24503168881168
122676 512 0 24503169159808
123188 512 0 24503169438449
123700 512 0 24503169717089
124212 512 0 24503169995730
124724 512 0 24503170274370
125236 512 0 24503170553011
125748 512 0 24503170831651
126260 512 0 24503171110292
126772 512 0 24503171388932
127284 512 0 24503171667573
127796 512 0 24503171946213
128308 512 0 24503172224854
128820 512 0 24503172503494
129332 512 0 24503172782135
129844 512 0 24503173060775
130356 512 0 24503173339416
130868 512 0 24503173618056
131380 512 0 24503173896697
131892 512 0 24503174175338
132404 512 0 24503174453979
132916 512 0 24503174732619
133428 512 0 24503175011260
133940 512 0 24503175289900
134452 512 0 24503175568541
134964 512 0 24503175847182
135476 512 0 24503176125822
135988 512 0 24503176404463
136500 512 0 24503176683103
137012 512 0 24503176961744
137524 512 0 24503177240384
138036 512 0 24503177519025
138548 512 0 24503177797665
139060 512 0 24503178076306
139572 512 0 24503178354946
140084 512 0 24503178633586
140596 512 0 24503178912227
141108 512 0 24503179190867
141620 512 0 24503179469508
142132 512 0 24503179748148
142644 512 0 24503180026789
143156 512 0 24503180305429
143668 512 0 24503180584070
144180 512 0 24503180862711
144692 512 0 24503181141351
145204 512 0 24503181419992
145716 512 0 24503181698632
146228 512 0 24503181977273
146740 512 0 24503182255913
147252 512 0 24503182534554
147764 512 0 24503182813194
148276 512 0 24503183091834
148788 512 0 24503183370475
149300 512 0 24503183649115
149812 512 0 24503183927756
150324 512 0 24503184206396
150836 512 0 24503184485037
151348 512 0 24503184763677
151860 512 0 24503185042318
152372 512 0 24503185320958
152884 512 0 24503185599599
153396 512 0 24503185878240
153908 512 0 24503186156880
154420 512 0 24503186435521
154932 512 0 24503186714161
155444 512 0 24503186992802
155956 512 0 24503187271442
156468 512 0 24503187550083
156980 512 0 24503187828724
157492 512 0 24503188107365
158004 512 0 24503188386005
158516 512 0 24503188664646
159028 512 0 24503188943286
159540 512 0 24503189221927
160052 512 0 24503189500567
160564 512 0 24503189779208
161076 512 0 24503190057848
161588 512 0 24503190336489
162100 512 0 24503190615129
162612 512 0 24503190893770
163124 512 0 24503191172410
163636 512 0 24503191451051
164148 512 0 24503191729691
164660 512 0 24503192008333
165172 512 0 24503192286973
165684 512 0 24503192565614
166196 512 0 24503192844254
166708 512 0 24503193122895
167220 512 0 24503193401535
167732 512 0 24503193680176
168244 512 0 24503193958816
168756 512 0 24503194237457
169268 512 0 24503194516097
169780 512 0 24503194794738
170292 512 0 24503195073378
170804 512 0 24503195352019
171316 512 0 24503195630659
171828 512 0 24503195909300
172340 512 0 24503196187940
172852 512 0 24503196466581
173364 512 0 24503196745221
173876 512 0 24503197023862
174388 512 0 24503197302502
174900 512 0 24503197581143
175412 512 0 24503197859783
175924 512 0 24503198138424
176436 512 0 24503198417064
176948 512 0 24503198695705
177460 512 0 24503198974345
177972 512 0 24503199252986
178484 512 0 24503199531626
178996 512 0 24503199810267
179508 512 0 24503200088907
180020 512 0 24503200367548
180532 512 0 24503200646188
181044 512 0 24503200924830
181556 512 0 24503201203470
182068 512 0 24503201482111
182580 512 0 24503201760751
183092 512 0 24503202039392
183604 512 0 24503202318032
184116 512 0 24503202596673
184628 512 0 24503202875313
185140 512 0 24503203153954
185652 512 0 24503203432594
186164 512 0 24503203711235
186676 512 0 24503203989875
187188 512 0 24503204268516
187700 512 0 24503204547156
188212 512 0 24503204825797
188724 512 0 24503205104437
189236 512 0 24503205383078
189748 512 0 24503205661718
190260 512 0 24503205940359
190772 512 0 24503206218999
191284 512 0 24503206497640
191796 512 0 24503206776280
192308 512 0 24503207054921
192820 512 0 24503207333561
193332 512 0 24503207612202
193844 512 0 24503207890842
194356 512 0 24503208169483
194868 512 0 24503208448123
195380 512 0 24503208726764
195892 512 0 24503209005404
196404 512 0 24503209284045
196916 512 0 24503209562685
197428 512 0 24503209841326
197940 512 0 24503210119966
198452 512 0 24503210398607
198964 512 0 24503210677247
199476 512 0 24503210955888
199988 512 0 24503211234528
200500 512 0 24503211513169
201012 512 0 24503211791809
201524 512 0 24503212070450
202036 512 0 24503212349090
202548 512 0 24503212627731
203060 512 0 24503212906371
203572 512 0 24503213185012
204084 512 0 24503213463652
204596 512 0 24503213742293
205108 512 0 24503214020933
205620 512 0 24503214299575
206132 512 0 24503214578215
206644 512 0 24503214856856
207156 512 0 24503215135496
207668 512 0 24503215414137
208180 512 0 24503215692777
208692 512 0 24503215971418
209204 512 0 24503216250058
209716 512 0 24503216528699
210228 512 0 24503216807339
210740 512 0 24503217085980
211252 512 0 24503217364620
211764 512 0 24503217643261
212276 512 0 24503217921901
212788 512 0 24503218200542
213300 512 0 24503218479182
213812 512 0 24503218757823
214324 512 0 24503219036463
214836 512 0 24503219315104
215348 512 0 24503219593744
215860 512 0 24503219872385
216372 512 0 24503220151025
216884 512 0 24503220429666
217396 512 0 24503220708306
217908 512 0 24503220986947
218420 512 0 24503221265587
218932 512 0 24503221544228
219444 512 0 24503221822868
219956 512 0 24503222101509
220468 512 0 24503222380149
220980 512 0 24503222658790
221492 512 0 24503222937430
222004 512 0 24503223216071
222516 512 0 24503223494711
223028 512 0 24503223773352
223540 512 0 24503224051992
224052 512 0 24503224330633
224564 512 0 24503224609273
225076 512 0 24503224887914
225588 512 0 24503225166554
226100 512 0 24503225445195
226612 512 0 24503225723835
227124 512 0 24503226002476
227636 512 0 24503226281116
228148 512 0 24503226559757
228660 512 0 24503226838397
229172 512 0 24503227117038
229684 512 0 24503227395678
230196 512 0 24503227674320
230708 512 0 24503227952960
231220 512 0 24503228231601
231732 512 0 24503228510241
232244 512 0 24503228788882
232756 512 0 24503229067522
233268 512 0 24503229346163
233780 512 0 24503229624803
234292 512 0 24503229903444
234804 512 0 24503230182084
235316 512 0 24503230460725
235828 512 0 24503230739365
236340 512 0 24503231018006
236852 512 0 24503231296646
237364 512 0 24503231575287
237876 512 0 24503231853927
238388 512 0 24503232132568
238900 512 0 24503232411208
239412 512 0 24503232689849
239924 512 0 24503232968489
240436 512 0 24503233247130
240948 512 0 24503233525770
241460 512 0 24503233804411
241972 512 0 24503234083051
242484 512 0 24503234361692
242996 512 0 24503234640332
243508 512 0 24503234918973
244020 512 0 24503235197613
244532 512 0 24503235476254
245044 512 0 24503235754894
245556 512 0 24503236033535
246068 512 0 24503236312175
246580 512 0 24503236590816
247092 512 0 24503236869456
247604 512 0 24503237148097
248116 512 0 24503237426737
248628 512 0 24503237705378
249140 512 0 24503237984018
249652 512 0 24503238262659
250164 512 0 24503238541299
250676 512 0 24503238819940
251188 512 0 24503239098580
251700 512 0 24503239377221
252212 512 0 24503239655861
252724 512 0 24503239934502
253236 512 0 24503240213142
253748 512 0 24503240491783
254260 512 0 24503240770423
254772 512 0 24503241049065
255284 512 0 24503241327705
255796 512 0 24503241606346
256308 512 0 24503241884986
256820 512 0 24503242163627
257332 512 0 24503242442267
257844 512 0 24503242720908
258356 512 0 24503242999548
258868 512 0 24503243278189
259380 512 0 24503243556829
259892 512 0 24503243835470
260404 512 0 24503244114110
260916 512 0 24503244392751
261428 512 0 24503244671391
261940 512 0 24503244950032
262452 512 0 24503245228672
262964 512 0 24503245507313
263476 512 0 24503245785953
263988 512 0 24503246064594
264500 512 0 24503246343234
265012 512 0 24503246621875
265524 512 0 24503246900515
266036 512 0 24503247179156
266548 512 0 24503247457796
267060 512 0 24503247736437
267572 512 0 24503248015077
268084 512 0 24503248293718
268596 512 0 24503248572358
269108 512 0 24503248850999
269620 512 0 24503249129639
270132 512 0 24503249408280
270644 512 0 24503249686920
271156 512 0 24503249965561
271668 512 0 24503250244201
272180 512 0 24503250522842
272692 512 0 24503250801482
273204 512 0 24503251080123
273716 512 0 24503251358763
274228 512 0 24503251637404
274740 512 0 24503251916044
275252 512 0 24503252194685
275764 512 0 24503252473325
276276 512 0 24503252751966
276788 512 0 24503253030606
277300 512 0 24503253309247
277812 512 0 24503253587887
278324 512 0 24503253866528
278836 512 0 24503254145168
279348 512 0 24503254423810
279860 512 0 24503254702450
280372 512 0 24503254981091
280884 512 0 24503255259731
281396 512 0 24503255538372
281908 512 0 24503255817012
282420 512 0 24503256095653
282932 512 0 24503256374293
283444 512 0 24503256652934
283956 512 0 24503256931574
284468 512 0 24503257210215
284980 512 0 24503257488855
285492 512 0 24503257767496
286004 512 0 24503258046136
286516 512 0 24503258324777
287028 512 0 24503258603417
287540 512 0 24503258882059
288052 512 0 24503259160699
288564 512 0 24503259439340
289076 512 0 24503259717980
289588 512 0 24503259996621
290100 512 0 24503260275261
290612 512 0 24503260553902
291124 512 0 24503260832542
291636 512 0 24503261111183
292148 512 0 24503261389823
292660 512 0 24503261668464
293172 512 0 24503261947104
293684 512 0 24503262225745
294196 512 0 24503262504386
294708 512 0 24503262783026
295220 512 0 24503263061667
295732 512 0 24503263340307
296244 512 0 24503263618947
296756 512 0 24503263897588
297268 512 0 24503264176228
297780 512 0 24503264454869
298292 512 0 24503264733509
298804 512 0 24503265012150
299316 512 0 24503265290790
299828 512 0 24503265569431
300340 512 0 24503265848071
300852 512 0 24503266126712
301364 512 0 24503266405352
301876 512 0 24503266683993
302388 512 0 24503266962633
302900 512 0 24503267241274
303412 512 0 24503267519914
303924 512 0 24503267798555
304436 512 0 24503268077195
304948 512 0 24503268355836
305460 512 0 24503268634476
305972 512 0 24503268913117
306484 512 0 24503269191757
306996 512 0 24503269470398
307508 512 0 24503269749038
308020 512 0 24503270027679
308532 512 0 24503270306319
309044 512 0 24503270584960
309556 512 0 24503270863600
310068 512 0 24503271142241
310580 512 0 24503271420881
311092 512 0 24503271699522
311604 512 0 24503271978162
312116 512 0 24503272256804
312628 512 0 24503272535444
313140 512 0 24503272814085
313652 512 0 24503273092725
314164 512 0 24503273371366
314676 512 0 24503273650006
315188 512 0 24503273928647
315700 512 0 24503274207287
316212 512 0 24503274485928
316724 512 0 24503274764568
317236 512 0 24503275043209
317748 512 0 24503275321849
318260 512 0 24503275600490
318772 512 0 24503275879130
319284 512 0 24503276157771
319796 512 0 24503276436412
320308 512 0 24503276715052
320820 512 0 24503276993692
321332 512 0 24503277272333
321844 512 0 24503277550973
322356 512 0 24503277829614
322868 512 0 24503278108254
323380 512 0 24503278386895
323892 512 0 24503278665535
324404 512 0 24503278944176
324916 512 0 24503279222816
325428 512 0 24503279501457
325940 512 0 24503279780097
326452 512 0 24503280058738
326964 512 0 24503280337378
327476 512 0 24503280616019
327988 512 0 24503280894659
328500 512 0 24503281173300
329012 512 0 24503281451940
329524 512 0 24503281730581
330036 512 0 24503282009221
330548 512 0 24503282287862
331060 512 0 24503282566502
331572 512 0 24503282845143
332084 512 0 24503283123783
332596 512 0 24503283402424
333108 512 0 24503283681064
333620 512 0 24503283959705
334132 512 0 24503284238345
334644 512 0 24503284516986
335156 512 0 24503284795626
335668 512 0 24503285074267
336180 512 0 24503285352907
336692 512 0 24503285631549
337204 512 0 24503285910189
337716 512 0 24503286188830
338228 512 0 24503286467470
338740 512 0 24503286746111
339252 512 0 24503287024751
339764 512 0 24503287303392
340276 512 0 24503287582032
340788 512 0 24503287860673
341300 512 0 24503288139313
341812 512 0 24503288417954
342324 512 0 24503288696594
342836 512 0 24503288975235
343348 512 0 24503289253875
343860 512 0 24503289532516
344372 512 0 24503289811156
344884 512 0 24503290089798
345396 512 0 24503290368438
345908 512 0 24503290647079
346420 512 0 24503290925719
346932 512 0 24503291204360
347444 512 0 24503291483000
347956 512 0 24503291761641
348468 512 0 24503292040281
348980 512 0 24503292318922
349492 512 0 24503292597562
350004 512 0 24503292876203
350516 512 0 24503293154844
351028 512 0 24503293433484
351540 512 0 24503293712125
352052 512 0 24503293990765
352564 512 0 24503294269406
353076 512 0 24503294548046
353588 512 0 24503294826686
354100 512 0 24503295105327
354612 512 0 24503295383967
355124 512 0 24503295662608
355636 512 0 24503295941248
356148 512 0 24503296219889
356660 512 0 24503296498529
357172 512 0 24503296777170
357684 512 0 24503297055810
358196 512 0 24503297334451
358708 512 0 24503297613091
359220 512 0 24503297891732
359732 512 0 24503298170372
360244 512 0 24503298449013
360756 512 0 24503298727654
361268 512 0 24503299006294
361780 512 0 24503299284934
362292 512 0 24503299563575
362804 512 0 24503299842215
363316 512 0 24503300120856
363828 512 0 24503300399496
364340 512 0 24503300678137
364852 512 0 24503300956777
365364 512 0 24503301235418
365876 512 0 24503301514058
366388 512 0 24503301792699
366900 512 0 24503302071339
367412 512 0 24503302349980
367924 512 0 24503302628620
368436 512 0 24503302907261
368948 512 0 24503303185901
369460 512 0 24503303464542
369972 512 0 24503303743182
370484 512 0 24503304021823
370996 512 0 24503304300463
371508 512 0 24503304579104
372020 512 0 24503304857744
372532 512 0 24503305136385
373044 512 0 24503305415025
373556 512 0 24503305693666
374068 512 0 24503305972306
374580 512 0 24503306250947
375092 512 0 24503306529587
375604 512 0 24503306808228
376116 512 0 24503307086868
376628 512 0 24503307365509
377140 512 0 24503307644149
377652 512 0 24503307922791
378164 512 0 24503308201431
378676 512 0 24503308480072
379188 512 0 24503308758712
379700 512 0 24503309037353
380212 512 0 24503309315993
380724 512 0 24503309594634
381236 512 0 24503309873274
381748 512 0 24503310151915
382260 512 0 24503310430555
382772 512 0 24503310709196
383284 512 0 24503310987836
383796 512 0 24503311266477
384308 512 0 24503311545117
384820 512 0 24503311823758
385332 512 0 24503312102398
385844 512 0 24503312381039
386356 512 0 24503312659679
386868 512 0 24503312938320
387380 512 0 24503313216960
387892 512 0 24503313495601
388404 512 0 24503313774241
388916 512 0 24503314052882
389428 512 0 24503314331522
389940 512 0 24503314610163
390452 512 0 24503314888803
390964 512 0 24503315167444
391476 512 0 24503315446084
391988 512 0 24503315724725
392500 512 0 24503316003365
393012 512 0 24503316282006
393524 512 0 24503316560646
394036 512 0 24503316839287
394548 512 0 24503317117927
395060 512 0 24503317396568
395572 512 0 24503317675208
396084 512 0 24503317953849
396596 512 0 24503318232489
397108 512 0 24503318511130
397620 512 0 24503318789770
398132 512 0 24503319068411
398644 512 0 24503319347051
399156 512 0 24503319625692
399668 512 0 24503319904332
400180 512 0 24503320182973
400692 512 0 24503320461613
401204 512 0 24503320740254
401716 512 0 24503321018894
402228 512 0 24503321297534
402740 512 0 24503321576175
403252 512 0 24503321854816
403764 512 0 24503322133456
404276 512 0 24503322412097
404788 512 0 24503322690737
405300 512 0 24503322969378
405812 512 0 24503323248018
406324 512 0 24503323526659
406836 512 0 24503323805299
407348 512 0 24503324083940
407860 512 0 24503324362580
408372 512 0 24503324641221
408884 512 0 24503324919861
409396 512 0 24503325198502
409908 512 0 24503325477142
410420 512 0 24503325755782
410932 512 0 24503326034423
411444 512 0 24503326313064
411956 512 0 24503326591704
412468 512 0 24503326870345
412980 512 0 24503327148985
413492 512 0 24503327427626
414004 512 0 24503327706266
414516 512 0 24503327984907
415028 512 0 24503328263547
415540 512 0 24503328542188
416052 512 0 24503328820828
416564 512 0 24503329099469
417076 512 0 24503329378109
417588 512 0 24503329656750
418100 512 0 24503329935390
418612 512 0 24503330214032
419124 512 0 24503330492672
419636 512 0 24503330771313
420148 512 0 24503331049953
420660 512 0 24503331328594
421172 512 0 24503331607234
421684 512 0 24503331885875
422196 512 0 24503332164515
422708 512 0 24503332443156
423220 512 0 24503332721796
423732 512 0 24503333000437
424244 512 0 24503333279077
424756 512 0 24503333557718
425268 512 0 24503333836358
425780 512 0 24503334114999
426292 512 0 24503334393639
426804 512 0 24503334672280
427316 512 0 24503334950920
427828 512 0 24503335229561
428340 512 0 24503335508201
428852 512 0 24503335786842
429364 512 0 24503336065482
429876 512 0 24503336344123
430388 512 0 24503336622763
430900 512 0 24503336901404
431412 512 0 24503337180044
431924 512 0 24503337458685
432436 512 0 24503337737325
432948 512 0 24503338015966
433460 512 0 24503338294606
433972 512 0 24503338573247
434484 512 0 24503338851887
434996 512 0 24503339130529
435508 512 0 24503339409169
436020 512 0 24503339687810
436532 512 0 24503339966450
437044 512 0 24503340245091
437556 512 0 24503340523731
438068 512 0 24503340802372
438580 512 0 24503341081012
439092 512 0 24503341359653
439604 512 0 24503341638293
440116 512 0 24503341916934
440628 512 0 24503342195574
441140 512 0 24503342474215
441652 512 0 24503342752855
442164 512 0 24503343031496
442676 512 0 24503343310136
443188 512 0 24503343588777
443700 512 0 24503343867417
444212 512 0 24503344146058
444724 512 0 24503344424698
445236 512 0 24503344703339
445748 512 0 24503344981979
446260 512 0 24503345260620
446772 512 0 24503345539260
447284 512 0 24503345817901
447796 512 0 24503346096541
448308 512 0 24503346375182
448820 512 0 24503346653822
449332 512 0 24503346932463
449844 512 0 24503347211103
450356 512 0 24503347489744
450868 512 0 24503347768384
451380 512 0 24503348047025
451892 512 0 24503348325665
452404 512 0 24503348604306
452916 512 0 24503348882946
453428 512 0 24503349161587
453940 512 0 24503349440227
454452 512 0 24503349718868
454964 512 0 24503349997508
455476 512 0 24503350276149
455988 512 0 24503350554789
456500 512 0 24503350833430
457012 512 0 24503351112070
457524 512 0 24503351390711
458036 512 0 24503351669351
458548 512 0 24503351947992
459060 512 0 24503352226632
459572 512 0 24503352505274
460084 512 0 24503352783914
460596 512 0 24503353062555
461108 512 0 24503353341195
461620 512 0 24503353619836
462132 512 0 24503353898476
462644 512 0 24503354177117
463156 512 0 24503354455757
463668 512 0 24503354734398
464180 512 0 24503355013038
464692 512 0 24503355291679
465204 512 0 24503355570319
465716 512 0 24503355848960
466228 512 0 24503356127600
466740 512 0 24503356406241
467252 512 0 24503356684881
467764 512 0 24503356963522
468276 512 0 24503357242162
468788 512 0 24503357520803
469300 512 0 24503357799443
469812 512 0 24503358078084
470324 512 0 24503358356724
470836 512 0 24503358635365
471348 512 0 24503358914005
471860 512 0 24503359192646
472372 512 0 24503359471286
472884 512 0 24503359749927
473396 512 0 24503360028567
473908 512 0 24503360307208
474420 512 0 24503360585848
474932 512 0 24503360864489
475444 512 0 24503361143129
475956 512 0 24503361421770
476468 512 0 24503361700410
476980 512 0 24503361979051
477492 512 0 24503362257691
478004 512 0 24503362536332
478516 512 0 24503362814972
479028 512 0 24503363093613
479540 512 0 24503363372253
480052 512 0 24503363650894
480564 512 0 24503363929534
481076 512 0 24503364208175
481588 512 0 24503364486815
482100 512 0 24503364765456
482612 512 0 24503365044096
483124 512 0 24503365322737
483636 512 0 24503365601377
484148 512 0 24503365880019
484660 512 0 24503366158659
485172 512 0 24503366437300
485684 512 0 24503366715940
486196 512 0 24503366994581
486708 512 0 24503367273221
487220 512 0 24503367551862
487732 512 0 24503367830502
488244 512 0 24503368109143
488756 512 0 24503368387783
489268 512 0 24503368666424
489780 512 0 24503368945064
490292 512 0 24503369223705
490804 512 0 24503369502345
491316 512 0 24503369780986
491828 512 0 24503370059626
492340 512 0 24503370338268
492852 512 0 24503370616908
493364 512 0 24503370895549
493876 512 0 24503371174189
494388 512 0 24503371452830
494900 512 0 24503371731470
495412 512 0 24503372010111
495924 512 0 24503372288751
496436 512 0 24503372567392
496948 512 0 24503372846032
497460 512 0 24503373124673
497972 512 0 24503373403313
498484 512 0 24503373681954
498996 512 0 24503373960595
499508 512 0 24503374239235
500020 512 0 24503374517876
500532 512 0 24503374796516
501044 512 0 24503375075156
501556 512 0 24503375353797
502068 512 0 24503375632437
502580 512 0 24503375911078
503092 512 0 24503376189718
503604 512 0 24503376468359
504116 512 0 24503376746999
504628 512 0 24503377025640
505140 512 0 24503377304280
505652 512 0 24503377582921
506164 512 0 24503377861561
506676 512 0 24503378140202
507188 512 0 24503378418842
507700 512 0 24503378697483
508212 512 0 24503378976123
508724 512 0 24503379254764
509236 512 0 24503379533404
509748 512 0 24503379812045
510260 512 0 24503380090685
510772 512 0 24503380369326
511284 512 0 24503380647966
511796 512 0 24503380926607
512308 512 0 24503381205247
512820 512 0 24503381483888
513332 512 0 24503381762528
513844 512 0 24503382041169
514356 512 0 24503382319809
514868 512 0 24503382598450
515380 512 0 24503382877090
515892 512 0 24503383155731
516404 512 0 24503383434371
516916 512 0 24503383713014
517428 512 0 24503383991654
517940 512 0 24503384270295
518452 512 0 24503384548935
518964 512 0 24503384827576
519476 512 0 24503385106216
519988 512 0 24503385384857
520500 512 0 24503385663497
521012 512 0 24503385942138
521524 512 0 24503386220779
522036 512 0 24503386499419
522548 512 0 24503386778060
523060 512 0 24503387056700
523572 512 0 24503387335341
524084 512 0 24503387613981
524596 512 0 24503387892622
525108 512 0 24503388171263
525620 512 0 24503388449903
526132 512 0 24503388728544
526644 512 0 24503389007184
527156 512 0 24503389285825
527668 512 0 24503389564465
528180 512 0 24503389843106
528692 512 0 24503390121747
529204 512 0 24503390400387
529716 512 0 24503390679028
530228 512 0 24503390957668
530740 512 0 24503391236309
531252 512 0 24503391514949
531764 512 0 24503391793590
532276 512 0 24503392072230
532788 512 0 24503392350871
533300 512 0 24503392629511
533812 512 0 24503392908151
534324 512 0 24503393186792
534836 512 0 24503393465432
535348 512 0 24503393744073
535860 512 0 24503394022713
536372 512 0 24503394301354
536884 512 0 24503394579994
537396 512 0 24503394858635
537908 512 0 24503395137276
538420 512 0 24503395415916
538932 512 0 24503395694557
539444 512 0 24503395973197
539956 512 0 24503396251838
540468 512 0 24503396530478
540980 512 0 24503396809119
541492 512 0 24503397087759
542004 512 0 24503397366399
542516 512 0 24503397645040
543028 512 0 24503397923680
543540 512 0 24503398202321
544052 512 0 24503398480961
544564 512 0 24503398759602
545076 512 0 24503399038242
545588 512 0 24503399316883
546100 512 0 24503399595523
546612 512 0 24503399874164
547124 512 0 24503400152804
547636 512 0 24503400431445
548148 512 0 24503400710086
548660 512 0 24503400988726
549172 512 0 24503401267367
549684 512 0 24503401546007
550196 512 0 24503401824647
550708 512 0 24503402103288
551220 512 0 24503402381928
551732 512 0 24503402660569
552244 512 0 24503402939209
552756 512 0 24503403217850
553268 512 0 24503403496490
553780 512 0 24503403775131
554292 512 0 24503404053771
554804 512 0 24503404332412
555316 512 0 24503404611052
555828 512 0 24503404889693
556340 512 0 24503405168333
556852 512 0 24503405446974
557364 512 0 24503405725615
557876 512 0 24503406004255
558388 512 0 24503406282895
558900 512 0 24503406561536
559412 512 0 24503406840176
559924 512 0 24503407118817
560436 512 0 24503407397457
560948 512 0 24503407676098
561460 512 0 24503407954738
561972 512 0 24503408233379
562484 512 0 24503408512019
562996 512 0 24503408790660
563508 512 0 24503409069300
564020 512 0 24503409347941
564532 512 0 24503409626581
565044 512 0 24503409905222
565556 512 0 24503410183862
566068 512 0 24503410462504
566580 512 0 24503410741144
567092 512 0 24503411019785
567604 512 0 24503411298425
568116 512 0 24503411577066
568628 512 0 24503411855706
569140 512 0 24503412134347
569652 512 0 24503412412987
570164 512 0 24503412691628
570676 512 0 24503412970268
571188 512 0 24503413248909
571700 512 0 24503413527549
572212 512 0 24503413806190
572724 512 0 24503414084831
573236 512 0 24503414363471
573748 512 0 24503414642112
574260 512 0 24503414920752
574772 512 0 24503415199392
575284 512 0 24503415478033
575796 512 0 24503415756673
576308 512 0 24503416035314
576820 512 0 24503416313954
577332 512 0 24503416592595
577844 512 0 24503416871235
578356 512 0 24503417149876
578868 512 0 24503417428516
579380 512 0 24503417707157
579892 512 0 24503417985797
580404 512 0 24503418264438
580916 512 0 24503418543078
581428 512 0 24503418821719
581940 512 0 24503419100359
582452 512 0 24503419379000
582964 512 0 24503419657640
583476 512 0 24503419936281
583988 512 0 24503420214921
584500 512 0 24503420493562
585012 512 0 24503420772202
585524 512 0 24503421050843
586036 512 0 24503421329483
586548 512 0 24503421608124
587060 512 0 24503421886764
587572 512 0 24503422165405
588084 512 0 24503422444045
588596 512 0 24503422722686
589108 512 0 24503423001326
589620 512 0 24503423279967
590132 512 0 24503423558607
590644 512 0 24503423837248
591156 512 0 24503424115888
591668 512 0 24503424394529
592180 512 0 24503424673169
592692 512 0 24503424951810
593204 512 0 24503425230450
593716 512 0 24503425509091
594228 512 0 24503425787731
594740 512 0 24503426066372
595252 512 0 24503426345012
595764 512 0 24503426623653
596276 512 0 24503426902293
596788 512 0 24503427180934
597300 512 0 24503427459574
597812 512 0 24503427738215
598324 512 0 24503428016855
598836 512 0 24503428295497
599348 512 0 24503428574137
599860 512 0 24503428852778
600372 512 0 24503429131418
600884 512 0 24503429410059
601396 512 0 24503429688699
601908 512 0 24503429967340
602420 512 0 24503430245980
602932 512 0 24503430524621
603444 512 0 24503430803261
603956 512 0 24503431081902
604468 512 0 24503431360542
604980 512 0 24503431639183
605492 512 0 24503431917823
606004 512 0 24503432196464
606516 512 0 24503432475104
607028 512 0 24503432753745
607540 512 0 24503433032385
608052 512 0 24503433311026
608564 512 0 24503433589666
609076 512 0 24503433868307
609588 512 0 24503434146947
610100 512 0 24503434425588
610612 512 0 24503434704228
611124 512 0 24503434982869
611636 512 0 24503435261509
612148 512 0 24503435540150
612660 512 0 24503435818790
613172 512 0 24503436097431
613684 512 0 24503436376071
614196 512 0 24503436654712
614708 512 0 24503436933352
615220 512 0 24503437211994
615732 512 0 24503437490634
616244 512 0 24503437769275
616756 512 0 24503438047915
617268 512 0 24503438326556
617780 512 0 24503438605196
618292 512 0 24503438883837
618804 512 0 24503439162477
619316 512 0 24503439441118
619828 512 0 24503439719758
620340 512 0 24503439998399
620852 512 0 24503440277039
621364 512 0 24503440555680
621876 512 0 24503440834320
622388 512 0 24503441112961
622900 512 0 24503441391602
623412 512 0 24503441670242
623924 512 0 24503441948882
624436 512 0 24503442227523
624948 512 0 24503442506163
625460 512 0 24503442784804
625972 512 0 24503443063444
626484 512 0 24503443342085
626996 512 0 24503443620725
627508 512 0 24503443899366
628020 512 0 24503444178006
628532 512 0 24503444456647
629044 512 0 24503444735287
629556 512 0 24503445013928
630068 512 0 24503445292568
630580 512 0 24503445571209
631092 512 0 24503445849849
631604 512 0 24503446128490
632116 512 0 24503446407130
632628 512 0 24503446685771
633140 512 0 24503446964411
633652 512 0 24503447243052
634164 512 0 24503447521692
634676 512 0 24503447800333
635188 512 0 24503448078973
635700 512 0 24503448357614
636212 512 0 24503448636254
636724 512 0 24503448914895
637236 512 0 24503449193535
637748 512 0 24503449472176
638260 512 0 24503449750816
638772 512 0 24503450029457
639284 512 0 24503450308097
639796 512 0 24503450586738
640308 512 0 24503450865378
640820 512 0 24503451144019
641332 512 0 24503451422659
641844 512 0 24503451701300
642356 512 0 24503451979940
642868 512 0 24503452258581
643380 512 0 24503452537221
643892 512 0 24503452815862
644404 512 0 24503453094502
644916 512 0 24503453373143
645428 512 0 24503453651783
645940 512 0 24503453930424
646452 512 0 24503454209064
646964 512 0 24503454487705
647476 512 0 24503454766345
647988 512 0 24503455044985
648500 512 0 24503455323626
649012 512 0 24503455602267
649524 512 0 24503455880907
650036 512 0 24503456159548
650548 512 0 24503456438188
651060 512 0 24503456716829
651572 512 0 24503456995469
652084 512 0 24503457274110
652596 512 0 24503457552750
653108 512 0 24503457831391
653620 512 0 24503458110031
654132 512 0 24503458388672
654644 512 0 24503458667312
655156 512 0 24503458945953
655668 512 0 24503459224593
656180 512 0 24503459503233
656692 512 0 24503459781874
657204 512 0 24503460060514
657716 512 0 24503460339155
658228 512 0 24503460617796
658740 512 0 24503460896436
659252 512 0 24503461175077
659764 512 0 24503461453717
660276 512 0 24503461732358
660788 512 0 24503462010998
661300 512 0 24503462289639
661812 512 0 24503462568279
662324 512 0 24503462846920
662836 512 0 24503463125560
663348 512 0 24503463404201
663860 512 0 24503463682841
664372 512 0 24503463961481
664884 512 0 24503464240122
665396 512 0 24503464518762
665908 512 0 24503464797403
666420 512 0 24503465076043
666932 512 0 24503465354684
667444 512 0 24503465633324
667956 512 0 24503465911965
668468 512 0 24503466190606
668980 512 0 24503466469246
669492 512 0 24503466747887
670004 512 0 24503467026527
670516 512 0 24503467305168
671028 512 0 24503467583808
671540 512 0 24503467862449
672052 512 0 24503468141089
672564 512 0 24503468419729
673076 512 0 24503468698370
673588 512 0 24503468977010
674100 512 0 24503469255651
674612 512 0 24503469534291
675124 512 0 24503469812932
675636 512 0 24503470091572
676148 512 0 24503470370213
676660 512 0 24503470648853
677172 512 0 24503470927494
677684 512 0 24503471206135
678196 512 0 24503471484775
678708 512 0 24503471763416
679220 512 0 24503472042056
679732 512 0 24503472320697
680244 512 0 24503472599337
680756 512 0 24503472877978
681268 512 0 24503473156619
681780 512 0 24503473435260
682292 512 0 24503473713900
682804 512 0 24503473992541
683316 512 0 24503474271181
683828 512 0 24503474549822
684340 512 0 24503474828462
684852 512 0 24503475107103
685364 512 0 24503475385743
685876 512 0 24503475664384
686388 512 0 24503475943024
686900 512 0 24503476221665
687412 512 0 24503476500305
687924 512 0 24503476778946
688436 512 0 24503477057586
688948 512 0 24503477336225
689460 512 0 24503477614866
689972 512 0 24503477893506
690484 512 0 24503478172147
690996 512 0 24503478450787
691508 512 0 24503478729428
692020 512 0 24503479008068
692532 512 0 24503479286709
693044 512 0 24503479565349
693556 512 0 24503479843990
694068 512 0 24503480122630
694580 512 0 24503480401271
695092 512 0 24503480679911
695604 512 0 24503480958552
696116 512 0 24503481237192
696628 512 0 24503481515833
697140 512 0 24503481794474
697652 512 0 24503482073115
698164 512 0 24503482351755
698676 512 0 24503482630396
699188 512 0 24503482909036
699700 512 0 24503483187677
700212 512 0 24503483466318
700724 512 0 24503483744958
701236 512 0 24503484023599
701748 512 0 24503484302239
702260 512 0 24503484580880
702772 512 0 24503484859520
703284 512 0 24503485138161
703796 512 0 24503485416801
704308 512 0 24503485695442
704820 512 0 24503485974082
705332 512 0 24503486252722
705844 512 0 24503486531363
706356 512 0 24503486810003
706868 512 0 24503487088644
707380 512 0 24503487367284
707892 512 0 24503487645925
708404 512 0 24503487924565
708916 512 0 24503488203206
709428 512 0 24503488481847
709940 512 0 24503488760487
710452 512 0 24503489039128
710964 512 0 24503489317768
711476 512 0 24503489596409
711988 512 0 24503489875049
712500 512 0 24503490153690
713012 512 0 24503490432330
713524 512 0 24503490710970
714036 512 0 24503490989611
714548 512 0 24503491268251
715060 512 0 24503491546892
715572 512 0 24503491825532
716084 512 0 24503492104173
716596 512 0 24503492382813
717108 512 0 24503492661454
717620 512 0 24503492940094
718132 512 0 24503493218735
718644 512 0 24503493497376
719156 512 0 24503493776016
719668 512 0 24503494054657
720180 512 0 24503494333297
720692 512 0 24503494611938
721204 512 0 24503494890578
721716 512 0 24503495169218
722228 512 0 24503495447859
722740 512 0 24503495726499
723252 512 0 24503496005140
723764 512 0 24503496283780
724276 512 0 24503496562421
724788 512 0 24503496841061
725300 512 0 24503497119702
725812 512 0 24503497398342
726324 512 0 24503497676983
726836 512 0 24503497955623
727348 512 0 24503498234264
727860 512 0 24503498512904
728372 512 0 24503498791545
728884 512 0 24503499070186
729396 512 0 24503499348826
729908 512 0 24503499627466
730420 512 0 24503499906107
730932 512 0 24503500184747
731444 512 0 24503500463388
731956 512 0 24503500742028
732468 512 0 24503501020669
732980 512 0 24503501299309
733492 512 0 24503501577950
734004 512 0 24503501856590
734516 512 0 24503502135231
735028 512 0 24503502413871
735540 512 0 24503502692512
736052 512 0 24503502971152
736564 512 0 24503503249793
737076 512 0 24503503528433
737588 512 0 24503503807074
738100 512 0 24503504085714
738612 512 0 24503504364355
739124 512 0 24503504642995
739636 512 0 24503504921636
740148 512 0 24503505200276
740660 512 0 24503505478917
741172 512 0 24503505757557
741684 512 0 24503506036198
742196 512 0 24503506314838
742708 512 0 24503506593479
743220 512 0 24503506872119
743732 512 0 24503507150760
744244 512 0 24503507429400
744756 512 0 24503507708041
745268 512 0 24503507986681
745780 512 0 24503508265322
746292 512 0 24503508543962
746804 512 0 24503508822603
747316 512 0 24503509101243
747828 512 0 24503509379884
748340 512 0 24503509658524
748852 512 0 24503509937165
749364 512 0 24503510215805
749876 512 0 24503510494446
750388 512 0 24503510773086
750900 512 0 24503511051727
751412 512 0 24503511330367
751924 512 0 24503511609008
752436 512 0 24503511887648
752948 512 0 24503512166289
753460 512 0 24503512444929
753972 512 0 24503512723570
754484 512 0 24503513002210
754996 512 0 24503513280851
755508 512 0 24503513559491
756020 512 0 24503513838132
756532 512 0 24503514116772
757044 512 0 24503514395413
757556 512 0 24503514674053
758068 512 0 24503514952694
758580 512 0 24503515231334
759092 512 0 24503515509975
759604 512 0 24503515788615
760116 512 0 24503516067256
760628 512 0 24503516345896
761140 512 0 24503516624537
761652 512 0 24503516903177
762164 512 0 24503517181818
762676 512 0 24503517460459
763188 512 0 24503517739100
763700 512 0 24503518017740
764212 512 0 24503518296381
764724 512 0 24503518575021
765236 512 0 24503518853662
765748 512 0 24503519132302
766260 512 0 24503519410943
766772 512 0 24503519689583
767284 512 0 24503519968224
767796 512 0 24503520246865
768308 512 0 24503520525505
768820 512 0 24503520804146
769332 512 0 24503521082786
769844 512 0 24503521361427
770356 512 0 24503521640067
770868 512 0 24503521918707
771380 512 0 24503522197348
771892 512 0 24503522475988
772404 512 0 24503522754629
772916 512 0 24503523033269
773428 512 0 24503523311910
773940 512 0 24503523590550
774452 512 0 24503523869191
774964 512 0 24503524147831
775476 512 0 24503524426472
775988 512 0 24503524705112
776500 512 0 24503524983753
777012 512 0 24503525262394
777524 512 0 24503525541034
778036 512 0 24503525819675
778548 512 0 24503526098315
779060 512 0 24503526376955
779572 512 0 24503526655596
780084 512 0 24503526934236
780596 512 0 24503527212877
781108 512 0 24503527491517
781620 512 0 24503527770158
782132 512 0 24503528048798
782644 512 0 24503528327439
783156 512 0 24503528606079
783668 512 0 24503528884720
784180 512 0 24503529163360
784692 512 0 24503529442001
785204 512 0 24503529720641
785716 512 0 24503529999282
786228 512 0 24503530277922
786740 512 0 24503530556563
787252 512 0 24503530835203
787764 512 0 24503531113844
788276 512 0 24503531392484
788788 512 0 24503531671125
789300 512 0 24503531949765
789812 512 0 24503532228406
790324 512 0 24503532507046
790836 512 0 24503532785687
791348 512 0 24503533064327
791860 512 0 24503533342968
792372 512 0 24503533621608
792884 512 0 24503533900249
793396 512 0 24503534178889
793908 512 0 24503534457530
794420 512 0 24503534736170
794932 512 0 24503535014811
795444 512 0 24503535293452
795956 512 0 24503535572093
796468 512 0 24503535850733
796980 512 0 24503536129374
797492 512 0 24503536408014
798004 512 0 24503536686655
798516 512 0 24503536965296
799028 512 0 24503537243936
799540 512 0 24503537522577
800052 512 0 24503537801217
800564 512 0 24503538079858
801076 512 0 24503538358498
801588 512 0 24503538637139
802100 512 0 24503538915779
802612 512 0 24503539194420
803124 512 0 24503539473060
803636 512 0 24503539751700
804148 512 0 24503540030341
804660 512 0 24503540308981
805172 512 0 24503540587622
805684 512 0 24503540866262
806196 512 0 24503541144903
806708 512 0 24503541423543
807220 512 0 24503541702184
807732 512 0 24503541980825
808244 512 0 24503542259465
808756 512 0 24503542538106
809268 512 0 24503542816746
809780 512 0 24503543095387
810292 512 0 24503543374027
810804 512 0 24503543652668
811316 512 0 24503543931308
811828 512 0 24503544209948
812340 512 0 24503544488589
812852 512 0 24503544767229
813364 512 0 24503545045870
813876 512 0 24503545324510
814388 512 0 24503545603151
814900 512 0 24503545881791
815412 512 0 24503546160432
815924 512 0 24503546439072
816436 512 0 24503546717713
816948 512 0 24503546996353
817460 512 0 24503547274994
817972 512 0 24503547553635
818484 512 0 24503547832275
818996 512 0 24503548110916
819508 512 0 24503548389556
820020 512 0 24503548668197
820532 512 0 24503548946838
821044 512 0 24503549225479
821556 512 0 24503549504119
822068 512 0 24503549782760
822580 512 0 24503550061400
823092 512 0 24503550340041
823604 512 0 24503550618681
824116 512 0 24503550897322
824628 512 0 24503551175962
825140 512 0 24503551454603
825652 512 0 24503551733243
826164 512 0 24503552011884
826676 512 0 24503552290524
827188 512 0 24503552569165
827700 512 0 24503552847805
828212 512 0 24503553126447
828724 512 0 24503553405087
829236 512 0 24503553683728
829748 512 0 24503553962368
830260 512 0 24503554241009
830772 512 0 24503554519649
831284 512 0 24503554798290
831796 512 0 24503555076930
832308 512 0 24503555355571
832820 512 0 24503555634211
833332 512 0 24503555912852
833844 512 0 24503556191492
834356 512 0 24503556470133
834868 512 0 24503556748773
835380 512 0 24503557027414
835892 512 0 24503557306054
836404 512 0 24503557584695
836916 512 0 24503557863335
837428 512 0 24503558141976
837940 512 0 24503558420616
838452 512 0 24503558699257
838964 512 0 24503558977897
839476 512 0 24503559256538
839988 512 0 24503559535178
840500 512 0 24503559813819
841012 512 0 24503560092459
841524 512 0 24503560371100
842036 512 0 24503560649740
842548 512 0 24503560928381
843060 512 0 24503561207021
843572 512 0 24503561485662
844084 512 0 24503561764302
844596 512 0 24503562042942
845108 512 0 24503562321583
845620 512 0 24503562600224
846132 512 0 24503562878864
846644 512 0 24503563157505
847156 512 0 24503563436145
847668 512 0 24503563714786
848180 512 0 24503563993426
848692 512 0 24503564272067
849204 512 0 24503564550707
849716 512 0 24503564829348
850228 512 0 24503565107988
850740 512 0 24503565386629
851252 512 0 24503565665269
851764 512 0 24503565943910
852276 512 0 24503566222550
852788 512 0 24503566501190
853300 512 0 24503566779831
853812 512 0 24503567058471
854324 512 0 24503567337112
854836 512 0 24503567615753
855348 512 0 24503567894393
855860 512 0 24503568173034
856372 512 0 24503568451674
856884 512 0 24503568730315
857396 512 0 24503569008955
857908 512 0 24503569287596
858420 512 0 24503569566236
858932 512 0 24503569844877
859444 512 0 24503570123517
859956 512 0 24503570402158
860468 512 0 24503570680798
860980 512 0 24503570959440
861492 512 0 24503571238080
862004 512 0 24503571516721
862516 512 0 24503571795361
863028 512 0 24503572074002
863540 512 0 24503572352642
864052 512 0 24503572631283
864564 512 0 24503572909923
865076 512 0 24503573188564
865588 512 0 24503573467204
866100 512 0 24503573745845
866612 512 0 24503574024485
867124 512 0 24503574303126
867636 512 0 24503574581766
868148 512 0 24503574860407
868660 512 0 24503575139047
869172 512 0 24503575417687
869684 512 0 24503575696328
870196 512 0 24503575974969
870708 512 0 24503576253609
871220 512 0 24503576532250
871732 512 0 24503576810890
872244 512 0 24503577089531
872756 512 0 24503577368171
873268 512 0 24503577646812
873780 512 0 24503577925452
874292 512 0 24503578204093
874804 512 0 24503578482733
875316 512 0 24503578761374
875828 512 0 24503579040014
876340 512 0 24503579318655
876852 512 0 24503579597295
877364 512 0 24503579875935
877876 512 0 24503580154576
878388 512 0 24503580433216
878900 512 0 24503580711857
879412 512 0 24503580990498
879924 512 0 24503581269138
880436 512 0 24503581547779
880948 512 0 24503581826419
881460 512 0 24503582105060
881972 512 0 24503582383700
882484 512 0 24503582662341
882996 512 0 24503582940981
883508 512 0 24503583219622
884020 512 0 24503583498262
884532 512 0 24503583776903
885044 512 0 24503584055543
885556 512 0 24503584334183
886068 512 0 24503584612824
886580 512 0 24503584891464
887092 512 0 24503585170105
887604 512 0 24503585448745
888116 512 0 24503585727386
888628 512 0 24503586006027
889140 512 0 24503586284667
889652 512 0 24503586563308
890164 512 0 24503586841948
890676 512 0 24503587120589
891188 512 0 24503587399229
891700 512 0 24503587677870
892212 512 0 24503587956510
892724 512 0 24503588235151
893236 512 0 24503588513791
893748 512 0 24503588792433
894260 512 0 24503589071073
894772 512 0 24503589349714
895284 512 0 24503589628354
895796 512 0 24503589906995
896308 512 0 24503590185635
896820 512 0 24503590464276
897332 512 0 24503590742916
897844 512 0 24503591021557
898356 512 0 24503591300197
898868 512 0 24503591578838
899380 512 0 24503591857478
899892 512 0 24503592136119
900404 512 0 24503592414759
900916 512 0 24503592693400
901428 512 0 24503592972040
901940 512 0 24503593250679
902452 512 0 24503593529320
902964 512 0 24503593807960
903476 512 0 24503594086601
903988 512 0 24503594365241
904500 512 0 24503594643882
905012 512 0 24503594922522
905524 512 0 24503595201163
906036 512 0 24503595479803
906548 512 0 24503595758444
907060 512 0 24503596037084
907572 512 0 24503596315725
908084 512 0 24503596594366
908596 512 0 24503596873006
909108 512 0 24503597151647
909620 512 0 24503597430287
910132 512 0 24503597708928
910644 512 0 24503597987569
911156 512 0 24503598266209
911668 512 0 24503598544850
912180 512 0 24503598823491
912692 512 0 24503599102131
913204 512 0 24503599380772
913716 512 0 24503599659412
914228 512 0 24503599938053
914740 512 0 24503600216693
915252 512 0 24503600495334
915764 512 0 24503600773974
916276 512 0 24503601052615
916788 512 0 24503601331255
917300 512 0 24503601609896
917812 512 0 24503601888536
918324 512 0 24503602167176
918836 512 0 24503602445817
919348 512 0 24503602724457
919860 512 0 24503603003098
920372 512 0 24503603281738
920884 512 0 24503603560379
921396 512 0 24503603839020
921908 512 0 24503604117660
922420 512 0 24503604396301
922932 512 0 24503604674941
923444 512 0 24503604953582
923956 512 0 24503605232222
924468 512 0 24503605510863
924980 512 0 24503605789503
925492 512 0 24503606068144
926004 512 0 24503606346784
926516 512 0 24503606625424
927028 512 0 24503606904065
927540 512 0 24503607182705
928052 512 0 24503607461346
928564 512 0 24503607739986
929076 512 0 24503608018627
929588 512 0 24503608297267
930100 512 0 24503608575908
930612 512 0 24503608854549
931124 512 0 24503609133189
931636 512 0 24503609411830
932148 512 0 24503609690470
932660 512 0 24503609969111
933172 512 0 24503610247751
933684 512 0 24503610526392
934196 512 0 24503610805032
934708 512 0 24503611083672
935220 512 0 24503611362313
935732 512 0 24503611640953
936244 512 0 24503611919594
936756 512 0 24503612198234
937268 512 0 24503612476875
937780 512 0 24503612755515
938292 512 0 24503613034156
938804 512 0 24503613312796
939316 512 0 24503613591437
939828 512 0 24503613870078
940340 512 0 24503614148718
940852 512 0 24503614427359
941364 512 0 24503614705999
941876 512 0 24503614984640
942388 512 0 24503615263280
942900 512 0 24503615541921
943412 512 0 24503615820562
943924 512 0 24503616099203
944436 512 0 24503616377843
944948 512 0 24503616656484
945460 512 0 24503616935124
945972 512 0 24503617213765
946484 512 0 24503617492405
946996 512 0 24503617771046
947508 512 0 24503618049686
948020 512 0 24503618328327
948532 512 0 24503618606967
949044 512 0 24503618885608
949556 512 0 24503619164248
950068 512 0 24503619442889
950580 512 0 24503619721529
951092 512 0 24503620000169
951604 512 0 24503620278810
952116 512 0 24503620557450
952628 512 0 24503620836091
953140 512 0 24503621114732
953652 512 0 24503621393372
954164 512 0 24503621672013
954676 512 0 24503621950653
955188 512 0 24503622229294
955700 512 0 24503622507934
956212 512 0 24503622786575
956724 512 0 24503623065215
957236 512 0 24503623343856
957748 512 0 24503623622496
958260 512 0 24503623901137
958772 512 0 24503624179777
959284 512 0 24503624458417
959796 512 0 24503624737058
960308 512 0 24503625015698
960820 512 0 24503625294339
961332 512 0 24503625572979
961844 512 0 24503625851620
962356 512 0 24503626130261
962868 512 0 24503626408901
963380 512 0 24503626687542
963892 512 0 24503626966182
964404 512 0 24503627244823
964916 512 0 24503627523463
965428 512 0 24503627802104
965940 512 0 24503628080744
966452 512 0 24503628359385
966964 512 0 24503628638025
967476 512 0 24503628916665
967988 512 0 24503629195306
968500 512 0 24503629473946
969012 512 0 24503629752587
969524 512 0 24503630031227
970036 512 0 24503630309868
970548 512 0 24503630588508
971060 512 0 24503630867149
971572 512 0 24503631145789
972084 512 0 24503631424430
972596 512 0 24503631703071
973108 512 0 24503631981711
973620 512 0 24503632260352
974132 512 0 24503632538992
974644 512 0 24503632817633
975156 512 0 24503633096273
975668 512 0 24503633374914
976180 512 0 24503633653555
976692 512 0 24503633932196
977204 512 0 24503634210836
977716 512 0 24503634489477
978228 512 0 24503634768117
978740 512 0 24503635046758
979252 512 0 24503635325398
979764 512 0 24503635604039
980276 512 0 24503635882679
980788 512 0 24503636161320
981300 512 0 24503636439960
981812 512 0 24503636718601
982324 512 0 24503636997241
982836 512 0 24503637275882
983348 512 0 24503637554522
983860 512 0 24503637833162
984372 512 0 24503638111803
984884 512 0 24503638390443
985396 512 0 24503638669084
985908 512 0 24503638947725
986420 512 0 24503639226365
986932 512 0 24503639505006
987444 512 0 24503639783646
987956 512 0 24503640062287
988468 512 0 24503640340927
988980 512 0 24503640619568
989492 512 0 24503640898208
990004 512 0 24503641176849
990516 512 0 24503641455489
991028 512 0 24503641734130
991540 512 0 24503642012770
992052 512 0 24503642291410
992564 512 0 24503642570051
993076 512 0 24503642848691
993588 512 0 24503643127332
994100 512 0 24503643405972
994612 512 0 24503643684613
995124 512 0 24503643963254
995636 512 0 24503644241894
996148 512 0 24503644520535
996660 512 0 24503644799175
997172 512 0 24503645077816
997684 512 0 24503645356456
998196 512 0 24503645635097
998708 512 0 24503645913737
999220 512 0 24503646192378
999732 512 0 24503646471018
1000244 512 0 24503646749661
1000756 512 0 24503647028301
1001268 512 0 24503647306942
1001780 512 0 24503647585582
1002292 512 0 24503647864223
1002804 512 0 24503648142863
1003316 512 0 24503648421504
1003828 512 0 24503648700144
1004340 512 0 24503648978785
1004852 512 0 24503649257425
1005364 512 0 24503649536066
1005876 512 0 24503649814706
1006388 512 0 24503650093347
1006900 512 0 24503650371987
1007412 512 0 24503650650628
1007924 512 0 24503650929268
1008436 512 0 24503651207909
1008948 512 0 24503651486549
1009460 512 0 24503651765190
1009972 512 0 24503652043830
1010484 512 0 24503652322471
1010996 512 0 24503652601111
1011508 512 0 24503652879752
1012020 512 0 24503653158392
1012532 512 0 24503653437033
1013044 512 0 24503653715673
1013556 512 0 24503653994314
1014068 512 0 24503654272954
1014580 512 0 24503654551595
1015092 512 0 24503654830235
1015604 512 0 24503655108876
1016116 512 0 24503655387516
1016628 512 0 24503655666158
1017140 512 0 24503655944798
1017652 512 0 24503656223439
1018164 512 0 24503656502079
1018676 512 0 24503656780720
1019188 512 0 24503657059360
1019700 512 0 24503657338001
1020212 512 0 24503657616641
1020724 512 0 24503657895282
1021236 512 0 24503658173922
1021748 512 0 24503658452563
1022260 512 0 24503658731203
1022772 512 0 24503659009844
1023284 512 0 24503659288484
1023796 512 0 24503659567125
1024308 512 0 24503659845766
1024820 512 0 24503660124406
1025332 512 0 24503660403046
1025844 512 0 24503660681687
1026356 512 0 24503660960327
1026868 512 0 24503661238968
1027380 512 0 24503661517608
1027892 512 0 24503661796249
1028404 512 0 24503662074889
1028916 512 0 24503662353530
1029428 512 0 24503662632170
1029940 512 0 24503662910811
1030452 512 0 24503663189451
1030964 512 0 24503663468092
1031476 512 0 24503663746732
1031988 512 0 24503664025373
1032500 512 0 24503664304013
1033012 512 0 24503664582654
1033524 512 0 24503664861294
1034036 512 0 24503665139935
1034548 512 0 24503665418575
1035060 512 0 24503665697216
1035572 512 0 24503665975856
1036084 512 0 24503666254497
1036596 512 0 24503666533137
1037108 512 0 24503666811778
1037620 512 0 24503667090418
1038132 512 0 24503667369059
1038644 512 0 24503667647699
1039156 512 0 24503667926340
1039668 512 0 24503668204980
1040180 512 0 24503668483621
1040692 512 0 24503668762261
1041204 512 0 24503669040903
1041716 512 0 24503669319543
1042228 512 0 24503669598184
1042740 512 0 24503669876824
1043252 512 0 24503670155465
1043764 512 0 24503670434105
1044276 512 0 24503670712746
1044788 512 0 24503670991386
1045300 512 0 24503671270027
1045812 512 0 24503671548667
1046324 512 0 24503671827308
1046836 512 0 24503672105948
1047348 512 0 24503672384589
1047860 512 0 24503672663229
1048372 512 0 24503672941870
1048884 512 0 24503673220511
1049396 512 0 24503673499149
1049908 512 0 24503673777790
1050420 512 0 24503674056431
1050932 512 0 24503674335071
1051444 512 0 24503674613712
1051956 512 0 24503674892352
1052468 512 0 24503675170993
1052980 512 0 24503675449633
1053492 512 0 24503675728274
1054004 512 0 24503676006914
1054516 512 0 24503676285555
1055028 512 0 24503676564195
1055540 512 0 24503676842836
1056052 512 0 24503677121476
1056564 512 0 24503677400117
1057076 512 0 24503677678757
1057588 512 0 24503677957399
1058100 512 0 24503678236039
1058612 512 0 24503678514680
1059124 512 0 24503678793320
1059636 512 0 24503679071961
1060148 512 0 24503679350601
1060660 512 0 24503679629242
1061172 512 0 24503679907882
1061684 512 0 24503680186523
1062196 512 0 24503680465163
1062708 512 0 24503680743804
1063220 512 0 24503681022444
1063732 512 0 24503681301085
1064244 512 0 24503681579725
1064756 512 0 24503681858366
1065268 512 0 24503682137006
1065780 512 0 24503682415646
1066292 512 0 24503682694287
1066804 512 0 24503682972928
1067316 512 0 24503683251568
1067828 512 0 24503683530209
1068340 512 0 24503683808849
1068852 512 0 24503684087490
1069364 512 0 24503684366130
1069876 512 0 24503684644771
1070388 512 0 24503684923411
1070900 512 0 24503685202052
1071412 512 0 24503685480692
1071924 512 0 24503685759333
1072436 512 0 24503686037973
1072948 512 0 24503686316614
1073460 512 0 24503686595254
1073972 512 0 24503686873894
1074484 512 0 24503687152535
1074996 512 0 24503687431176
1075508 512 0 24503687709816
1076020 512 0 24503687988457
1076532 512 0 24503688267097
1077044 512 0 24503688545738
1077556 512 0 24503688824378
1078068 512 0 24503689103019
1078580 512 0 24503689381659
1079092 512 0 24503689660300
1079604 512 0 24503689938940
1080116 512 0 24503690217581
1080628 512 0 24503690496221
1081140 512 0 24503690774862
1081652 512 0 24503691053502
1082164 512 0 24503691332142
1082676 512 0 24503691610783
1083188 512 0 24503691889423
1083700 512 0 24503692168064
1084212 512 0 24503692446705
1084724 512 0 24503692725345
1085236 512 0 24503693003986
1085748 512 0 24503693282626
1086260 512 0 24503693561267
1086772 512 0 24503693839907
1087284 512 0 24503694118548
1087796 512 0 24503694397188
1088308 512 0 24503694675829
1088820 512 0 24503694954469
1089332 512 0 24503695233110
1089844 512 0 24503695511750
1090356 512 0 24503695790392
1090868 512 0 24503696069032
1091380 512 0 24503696347673
1091892 512 0 24503696626313
1092404 512 0 24503696904954
1092916 512 0 24503697183594
1093428 512 0 24503697462235
1093940 512 0 24503697740875
1094452 512 0 24503698019516
1094964 512 0 24503698298156
1095476 512 0 24503698576797
1095988 512 0 24503698855437
1096500 512 0 24503699134078
1097012 512 0 24503699412718
1097524 512 0 24503699691359
1098036 512 0 24503699969999
1098548 512 0 24503700248639
1099060 512 0 24503700527280
1099572 512 0 24503700805921
1100084 512 0 24503701084561
1100596 512 0 24503701363202
1101108 512 0 24503701641842
1101620 512 0 24503701920483
1102132 512 0 24503702199123
1102644 512 0 24503702477764
1103156 512 0 24503702756404
1103668 512 0 24503703035045
1104180 512 0 24503703313685
1104692 512 0 24503703592326
1105204 512 0 24503703870966
1105716 512 0 24503704149607
1106228 512 0 24503704428247
1106740 512 0 24503704706887
1107252 512 0 24503704985528
1107764 512 0 24503705264169
1108276 512 0 24503705542809
1108788 512 0 24503705821450
1109300 512 0 24503706100090
1109812 512 0 24503706378731
1110324 512 0 24503706657371
1110836 512 0 24503706936012
1111348 512 0 24503707214652
1111860 512 0 24503707493293
1112372 512 0 24503707771933
1112884 512 0 24503708050574
1113396 512 0 24503708329214
1113908 512 0 24503708607855
1114420 512 0 24503708886495
1114932 512 0 24503709165138
1115444 512 0 24503709443778
1115956 512 0 24503709722419
1116468 512 0 24503710001059
1116980 512 0 24503710279700
1117492 512 0 24503710558340
1118004 512 0 24503710836981
1118516 512 0 24503711115621
1119028 512 0 24503711394262
1119540 512 0 24503711672902
1120052 512 0 24503711951543
1120564 512 0 24503712230183
1121076 512 0 24503712508824
1121588 512 0 24503712787464
1122100 512 0 24503713066105
1122612 512 0 24503713344745
1123124 512 0 24503713623386
1123636 512 0 24503713902026
1124148 512 0 24503714180667
1124660 512 0 24503714459307
1125172 512 0 24503714737948
1125684 512 0 24503715016588
1126196 512 0 24503715295229
1126708 512 0 24503715573869
1127220 512 0 24503715852510
1127732 512 0 24503716131150
1128244 512 0 24503716409791
1128756 512 0 24503716688431
1129268 512 0 24503716967072
1129780 512 0 24503717245712
1130292 512 0 24503717524353
1130804 512 0 24503717802993
1131316 512 0 24503718081634
1131828 512 0 24503718360274
1132340 512 0 24503718638915
1132852 512 0 24503718917555
1133364 512 0 24503719196196
1133876 512 0 24503719474836
1134388 512 0 24503719753477
1134900 512 0 24503720032117
1135412 512 0 24503720310758
1135924 512 0 24503720589398
1136436 512 0 24503720868039
1136948 512 0 24503721146679
1137460 512 0 24503721425320
1137972 512 0 24503721703960
1138484 512 0 24503721982601
1138996 512 0 24503722261241
1139508 512 0 24503722539882
1140020 512 0 24503722818522
1140532 512 0 24503723097163
1141044 512 0 24503723375803
1141556 512 0 24503723654444
1142068 512 0 24503723933084
1142580 512 0 24503724211725
1143092 512 0 24503724490365
1143604 512 0 24503724769006
1144116 512 0 24503725047646
1144628 512 0 24503725326287
1145140 512 0 24503725604927
1145652 512 0 24503725883568
1146164 512 0 24503726162208
1146676 512 0 24503726440849
1147188 512 0 24503726719489
1147700 512 0 24503726998129
1148212 512 0 24503727276770
1148724 512 0 24503727555411
1149236 512 0 24503727834051
1149748 512 0 24503728112692
1150260 512 0 24503728391332
1150772 512 0 24503728669973
1151284 512 0 24503728948613
1151796 512 0 24503729227254
1152308 512 0 24503729505894
1152820 512 0 24503729784535
1153332 512 0 24503730063175
1153844 512 0 24503730341816
1154356 512 0 24503730620456
1154868 512 0 24503730899097
1155380 512 0 24503731177737
1155892 512 0 24503731456379
1156404 512 0 24503731735019
1156916 512 0 24503732013660
1157428 512 0 24503732292300
1157940 512 0 24503732570941
1158452 512 0 24503732849581
1158964 512 0 24503733128222
1159476 512 0 24503733406862
1159988 512 0 24503733685503
1160500 512 0 24503733964143
1161012 512 0 24503734242784
1161524 512 0 24503734521424
1162036 512 0 24503734800065
1162548 512 0 24503735078705
1163060 512 0 24503735357346
1163572 512 0 24503735635986
1164084 512 0 24503735914628
1164596 512 0 24503736193268
1165108 512 0 24503736471909
1165620 512 0 24503736750549
1166132 512 0 24503737029190
1166644 512 0 24503737307830
1167156 512 0 24503737586471
1167668 512 0 24503737865111
1168180 512 0 24503738143752
1168692 512 0 24503738422392
1169204 512 0 24503738701033
1169716 512 0 24503738979673
1170228 512 0 24503739258314
1170740 512 0 24503739536954
1171252 512 0 24503739815595
1171764 512 0 24503740094235
1172276 512 0 24503740372876
1172788 512 0 24503740651516
1173300 512 0 24503740930157
1173812 512 0 24503741208797
1174324 512 0 24503741487438
1174836 512 0 24503741766078
1175348 512 0 24503742044719
1175860 512 0 24503742323359
1176372 512 0 24503742602000
1176884 512 0 24503742880640
1177396 512 0 24503743159281
1177908 512 0 24503743437921
1178420 512 0 24503743716562
1178932 512 0 24503743995202
1179444 512 0 24503744273843
1179956 512 0 24503744552483
1180468 512 0 24503744831125
1180980 512 0 24503745109765
1181492 512 0 24503745388406
1182004 512 0 24503745667046
1182516 512 0 24503745945687
1183028 512 0 24503746224327
1183540 512 0 24503746502968
1184052 512 0 24503746781608
1184564 512 0 24503747060249
1185076 512 0 24503747338889
1185588 512 0 24503747617530
1186100 512 0 24503747896170
1186612 512 0 24503748174811
1187124 512 0 24503748453451
1187636 512 0 24503748732092
1188148 512 0 24503749010732
1188660 512 0 24503749289373
1189172 512 0 24503749568013
1189684 512 0 24503749846654
1190196 512 0 24503750125294
1190708 512 0 24503750403935
1191220 512 0 24503750682575
1191732 512 0 24503750961216
1192244 512 0 24503751239856
1192756 512 0 24503751518497
1193268 512 0 24503751797137
1193780 512 0 24503752075778
1194292 512 0 24503752354418
1194804 512 0 24503752633059
1195316 512 0 24503752911699
1195828 512 0 24503753190340
1196340 512 0 24503753468980
1196852 512 0 24503753747621
1197364 512 0 24503754026261
1197876 512 0 24503754304902
1198388 512 0 24503754583542
1198900 512 0 24503754862183
1199412 512 0 24503755140823
1199924 512 0 24503755419464
1200436 512 0 24503755698104
1200948 512 0 24503755976745
1201460 512 0 24503756255385
1201972 512 0 24503756534026
1202484 512 0 24503756812666
1202996 512 0 24503757091307
1203508 512 0 24503757369947
1204020 512 0 24503757648588
1204532 512 0 24503757927228
1205044 512 0 24503758205869
1205556 512 0 24503758484509
1206068 512 0 24503758763150
1206580 512 0 24503759041790
1207092 512 0 24503759320431
1207604 512 0 24503759599071
1208116 512 0 24503759877712
1208628 512 0 24503760156352
1209140 512 0 24503760434993
1209652 512 0 24503760713633
1210164 512 0 24503760992274
1210676 512 0 24503761270914
1211188 512 0 24503761549555
1211700 512 0 24503761828195
1212212 512 0 24503762106836
1212724 512 0 24503762385476
1213236 512 0 24503762664118
1213748 512 0 24503762942758
1214260 512 0 24503763221399
1214772 512 0 24503763500039
1215284 512 0 24503763778680
1215796 512 0 24503764057320
1216308 512 0 24503764335961
1216820 512 0 24503764614601
1217332 512 0 24503764893242
1217844 512 0 24503765171882
1218356 512 0 24503765450523
1218868 512 0 24503765729163
1219380 512 0 24503766007804
1219892 512 0 24503766286444
1220404 512 0 24503766565085
1220916 512 0 24503766843725
1221428 512 0 24503767122366
1221940 512 0 24503767401006
1222452 512 0 24503767679647
1222964 512 0 24503767958287
1223476 512 0 24503768236928
1223988 512 0 24503768515568
1224500 512 0 24503768794209
1225012 512 0 24503769072849
1225524 512 0 24503769351490
1226036 512 0 24503769630130
1226548 512 0 24503769908771
1227060 512 0 24503770187411
1227572 512 0 24503770466052
1228084 512 0 24503770744692
1228596 512 0 24503771023333
1229108 512 0 24503771301973
1229620 512 0 24503771580614
1230132 512 0 24503771859254
1230644 512 0 24503772137895
1231156 512 0 24503772416535
1231668 512 0 24503772695176
1232180 512 0 24503772973816
1232692 512 0 24503773252457
1233204 512 0 24503773531097
1233716 512 0 24503773809738
1234228 512 0 24503774088378
1234740 512 0 24503774367019
1235252 512 0 24503774645659
1235764 512 0 24503774924300
1236276 512 0 24503775202940
1236788 512 0 24503775481581
1237300 512 0 24503775760221
1237812 512 0 24503776038864
1238324 512 0 24503776317504
1238836 512 0 24503776596145
1239348 512 0 24503776874785
1239860 512 0 24503777153426
1240372 512 0 24503777432066
1240884 512 0 24503777710707
1241396 512 0 24503777989347
1241908 512 0 24503778267988
1242420 512 0 24503778546628
1242932 512 0 24503778825269
1243444 512 0 24503779103909
1243956 512 0 24503779382550
1244468 512 0 24503779661190
1244980 512 0 24503779939831
1245492 512 0 24503780218472
1246004 512 0 24503780497111
1246516 512 0 24503780775751
1247028 512 0 24503781054392
1247540 512 0 24503781333032
1248052 512 0 24503781611673
1248564 512 0 24503781890313
1249076 512 0 24503782168954
1249588 512 0 24503782447594
1250100 512 0 24503782726235
1250612 512 0 24503783004875
1251124 512 0 24503783283516
1251636 512 0 24503783562156
1252148 512 0 24503783840797
1252660 512 0 24503784119437
1253172 512 0 24503784398078
1253684 512 0 24503784676718
1254196 512 0 24503784955360
1254708 512 0 24503785234000
1255220 512 0 24503785512641
1255732 512 0 24503785791281
1256244 512 0 24503786069922
1256756 512 0 24503786348562
1257268 512 0 24503786627203
1257780 512 0 24503786905843
1258292 512 0 24503787184484
1258804 512 0 24503787463124
1259316 512 0 24503787741765
1259828 512 0 24503788020405
1260340 512 0 24503788299046
1260852 512 0 24503788577686
1261364 512 0 24503788856327
1261876 512 0 24503789134967
1262388 512 0 24503789413608
1262900 512 0 24503789692248
1263412 512 0 24503789970889
1263924 512 0 24503790249529
1264436 512 0 24503790528170
1264948 512 0 24503790806810
1265460 512 0 24503791085451
1265972 512 0 24503791364091
1266484 512 0 24503791642732
1266996 512 0 24503791921372
1267508 512 0 24503792200013
1268020 512 0 24503792478653
1268532 512 0 24503792757294
1269044 512 0 24503793035934
1269556 512 0 24503793314575
1270068 512 0 24503793593215
1270580 512 0 24503793871856
1271092 512 0 24503794150496
1271604 512 0 24503794429137
1272116 512 0 24503794707777
1272628 512 0 24503794986418
1273140 512 0 24503795265058
1273652 512 0 24503795543699
1274164 512 0 24503795822339
1274676 512 0 24503796100980
1275188 512 0 24503796379620
1275700 512 0 24503796658261
1276212 512 0 24503796936901
1276724 512 0 24503797215542
1277236 512 0 24503797494182
1277748 512 0 24503797772823
1278260 512 0 24503798051463
1278772 512 0 24503798330104
1279284 512 0 24503798608744
1279796 512 0 24503798887385
1280308 512 0 24503799166025
1280820 512 0 24503799444666
1281332 512 0 24503799723306
1281844 512 0 24503800001947
1282356 512 0 24503800280587
1282868 512 0 24503800559228
1283380 512 0 24503800837868
1283892 512 0 24503801116509
1284404 512 0 24503801395149
1284916 512 0 24503801673790
1285428 512 0 24503801952430
1285940 512 0 24503802231071
1286452 512 0 24503802509711
1286964 512 0 24503802788353
1287476 512 0 24503803066993
1287988 512 0 24503803345634
1288500 512 0 24503803624274
1289012 512 0 24503803902915
1289524 512 0 24503804181555
1290036 512 0 24503804460196
1290548 512 0 24503804738836
1291060 512 0 24503805017477
1291572 512 0 24503805296117
1292084 512 0 24503805574758
1292596 512 0 24503805853398
1293108 512 0 24503806132039
1293620 512 0 24503806410679
1294132 512 0 24503806689320
1294644 512 0 24503806967960
1295156 512 0 24503807246602
1295668 512 0 24503807525242
1296180 512 0 24503807803883
1296692 512 0 24503808082523
1297204 512 0 24503808361164
1297716 512 0 24503808639804
1298228 512 0 24503808918445
1298740 512 0 24503809197085
1299252 512 0 24503809475726
1299764 512 0 24503809754366
1300276 512 0 24503810033007
1300788 512 0 24503810311647
1301300 512 0 24503810590288
1301812 512 0 24503810868928
1302324 512 0 24503811147569
1302836 512 0 24503811426209
1303348 512 0 24503811704850
1303860 512 0 24503811983490
1304372 512 0 24503812262131
1304884 512 0 24503812540771
1305396 512 0 24503812819412
1305908 512 0 24503813098052
1306420 512 0 24503813376693
1306932 512 0 24503813655333
1307444 512 0 24503813933974
1307956 512 0 24503814212614
1308468 512 0 24503814491255
1308980 512 0 24503814769895
1309492 512 0 24503815048536
1310004 512 0 24503815327176
1310516 512 0 24503815605817
1311028 512 0 24503815884457
1311540 512 0 24503816163099
1312052 512 0 24503816441739
1312564 512 0 24503816720380
1313076 512 0 24503816999020
1313588 512 0 24503817277661
1314100 512 0 24503817556301
1314612 512 0 24503817834942
1315124 512 0 24503818113582
1315636 512 0 24503818392223
1316148 512 0 24503818670863
1316660 512 0 24503818949504
1317172 512 0 24503819228144
1317684 512 0 24503819506785
1318196 512 0 24503819785425
1318708 512 0 24503820064066
1319220 512 0 24503820342706
1319732 512 0 24503820621347
1320244 512 0 24503820899987
1320756 512 0 24503821178628
1321268 512 0 24503821457268
1321780 512 0 24503821735909
1322292 512 0 24503822014549
1322804 512 0 24503822293190
1323316 512 0 24503822571830
1323828 512 0 24503822850471
1324340 512 0 24503823129111
1324852 512 0 24503823407752
1325364 512 0 24503823686392
1325876 512 0 24503823965033
1326388 512 0 24503824243673
1326900 512 0 24503824522314
1327412 512 0 24503824800954
1327924 512 0 24503825079597
1328436 512 0 24503825358237
1328948 512 0 24503825636878
1329460 512 0 24503825915518
1329972 512 0 24503826194159
1330484 512 0 24503826472799
1330996 512 0 24503826751440
1331508 512 0 24503827030080
1332020 512 0 24503827308721
1332532 512 0 24503827587361
1333044 512 0 24503827866002
1333556 512 0 24503828144642
1334068 512 0 24503828423283
1334580 512 0 24503828701924
1335092 512 0 24503828980564
1335604 512 0 24503829259205
1336116 512 0 24503829537846
1336628 512 0 24503829816486
1337140 512 0 24503830095127
1337652 512 0 24503830373767
1338164 512 0 24503830652408
1338676 512 0 24503830931048
1339188 512 0 24503831209689
1339700 512 0 24503831488329
1340212 512 0 24503831766970
1340724 512 0 24503832045610
1341236 512 0 24503832324251
1341748 512 0 24503832602892
1342260 512 0 24503832881532
1342772 512 0 24503833160173
1343284 512 0 24503833438813
1343796 512 0 24503833717454
1344308 512 0 24503833996094
1344820 512 0 24503834274734
1345332 512 0 24503834553375
1345844 512 0 24503834832015
1346356 512 0 24503835110656
1346868 512 0 24503835389296
1347380 512 0 24503835667937
1347892 512 0 24503835946577
1348404 512 0 24503836225218
1348916 512 0 24503836503858
1349428 512 0 24503836782499
1349940 512 0 24503837061139
1350452 512 0 24503837339780
1350964 512 0 24503837618421
1351476 512 0 24503837897061
1351988 512 0 24503838175702
1352500 512 0 24503838454342
1353012 512 0 24503838732982
1353524 512 0 24503839011623
1354036 512 0 24503839290263
1354548 512 0 24503839568904
1355060 512 0 24503839847544
1355572 512 0 24503840126185
1356084 512 0 24503840404825
1356596 512 0 24503840683466
1357108 512 0 24503840962106
1357620 512 0 24503841240747
1358132 512 0 24503841519387
1358644 512 0 24503841798028
1359156 512 0 24503842076669
1359668 512 0 24503842355309
1360180 512 0 24503842633950
1360692 512 0 24503842912591
1361204 512 0 24503843191231
1361716 512 0 24503843469872
1362228 512 0 24503843748512
1362740 512 0 24503844027153
1363252 512 0 24503844305793
1363764 512 0 24503844584434
1364276 512 0 24503844863074
1364788 512 0 24503845141715
1365300 512 0 24503845420355
1365812 512 0 24503845698996
1366324 512 0 24503845977637
1366836 512 0 24503846256277
1367348 512 0 24503846534918
1367860 512 0 24503846813558
1368372 512 0 24503847092199
1368884 512 0 24503847370839
1369396 512 0 24503847649479
1369908 512 0 24503847928120
1370420 512 0 24503848206760
1370932 512 0 24503848485401
1371444 512 0 24503848764041
1371956 512 0 24503849042682
1372468 512 0 24503849321322
1372980 512 0 24503849599963
1373492 512 0 24503849878603
1374004 512 0 24503850157244
1374516 512 0 24503850435884
1375028 512 0 24503850714525
1375540 512 0 24503850993166
1376052 512 0 24503851271806
1376564 512 0 24503851550447
1377076 512 0 24503851829087
1377588 512 0 24503852107727
1378100 512 0 24503852386368
1378612 512 0 24503852665008
1379124 512 0 24503852943649
1379636 512 0 24503853222289
1380148 512 0 24503853500930
1380660 512 0 24503853779570
1381172 512 0 24503854058211
1381684 512 0 24503854336851
1382196 512 0 24503854615492
1382708 512 0 24503854894132
1383220 512 0 24503855172773
1383732 512 0 24503855451413
1384244 512 0 24503855730054
1384756 512 0 24503856008695
1385268 512 0 24503856287336
1385780 512 0 24503856565976
1386292 512 0 24503856844617
1386804 512 0 24503857123257
1387316 512 0 24503857401898
1387828 512 0 24503857680538
1388340 512 0 24503857959179
1388852 512 0 24503858237819
1389364 512 0 24503858516460
1389876 512 0 24503858795100
1390388 512 0 24503859073741
1390900 512 0 24503859352381
1391412 512 0 24503859631022
1391924 512 0 24503859909663
1392436 512 0 24503860188303
1392948 512 0 24503860466944
1393460 512 0 24503860745584
1393972 512 0 24503861024224
1394484 512 0 24503861302865
1394996 512 0 24503861581505
1395508 512 0 24503861860146
1396020 512 0 24503862138786
1396532 512 0 24503862417427
1397044 512 0 24503862696067
1397556 512 0 24503862974708
1398068 512 0 24503863253348
1398580 512 0 24503863531989
1399092 512 0 24503863810629
1399604 512 0 24503864089270
1400116 512 0 24503864367910
1400628 512 0 24503864646551
1401140 512 0 24503864925192
1401652 512 0 24503865203833
1402164 512 0 24503865482473
1402676 512 0 24503865761114
1403188 512 0 24503866039754
1403700 512 0 24503866318395
1404212 512 0 24503866597035
1404724 512 0 24503866875676
1405236 512 0 24503867154316
1405748 512 0 24503867432957
1406260 512 0 24503867711597
1406772 512 0 24503867990238
1407284 512 0 24503868268878
1407796 512 0 24503868547519
1408308 512 0 24503868826160
1408820 512 0 24503869104800
1409332 512 0 24503869383441
1409844 512 0 24503869662080
1410356 512 0 24503869940720
1410868 512 0 24503870219361
1411380 512 0 24503870498001
1411892 512 0 24503870776642
1412404 512 0 24503871055282
1412916 512 0 24503871333923
1413428 512 0 24503871612563
1413940 512 0 24503871891204
1414452 512 0 24503872169844
1414964 512 0 24503872448485
1415476 512 0 24503872727125
1415988 512 0 24503873005766
1416500 512 0 24503873284406
1417012 512 0 24503873563047
1417524 512 0 24503873841687
1418036 512 0 24503874120330
1418548 512 0 24503874398970
1419060 512 0 24503874677611
1419572 512 0 24503874956251
1420084 512 0 24503875234892
1420596 512 0 24503875513532
1421108 512 0 24503875792173
1421620 512 0 24503876070813
1422132 512 0 24503876349454
1422644 512 0 24503876628094
1423156 512 0 24503876906735
1423668 512 0 24503877185376
1424180 512 0 24503877464016
1424692 512 0 24503877742657
1425204 512 0 24503878021297
1425716 512 0 24503878299938
1426228 512 0 24503878578578
1426740 512 0 24503878857218
1427252 512 0 24503879135859
1427764 512 0 24503879414499
1428276 512 0 24503879693140
1428788 512 0 24503879971780
1429300 512 0 24503880250421
1429812 512 0 24503880529061
1430324 512 0 24503880807702
1430836 512 0 24503881086342
1431348 512 0 24503881364983
1431860 512 0 24503881643623
1432372 512 0 24503881922264
1432884 512 0 24503882200905
1433396 512 0 24503882479545
1433908 512 0 24503882758186
1434420 512 0 24503883036826
1434932 512 0 24503883315466
1435444 512 0 24503883594107
1435956 512 0 24503883872747
1436468 512 0 24503884151388
1436980 512 0 24503884430028
1437492 512 0 24503884708669
1438004 512 0 24503884987309
1438516 512 0 24503885265950
1439028 512 0 24503885544590
1439540 512 0 24503885823231
1440052 512 0 24503886101871
1440564 512 0 24503886380512
1441076 512 0 24503886659152
1441588 512 0 24503886937793
1442100 512 0 24503887216434
1442612 512 0 24503887495075
1443124 512 0 24503887773715
1443636 512 0 24503888052356
1444148 512 0 24503888330996
1444660 512 0 24503888609637
1445172 512 0 24503888888277
1445684 512 0 24503889166918
1446196 512 0 24503889445558
1446708 512 0 24503889724199
1447220 512 0 24503890002839
1447732 512 0 24503890281480
1448244 512 0 24503890560120
1448756 512 0 24503890838761
1449268 512 0 24503891117402
1449780 512 0 24503891396042
1450292 512 0 24503891674683
1450804 512 0 24503891953323
1451316 512 0 24503892231963
1451828 512 0 24503892510604
1452340 512 0 24503892789244
1452852 512 0 24503893067885
1453364 512 0 24503893346525
1453876 512 0 24503893625166
1454388 512 0 24503893903806
1454900 512 0 24503894182447
1455412 512 0 24503894461087
1455924 512 0 24503894739728
1456436 512 0 24503895018368
1456948 512 0 24503895297009
1457460 512 0 24503895575649
1457972 512 0 24503895854290
1458484 512 0 24503896132931
1458996 512 0 24503896411572
1459508 512 0 24503896690212
1460020 512 0 24503896968853
1460532 512 0 24503897247493
1461044 512 0 24503897526134
1461556 512 0 24503897804774
1462068 512 0 24503898083415
1462580 512 0 24503898362055
1463092 512 0 24503898640696
1463604 512 0 24503898919336
1464116 512 0 24503899197977
1464628 512 0 24503899476617
1465140 512 0 24503899755258
1465652 512 0 24503900033899
1466164 512 0 24503900312539
1466676 512 0 24503900591180
1467188 512 0 24503900869821
1467700 512 0 24503901148461
1468212 512 0 24503901427102
1468724 512 0 24503901705742
1469236 512 0 24503901984383
1469748 512 0 24503902263023
1470260 512 0 24503902541664
1470772 512 0 24503902820304
1471284 512 0 24503903098945
1471796 512 0 24503903377585
1472308 512 0 24503903656226
1472820 512 0 24503903934867
1473332 512 0 24503904213507
1473844 512 0 24503904492148
1474356 512 0 24503904770788
1474868 512 0 24503905049429
1475380 512 0 24503905328069
1475892 512 0 24503905606709
1476404 512 0 24503905885350
1476916 512 0 24503906163990
1477428 512 0 24503906442631
1477940 512 0 24503906721271
1478452 512 0 24503906999912
1478964 512 0 24503907278552
1479476 512 0 24503907557193
1479988 512 0 24503907835833
1480500 512 0 24503908114474
1481012 512 0 24503908393114
1481524 512 0 24503908671755
1482036 512 0 24503908950396
1482548 512 0 24503909229036
1483060 512 0 24503909507677
1483572 512 0 24503909786318
1484084 512 0 24503910064958
1484596 512 0 24503910343599
1485108 512 0 24503910622239
1485620 512 0 24503910900880
1486132 512 0 24503911179520
1486644 512 0 24503911458161
1487156 512 0 24503911736801
1487668 512 0 24503912015442
1488180 512 0 24503912294082
1488692 512 0 24503912572723
1489204 512 0 24503912851364
1489716 512 0 24503913130004
1490228 512 0 24503913408645
1490740 512 0 24503913687285
1491252 512 0 24503913965926
1491764 512 0 24503914244566
1492276 512 0 24503914523206
1492788 512 0 24503914801847
1493300 512 0 24503915080487
1493812 512 0 24503915359128
1494324 512 0 24503915637768
1494836 512 0 24503915916409
1495348 512 0 24503916195049
1495860 512 0 24503916473690
1496372 512 0 24503916752330
1496884 512 0 24503917030971
1497396 512 0 24503917309611
1497908 512 0 24503917588252
1498420 512 0 24503917866893
1498932 512 0 24503918145533
1499444 512 0 24503918424174
1499956 512 0 24503918702815
1500468 512 0 24503918981455
1500980 512 0 24503919260096
1501492 512 0 24503919538736
1502004 512 0 24503919817377
1502516 512 0 24503920096017
1503028 512 0 24503920374658
1503540 512 0 24503920653298
1504052 512 0 24503920931939
1504564 512 0 24503921210579
1505076 512 0 24503921489220
1505588 512 0 24503921767861
1506100 512 0 24503922046501
1506612 512 0 24503922325142
1507124 512 0 24503922603782
1507636 512 0 24503922882423
1508148 512 0 24503923161064
1508660 512 0 24503923439704
1509172 512 0 24503923718345
1509684 512 0 24503923996985
1510196 512 0 24503924275626
1510708 512 0 24503924554266
1511220 512 0 24503924832907
1511732 512 0 24503925111547
1512244 512 0 24503925390188
1512756 512 0 24503925668829
1513268 512 0 24503925947469
1513780 512 0 24503926226110
1514292 512 0 24503926504750
1514804 512 0 24503926783391
1515316 512 0 24503927062031
1515828 512 0 24503927340672
1516340 512 0 24503927619312
1516852 512 0 24503927897952
1517364 512 0 24503928176593
1517876 512 0 24503928455233
1518388 512 0 24503928733874
1518900 512 0 24503929012514
1519412 512 0 24503929291155
1519924 512 0 24503929569795
1520436 512 0 24503929848436
1520948 512 0 24503930127076
1521460 512 0 24503930405717
1521972 512 0 24503930684358
1522484 512 0 24503930962998
1522996 512 0 24503931241639
1523508 512 0 24503931520279
1524020 512 0 24503931798920
1524532 512 0 24503932077561
1525044 512 0 24503932356201
1525556 512 0 24503932634842
1526068 512 0 24503932913482
1526580 512 0 24503933192123
1527092 512 0 24503933470763
1527604 512 0 24503933749404
1528116 512 0 24503934028044
1528628 512 0 24503934306685
1529140 512 0 24503934585326
1529652 512 0 24503934863966
1530164 512 0 24503935142607
1530676 512 0 24503935421247
1531188 512 0 24503935699888
1531700 512 0 24503935978528
1532212 512 0 24503936257169
1532724 512 0 24503936535811
1533236 512 0 24503936814451
1533748 512 0 24503937093092
1534260 512 0 24503937371732
1534772 512 0 24503937650373
1535284 512 0 24503937929014
1535796 512 0 24503938207654
1536308 512 0 24503938486295
1536820 512 0 24503938764935
1537332 512 0 24503939043576
1537844 512 0 24503939322216
1538356 512 0 24503939600857
1538868 512 0 24503939879497
1539380 512 0 24503940158138
1539892 512 0 24503940436778
1540404 512 0 24503940715419
1540916 512 0 24503940994062
1541428 512 0 24503941272702
1541940 512 0 24503941551343
1542452 512 0 24503941829984
1542964 512 0 24503942108624
1543476 512 0 24503942387265
1543988 512 0 24503942665905
1544500 512 0 24503942944546
1545012 512 0 24503943223186
1545524 512 0 24503943501827
1546036 512 0 24503943780467
1546548 512 0 24503944059108
1547060 512 0 24503944337748
1547572 512 0 24503944616389
1548084 512 0 24503944895030
1548596 512 0 24503945173670
1549108 512 0 24503945452311
1549620 512 0 24503945730952
1550132 512 0 24503946009592
1550644 512 0 24503946288233
1551156 512 0 24503946566873
1551668 512 0 24503946845514
1552180 512 0 24503947124154
1552692 512 0 24503947402795
1553204 512 0 24503947681435
1553716 512 0 24503947960076
1554228 512 0 24503948238716
1554740 512 0 24503948517357
1555252 512 0 24503948795998
1555764 512 0 24503949074638
1556276 512 0 24503949353279
1556788 512 0 24503949631919
1557300 512 0 24503949910560
1557812 512 0 24503950189201
1558324 512 0 24503950467841
1558836 512 0 24503950746482
1559348 512 0 24503951025122
1559860 512 0 24503951303763
1560372 512 0 24503951582403
1560884 512 0 24503951861044
1561396 512 0 24503952139684
1561908 512 0 24503952418325
1562420 512 0 24503952696965
1562932 512 0 24503952975606
1563444 512 0 24503953254247
1563956 512 0 24503953532887
1564468 512 0 24503953811528
1564980 512 0 24503954090168
1565492 512 0 24503954368809
1566004 512 0 24503954647450
1566516 512 0 24503954926090
1567028 512 0 24503955204731
1567540 512 0 24503955483371
1568052 512 0 24503955762012
1568564 512 0 24503956040652
1569076 512 0 24503956319293
1569588 512 0 24503956597933
1570100 512 0 24503956876574
1570612 512 0 24503957155214
1571124 512 0 24503957433855
1571636 512 0 24503957712496
1572148 512 0 24503957991136
1572660 512 0 24503958269777
1573172 512 0 24503958548417
1573684 512 0 24503958827058
1574196 512 0 24503959105699
1574708 512 0 24503959384339
1575220 512 0 24503959662980
1575732 512 0 24503959941620
1576244 512 0 24503960220261
1576756 512 0 24503960498901
1577268 512 0 24503960777542
1577780 512 0 24503961056182
1578292 512 0 24503961334823
1578804 512 0 24503961613463
1579316 512 0 24503961892104
1579828 512 0 24503962170745
1580340 512 0 24503962449385
1580852 512 0 24503962728026
1581364 512 0 24503963006666
1581876 512 0 24503963285308
1582388 512 0 24503963563949
1582900 512 0 24503963842589
1583412 512 0 24503964121230
1583924 512 0 24503964399870
1584436 512 0 24503964678511
1584948 512 0 24503964957151
1585460 512 0 24503965235792
1585972 512 0 24503965514432
1586484 512 0 24503965793073
1586996 512 0 24503966071714
1587508 512 0 24503966350354
1588020 512 0 24503966628995
1588532 512 0 24503966907635
1589044 512 0 24503967186276
1589556 512 0 24503967464916
1590068 512 0 24503967743557
1590580 512 0 24503968022198
1591092 512 0 24503968300838
1591604 512 0 24503968579479
1592116 512 0 24503968858119
1592628 512 0 24503969136760
1593140 512 0 24503969415400
1593652 512 0 24503969694041
1594164 512 0 24503969972682
1594676 512 0 24503970251322
1595188 512 0 24503970529963
1595700 512 0 24503970808603
1596212 512 0 24503971087244
1596724 512 0 24503971365884
1597236 512 0 24503971644525
1597748 512 0 24503971923165
1598260 512 0 24503972201807
1598772 512 0 24503972480448
1599284 512 0 24503972759088
1599796 512 0 24503973037729
1600308 512 0 24503973316369
1600820 512 0 24503973595010
1601332 512 0 24503973873650
1601844 512 0 24503974152291
1602356 512 0 24503974430932
1602868 512 0 24503974709572
1603380 512 0 24503974988213
1603892 512 0 24503975266853
1604404 512 0 24503975545494
1604916 512 0 24503975824134
1605428 512 0 24503976102775
1605940 512 0 24503976381415
1606452 512 0 24503976660057
1606964 512 0 24503976938698
1607476 512 0 24503977217338
1607988 512 0 24503977495979
1608500 512 0 24503977774619
1609012 512 0 24503978053260
1609524 512 0 24503978331901
1610036 512 0 24503978610541
1610548 512 0 24503978889182
1611060 512 0 24503979167822
1611572 512 0 24503979446463
1612084 512 0 24503979725103
1612596 512 0 24503980003744
1613108 512 0 24503980282384
1613620 512 0 24503980561025
1614132 512 0 24503980839666
1614644 512 0 24503981118305
1615156 512 0 24503981396946
1615668 512 0 24503981675586
1616180 512 0 24503981954227
1616692 512 0 24503982232867
1617204 512 0 24503982511508
1617716 512 0 24503982790149
1618228 512 0 24503983068789
1618740 512 0 24503983347430
1619252 512 0 24503983626070
1619764 512 0 24503983904711
1620276 512 0 24503984183351
1620788 512 0 24503984461992
1621300 512 0 24503984740632
1621812 512 0 24503985019273
1622324 512 0 24503985297914
1622836 512 0 24503985576554
1623348 512 0 24503985855195
1623860 512 0 24503986133835
1624372 512 0 24503986412476
1624884 512 0 24503986691116
1625396 512 0 24503986969757
1625908 512 0 24503987248398
1626420 512 0 24503987527038
1626932 512 0 24503987805679
1627444 512 0 24503988084319
1627956 512 0 24503988362960
1628468 512 0 24503988641600
1628980 512 0 24503988920241
1629492 512 0 24503989198881
1630004 512 0 24503989477522
1630516 512 0 24503989756163
1631028 512 0 24503990034803
1631540 512 0 24503990313444
1632052 512 0 24503990592084
1632564 512 0 24503990870725
1633076 512 0 24503991149365
1633588 512 0 24503991428006
1634100 512 0 24503991706647
1634612 512 0 24503991985287
1635124 512 0 24503992263928
1635636 512 0 24503992542568
1636148 512 0 24503992821209
1636660 512 0 24503993099849
1637172 512 0 24503993378490
1637684 512 0 24503993657130
1638196 512 0 24503993935771
1638708 512 0 24503994214412
1639220 512 0 24503994493051
1639732 512 0 24503994771692
1640244 512 0 24503995050332
1640756 512 0 24503995328973
1641268 512 0 24503995607613
1641780 512 0 24503995886254
1642292 512 0 24503996164894
1642804 512 0 24503996443535
1643316 512 0 24503996722176
1643828 512 0 24503997000816
1644340 512 0 24503997279457
1644852 512 0 24503997558097
1645364 512 0 24503997836738
1645876 512 0 24503998115378
1646388 512 0 24503998394019
1646900 512 0 24503998672659
1647412 512 0 24503998951299
1647924 512 0 24503999229940
1648436 512 0 24503999508580
1648948 512 0 24503999787221
1649460 512 0 24504000065861
1649972 512 0 24504000344502
1650484 512 0 24504000623142
1650996 512 0 24504000901783
1651508 512 0 24504001180423
1652020 512 0 24504001459064
1652532 512 0 24504001737705
1653044 512 0 24504002016345
1653556 512 0 24504002294986
1654068 512 0 24504002573626
1654580 512 0 24504002852267
1655092 512 0 24504003130907
1655604 512 0 24504003409548
1656116 512 0 24504003688189
1656628 512 0 24504003966829
1657140 512 0 24504004245470
1657652 512 0 24504004524110
1658164 512 0 24504004802751
1658676 512 0 24504005081391
1659188 512 0 24504005360032
1659700 512 0 24504005638673
1660212 512 0 24504005917313
1660724 512 0 24504006195954
1661236 512 0 24504006474594
1661748 512 0 24504006753235
1662260 512 0 24504007031875
1662772 512 0 24504007310516
1663284 512 0 24504007589156
1663796 512 0 24504007867796
1664308 512 0 24504008146437
1664820 512 0 24504008425077
1665332 512 0 24504008703718
1665844 512 0 24504008982358
1666356 512 0 24504009260999
1666868 512 0 24504009539639
1667380 512 0 24504009818280
1667892 512 0 24504010096920
1668404 512 0 24504010375561
1668916 512 0 24504010654202
1669428 512 0 24504010932842
1669940 512 0 24504011211483
1670452 512 0 24504011490123
1670964 512 0 24504011768764
1671476 512 0 24504012047404
1671988 512 0 24504012326047
1672500 512 0 24504012604688
1673012 512 0 24504012883328
1673524 512 0 24504013161969
1674036 512 0 24504013440609
1674548 512 0 24504013719250
1675060 512 0 24504013997891
1675572 512 0 24504014276531
1676084 512 0 24504014555172
1676596 512 0 24504014833812
1677108 512 0 24504015112453
1677620 512 0 24504015391093
1678132 512 0 24504015669734
1678644 512 0 24504015948374
1679156 512 0 24504016227015
1679668 512 0 24504016505656
1680180 512 0 24504016784295
1680692 512 0 24504017062936
1681204 512 0 24504017341576
1681716 512 0 24504017620217
1682228 512 0 24504017898857
1682740 512 0 24504018177498
1683252 512 0 24504018456138
1683764 512 0 24504018734779
1684276 512 0 24504019013420
1684788 512 0 24504019292060
1685300 512 0 24504019570701
1685812 512 0 24504019849341
1686324 512 0 24504020127982
1686836 512 0 24504020406622
1687348 512 0 24504020685263
1687860 512 0 24504020963903
1688372 512 0 24504021242543
1688884 512 0 24504021521184
1689396 512 0 24504021799824
1689908 512 0 24504022078465
1690420 512 0 24504022357105
1690932 512 0 24504022635746
1691444 512 0 24504022914386
1691956 512 0 24504023193027
1692468 512 0 24504023471667
1692980 512 0 24504023750308
1693492 512 0 24504024028949
1694004 512 0 24504024307589
1694516 512 0 24504024586230
1695028 512 0 24504024864870
1695540 512 0 24504025143511
1696052 512 0 24504025422151
1696564 512 0 24504025700792
1697076 512 0 24504025979433
1697588 512 0 24504026258073
1698100 512 0 24504026536714
1698612 512 0 24504026815354
1699124 512 0 24504027093995
1699636 512 0 24504027372635
1700148 512 0 24504027651276
1700660 512 0 24504027929916
1701172 512 0 24504028208557
1701684 512 0 24504028487198
1702196 512 0 24504028765838
1702708 512 0 24504029044479
1703220 512 0 24504029323119
1703732 512 0 24504029601760
1704244 512 0 24504029880400
1704756 512 0 24504030159040
1705268 512 0 24504030437681
1705780 512 0 24504030716321
1706292 512 0 24504030994962
1706804 512 0 24504031273602
1707316 512 0 24504031552243
1707828 512 0 24504031830883
1708340 512 0 24504032109524
1708852 512 0 24504032388164
1709364 512 0 24504032666805
1709876 512 0 24504032945446
1710388 512 0 24504033224086
1710900 512 0 24504033502727
1711412 512 0 24504033781367
1711924 512 0 24504034060008
1712436 512 0 24504034338648
1712948 512 0 24504034617290
1713460 512 0 24504034895931
1713972 512 0 24504035174571
1714484 512 0 24504035453212
1714996 512 0 24504035731852
1715508 512 0 24504036010493
1716020 512 0 24504036289133
1716532 512 0 24504036567774
1717044 512 0 24504036846415
1717556 512 0 24504037125055
1718068 512 0 24504037403696
1718580 512 0 24504037682336
1719092 512 0 24504037960977
1719604 512 0 24504038239617
1720116 512 0 24504038518258
1720628 512 0 24504038796898
1721140 512 0 24504039075545
1721652 512 0 24504039354186
1722164 512 0 24504039632827
1722676 512 0 24504039911467
1723188 512 0 24504040190108
1723700 512 0 24504040468748
1724212 512 0 24504040747389
1724724 512 0 24504041026029
1725236 512 0 24504041304670
1725748 512 0 24504041583311
1726260 512 0 24504041861951
1726772 512 0 24504042140592
1727284 512 0 24504042419232
1727796 512 0 24504042697873
1728308 512 0 24504042976513
1728820 512 0 24504043255154
1729332 512 0 24504043533797
1729844 512 0 24504043812437
1730356 512 0 24504044091078
1730868 512 0 24504044369718
1731380 512 0 24504044648359
1731892 512 0 24504044926999
1732404 512 0 24504045205640
1732916 512 0 24504045484281
1733428 512 0 24504045762921
1733940 512 0 24504046041562
1734452 512 0 24504046320202
1734964 512 0 24504046598843
1735476 512 0 24504046877483
1735988 512 0 24504047156124
1736500 512 0 24504047434765
1737012 512 0 24504047713405
1737524 512 0 24504047992048
1738036 512 0 24504048270688
1738548 512 0 24504048549329
1739060 512 0 24504048827969
1739572 512 0 24504049106610
1740084 512 0 24504049385251
1740596 512 0 24504049663891
1741108 512 0 24504049942532
1741620 512 0 24504050221172
1742132 512 0 24504050499813
1742644 512 0 24504050778453
1743156 512 0 24504051057094
1743668 512 0 24504051335735
1744180 512 0 24504051614375
